1 191.106448986 16.7969723417
2 191.108490652 16.7969445639
3 191.110615653 16.797055675
4 191.112615653 16.797055675
5 191.114615653 16.7970834528
6 191.116740653 16.7970278972
7 191.118823987 16.7971390083
8 191.120823986 16.797055675
9 191.122865653 16.7971667861
10 191.124948987 16.7971390083
11 191.126990654 16.7971945639
12 191.12903232 16.7972223417
13 191.13103232 16.7972223417
14 191.133115654 16.7971945639
15 191.105532308 16.7952223417
16 191.107490642 16.7952501194
17 191.109532309 16.795305675
18 191.111573976 16.7953612306
19 191.113615642 16.795305675
20 191.115740642 16.795305675
21 191.117782309 16.795305675
22 191.119823976 16.7953334528
23 191.121865643 16.7954167861
24 191.123823976 16.7954167861
25 191.125948976 16.7953890083
26 191.127990643 16.7954445639
27 191.130073976 16.7954723417
28 191.13215731 16.7954723417
29 191.13415731 16.7954723417
30 191.106490631 16.793555675
31 191.108490632 16.7935834528
32 191.110573965 16.7935278972
33 191.112615632 16.7936112306
34 191.114698965 16.793555675
35 191.116782298 16.7936112306
36 191.118782299 16.7937223417
37 191.120865632 16.7937223417
38 191.122907299 16.7936390083
39 191.124990633 16.7937501194
40 191.127032299 16.7937223417
41 191.128990632 16.7936945639
42 191.131157299 16.7937501194
43 191.1331573 16.793805675
44 191.105448954 16.7918334528
45 191.107532288 16.7918612306
46 191.109573954 16.7918612306
47 191.111657288 16.7918890083
48 191.113698955 16.7919167861
49 191.115698955 16.7919167861
50 191.117823955 16.7919167861
51 191.119865622 16.7919723417
52 191.121948955 16.7919445639
53 191.123990622 16.7919723417
54 191.126032289 16.7920278972
55 191.128032289 16.7920001194
56 191.130073955 16.7920001194
57 191.132157289 16.7920834528
58 191.134240622 16.7920278972
59 191.106532277 16.7901667861
60 191.108573944 16.7901667861
61 191.110657278 16.7902223417
62 191.112698944 16.7901945639
63 191.114657278 16.7902501194
64 191.116782278 16.7901945639
65 191.118823945 16.7902501194
66 191.120907278 16.790305675
67 191.122907278 16.7903334528
68 191.124990612 16.7903334528
69 191.127115612 16.7903612306
70 191.129115612 16.7903612306
71 191.131157279 16.7903612306
72 191.133240612 16.7903612306
73 191.105532267 16.7884723417
74 191.107532267 16.7884445639
75 191.109573934 16.7884723417
76 191.111698934 16.7884723417
77 191.113740601 16.7885001194
78 191.115782267 16.7885001194
79 191.117865601 16.7885834528
80 191.119865601 16.7885834528
81 191.121948934 16.7885834528
82 191.124032268 16.7885834528
83 191.126073935 16.7886112306
84 191.128115601 16.788555675
85 191.130115601 16.7886112306
86 191.132198935 16.7886390083
87 191.134240602 16.7886945639
88 191.106532256 16.7866945639
89 191.108573923 16.7867223417
90 191.110657257 16.786805675
91 191.112698923 16.7867501194
92 191.11474059 16.7867778972
93 191.11686559 16.7868334528
94 191.11886559 16.7868334528
95 191.12086559 16.786805675
96 191.122990591 16.7868890083
97 191.125073924 16.7868334528
98 191.127073924 16.7869167861
99 191.129157258 16.7869723417
100 191.131198924 16.7869445639
101 191.133157258 16.7870001194
102 191.105573913 16.7850001194
103 191.107615579 16.7850001194
104 191.109657246 16.785055675
105 191.11174058 16.7851112306
106 191.113782247 16.7851390083
107 191.115823913 16.7850834528
108 191.11786558 16.7851112306
109 191.11986558 16.7851667861
110 191.122032247 16.7851390083
111 191.12399058 16.7851945639
112 191.126032247 16.7852501194
113 191.128157247 16.7851945639
114 191.13011558 16.7851667861
115 191.132282247 16.7852223417
116 191.134282247 16.7852223417
117 191.106573902 16.7833334528
118 191.108615569 16.7833334528
119 191.110698902 16.7833334528
120 191.112698902 16.7833334528
121 191.114782236 16.7834167861
122 191.11686557 16.7835001194
123 191.118823903 16.7834723417
124 191.120907236 16.7834445639
125 191.123032237 16.7834723417
126 191.125073904 16.7835278972
127 191.127073904 16.7835278972
128 191.129157237 16.783555675
129 191.131198904 16.783555675
130 191.13324057 16.783555675
131 191.105615559 16.7816390083
132 191.107657226 16.7816667861
133 191.109740559 16.7817223417
134 191.111782225 16.7816390083
135 191.113823892 16.7816667861
136 191.115823893 16.7817223417
137 191.117907226 16.7816945639
138 191.119948893 16.7817501194
139 191.122032226 16.7817501194
140 191.124073893 16.781805675
141 191.126157226 16.781805675
142 191.12811556 16.781805675
143 191.130198893 16.7818334528
144 191.132282227 16.7818612306
145 191.134323894 16.7818890083
146 191.106657214 16.7798334528
147 191.108657215 16.7798890083
148 191.110698882 16.7799445639
149 191.112740548 16.7799445639
150 191.114865549 16.7799723417
151 191.116865549 16.7800278972
152 191.118948882 16.7799723417
153 191.121032216 16.7800834528
154 191.123032216 16.780055675
155 191.125073882 16.7800278972
156 191.127115549 16.780055675
157 191.129157216 16.7801390083
158 191.131157216 16.7801390083
159 191.133282216 16.7801112306
160 191.105573871 16.7782223417
161 191.107657204 16.7781945639
162 191.109740538 16.7782223417
163 191.111782205 16.7782501194
164 191.113865538 16.7782501194
165 191.115907205 16.7782778972
166 191.117990538 16.7782778972
167 191.119990539 16.7783612306
168 191.122032205 16.7783612306
169 191.124157206 16.7784167861
170 191.126115539 16.7783612306
171 191.128198872 16.7784167861
172 191.130240539 16.7784445639
173 191.132323872 16.7783334528
174 191.134365539 16.7783890083
175 191.106615528 16.776555675
176 191.108657194 16.776555675
177 191.110740528 16.7765834528
178 191.112823861 16.7765278972
179 191.114865528 16.7765834528
180 191.116948862 16.7766667861
181 191.118990528 16.7766390083
182 191.121073862 16.7766667861
183 191.123073862 16.7766390083
184 191.125115529 16.7767223417
185 191.127157195 16.7766667861
186 191.129198862 16.7767501194
187 191.131282196 16.7767778972
188 191.133282196 16.7767501194
189 191.10569885 16.7747501194
190 191.107740517 16.7747778972
191 191.109740517 16.7748334528
192 191.111823851 16.7748334528
193 191.113865518 16.7748890083
194 191.115907184 16.7748890083
195 191.117948851 16.7748890083
196 191.120032185 16.7749445639
197 191.122032185 16.7749445639
198 191.124115518 16.7749445639
199 191.126198852 16.7750278972
200 191.128240518 16.7749723417
201 191.130323852 16.7750001194
202 191.132282185 16.7750001194
203 191.134365519 16.7751112306
204 191.106657173 16.7730834528
205 191.10869884 16.7730834528
206 191.110782174 16.7731390083
207 191.11282384 16.7731390083
208 191.114865507 16.7731667861
209 191.116948841 16.7731945639
210 191.118907174 16.7731667861
211 191.12107384 16.7731390083
212 191.123032174 16.7732223417
213 191.125157174 16.7732501194
214 191.127115508 16.773305675
215 191.129240508 16.7732778972
216 191.131323841 16.773305675
217 191.133365508 16.773305675
218 191.105657163 16.7713612306
219 191.107740496 16.7713612306
220 191.10982383 16.7713890083
221 191.111782163 16.7714167861
222 191.113865497 16.7714445639
223 191.115907163 16.7714723417
224 191.11794883 16.7714445639
225 191.120032164 16.7715001194
226 191.12207383 16.7715001194
227 191.124157164 16.7715001194
228 191.126157164 16.771555675
229 191.128240498 16.7716112306
230 191.130282165 16.7716390083
231 191.132365498 16.7715834528
232 191.134365498 16.7716112306
233 191.106657153 16.7696945639
234 191.108698819 16.7696945639
235 191.11082382 16.769805675
236 191.112907153 16.7696945639
237 191.11494882 16.769805675
238 191.11694882 16.7697501194
239 191.11894882 16.769805675
240 191.121032153 16.769805675
241 191.123115487 16.7697778972
242 191.12519882 16.7698334528
243 191.127282154 16.7698612306
244 191.129282154 16.7698890083
245 191.131323821 16.7699445639
246 191.133407154 16.7699723417
