1 194.182939217 25.8262223417
2 194.185105883 25.8261667861
3 194.187355884 25.8262778972
4 194.189522551 25.8262778972
5 194.191605885 25.826305675
6 194.193897551 25.8262501194
7 194.196105885 25.8263612306
8 194.198230884 25.8262778972
9 194.200397552 25.8263890083
10 194.202605885 25.8263612306
11 194.204772553 25.8264445639
12 194.206939219 25.8264445639
13 194.209105886 25.8264445639
14 194.211272552 25.8264167861
15 194.181939198 25.8244445639
16 194.184022532 25.8244723417
17 194.186230866 25.824555675
18 194.188397533 25.8245834528
19 194.1905642 25.824555675
20 194.192814199 25.8245278972
21 194.194980866 25.8245278972
22 194.197147533 25.824555675
23 194.199314201 25.8246390083
24 194.201439201 25.8246390083
25 194.2036892 25.8246112306
26 194.205855867 25.8246667861
27 194.208064201 25.8246945639
28 194.210314201 25.8246945639
29 194.212397534 25.8246945639
30 194.182980848 25.822805675
31 194.185105848 25.8228334528
32 194.187314181 25.8227501194
33 194.189480848 25.8228334528
34 194.191689181 25.822805675
35 194.193897515 25.8228334528
36 194.196064183 25.8229445639
37 194.198272516 25.8229445639
38 194.200439182 25.8228890083
39 194.202647517 25.8230001194
40 194.20485585 25.8229445639
41 194.206939183 25.8229167861
42 194.209189183 25.8229723417
43 194.211355851 25.823055675
44 194.18185583 25.821055675
45 194.18410583 25.8210834528
46 194.186272497 25.8210834528
47 194.188480831 25.8211112306
48 194.190647497 25.8211390083
49 194.192772498 25.8211667861
50 194.195022497 25.8211390083
51 194.197230831 25.8211945639
52 194.199397498 25.8211945639
53 194.201605831 25.8211945639
54 194.203772499 25.8212501194
55 194.205897499 25.8212501194
56 194.208064165 25.8212223417
57 194.210272499 25.821305675
58 194.212480832 25.8212501194
59 194.18302248 25.8194167861
60 194.185189146 25.8194167861
61 194.187439147 25.8194445639
62 194.189564146 25.8194167861
63 194.191689147 25.8194723417
64 194.193939147 25.8194445639
65 194.196105813 25.8194723417
66 194.198314147 25.8195278972
67 194.200439148 25.8195834528
68 194.202647481 25.819555675
69 194.204897481 25.8195834528
70 194.207064148 25.8195834528
71 194.209230815 25.8196112306
72 194.211439148 25.8195834528
73 194.181939128 25.8176945639
74 194.184064128 25.8176945639
75 194.186272462 25.8176945639
76 194.188522462 25.8177223417
77 194.190730795 25.8177223417
78 194.192855796 25.8177501194
79 194.195064129 25.817805675
80 194.19718913 25.8178334528
81 194.199397463 25.817805675
82 194.201647463 25.817805675
83 194.203772463 25.8178334528
84 194.205980796 25.817805675
85 194.208105797 25.8178612306
86 194.21031413 25.8178890083
87 194.212480797 25.8179167861
88 194.183022443 25.8159445639
89 194.18518911 25.8159445639
90 194.187397444 25.8160278972
91 194.189564111 25.8160001194
92 194.191772444 25.8160278972
93 194.194022445 25.816055675
94 194.196105778 25.8160834528
95 194.198272445 25.816055675
96 194.200564112 25.8161112306
97 194.202730778 25.8160834528
98 194.204855779 25.8161390083
99 194.207064113 25.8161945639
100 194.209272446 25.8161667861
101 194.21135578 25.8162501194
102 194.182022426 25.8142223417
103 194.184147426 25.8142223417
104 194.186355759 25.8142778972
105 194.188564093 25.8143334528
106 194.19073076 25.8143612306
107 194.192897427 25.8143334528
108 194.19510576 25.8143334528
109 194.197230761 25.8143890083
110 194.19948076 25.8143612306
111 194.201605761 25.8144167861
112 194.203730762 25.8144723417
113 194.206022428 25.8144167861
114 194.208105761 25.8144167861
115 194.210397428 25.8144445639
116 194.212522428 25.8144445639
117 194.183064075 25.812555675
118 194.185272408 25.812555675
119 194.187480742 25.8125834528
120 194.189605742 25.8125834528
121 194.191814076 25.8126390083
122 194.19402241 25.8127223417
123 194.196105743 25.8126945639
124 194.198314076 25.8126667861
125 194.200564077 25.8127223417
126 194.202730744 25.8127778972
127 194.204855744 25.8127501194
128 194.207105744 25.8127778972
129 194.209272411 25.8127778972
130 194.211439077 25.8127778972
131 194.182022391 25.8108612306
132 194.184189058 25.8108890083
133 194.186439058 25.8109445639
134 194.188605724 25.8108890083
135 194.190772391 25.8108890083
136 194.192897392 25.8109723417
137 194.195105725 25.8109167861
138 194.197272392 25.8109723417
139 194.199522392 25.8109723417
140 194.201689059 25.8110278972
141 194.203855726 25.811055675
142 194.205980726 25.811055675
143 194.208189059 25.811055675
144 194.21043906 25.8110834528
145 194.21256406 25.8111112306
146 194.183147372 25.8090834528
147 194.185272372 25.8091112306
148 194.18743904 25.8091667861
149 194.189605707 25.8091945639
150 194.191855707 25.8092223417
151 194.194022374 25.8092501194
152 194.196230707 25.8092223417
153 194.198439041 25.809305675
154 194.200605708 25.809305675
155 194.202730707 25.8092501194
156 194.204939041 25.8092778972
157 194.207064042 25.8093612306
158 194.209230708 25.8093612306
159 194.211480708 25.8093612306
160 194.182022355 25.8074445639
161 194.184230688 25.8074445639
162 194.186439022 25.8074445639
163 194.188605689 25.8074723417
164 194.190814022 25.8074723417
165 194.192980689 25.8075001194
166 194.195189023 25.8075278972
167 194.19735569 25.8075834528
168 194.199522357 25.8076112306
169 194.201772357 25.8076390083
170 194.203814023 25.8075834528
171 194.206064024 25.8076390083
172 194.208230691 25.8076945639
173 194.210439023 25.8075834528
174 194.212647357 25.8076390083
175 194.183147338 25.8057778972
176 194.185272338 25.805805675
177 194.187522338 25.805805675
178 194.189689004 25.8057501194
179 194.191897338 25.805805675
180 194.194064006 25.8058890083
181 194.196272339 25.8058612306
182 194.198480672 25.8058890083
183 194.200605672 25.8058612306
184 194.20277234 25.8059445639
185 194.204980673 25.8059167861
186 194.20714734 25.8059723417
187 194.209355673 25.8060001194
188 194.211480673 25.8059723417
189 194.182147319 25.8039723417
190 194.18427232 25.8040278972
191 194.186438987 25.804055675
192 194.18864732 25.8040834528
193 194.190855654 25.8041112306
194 194.192980654 25.8041390083
195 194.195188987 25.8041112306
196 194.197355654 25.8041667861
197 194.199522321 25.8041667861
198 194.201730654 25.8041667861
199 194.203938989 25.8042778972
200 194.206105655 25.8041945639
201 194.208313989 25.8042501194
202 194.210397322 25.8042501194
203 194.212647323 25.8043334528
204 194.183147302 25.8023334528
205 194.185313968 25.802305675
206 194.187522302 25.8023612306
207 194.189688969 25.8023890083
208 194.191855636 25.8024167861
209 194.194105637 25.8024445639
210 194.196188969 25.8023890083
211 194.198480636 25.8023890083
212 194.200605637 25.8024445639
213 194.202855637 25.8024723417
214 194.204897304 25.8025278972
215 194.207188971 25.8025278972
216 194.209397304 25.8025278972
217 194.211563971 25.8025278972
218 194.182105617 25.8005834528
219 194.184313951 25.8005834528
220 194.186563951 25.8006390083
221 194.188605618 25.8006390083
222 194.190855618 25.8006945639
223 194.192980618 25.8006945639
224 194.195188951 25.8006667861
225 194.197397285 25.8007223417
226 194.199522286 25.8007501194
227 194.201772285 25.8007223417
228 194.203897286 25.8007778972
229 194.20610562 25.8008334528
230 194.208313953 25.8008612306
231 194.21048062 25.8008334528
232 194.21260562 25.8008334528
233 194.183147267 25.7989167861
234 194.1853556 25.7989167861
235 194.187563934 25.7990278972
236 194.189772267 25.7989167861
237 194.191980601 25.7990278972
238 194.194105601 25.7989723417
239 194.196230601 25.7990278972
240 194.198438934 25.7990278972
241 194.200647267 25.7990001194
242 194.202855601 25.799055675
243 194.205105602 25.7990834528
244 194.207230602 25.7991112306
245 194.209355603 25.7991667861
246 194.211605603 25.7991945639
