1 248.423548944 57.2659445639
2 248.427132275 57.2658890083
3 248.430840614 57.2660001194
4 248.434423947 57.2660001194
5 248.437965616 57.2660278972
6 248.441757279 57.2659723417
7 248.445423952 57.2660834528
8 248.448965614 57.2660001194
9 248.452548954 57.2661112306
10 248.456257285 57.2660834528
11 248.459840623 57.2661667861
12 248.463465623 57.2661667861
13 248.467048957 57.2661667861
14 248.470673957 57.2661667861
15 248.421840512 57.2641667861
16 248.425298848 57.2642223417
17 248.428965518 57.2642778972
18 248.432548855 57.2643334528
19 248.436215518 57.2642778972
20 248.439923852 57.2642778972
21 248.44354885 57.2642501194
22 248.447132185 57.2642778972
23 248.450757191 57.2643890083
24 248.454257191 57.2643890083
25 248.45800719 57.2643612306
26 248.461673859 57.2644167861
27 248.465298859 57.2644167861
28 248.469048859 57.2644167861
29 248.472507193 57.2644167861
30 248.423590421 57.2625278972
31 248.427132089 57.262555675
32 248.430798751 57.2624723417
33 248.434423757 57.2625834528
34 248.438048754 57.2625278972
35 248.441757089 57.262555675
36 248.445340429 57.2626667861
37 248.449007095 57.2626667861
38 248.452590426 57.2626112306
39 248.456340432 57.2627223417
40 248.459965429 57.2626667861
41 248.463423762 57.2626667861
42 248.467215432 57.2627223417
43 248.470798768 57.2627778972
44 248.421715324 57.2607778972
45 248.425423658 57.260805675
46 248.429006992 57.260805675
47 248.432715327 57.2608334528
48 248.436340328 57.2608612306
49 248.439881996 57.2608890083
50 248.443590328 57.2608612306
51 248.447298665 57.2609167861
52 248.450923665 57.2609167861
53 248.454590331 57.2609167861
54 248.458173668 57.2609723417
55 248.461715334 57.2609723417
56 248.465340334 57.2609723417
57 248.468965337 57.2610278972
58 248.472715334 57.2609723417
59 248.423590232 57.2591390083
60 248.427298566 57.2591390083
61 248.430965234 57.2591667861
62 248.434548566 57.2591390083
63 248.438048569 57.2591945639
64 248.441798567 57.2591667861
65 248.445423569 57.2591945639
66 248.449048572 57.2592501194
67 248.452631908 57.259305675
68 248.456298573 57.2592778972
69 248.460048575 57.259305675
70 248.463673575 57.259305675
71 248.46725691 57.2593334528
72 248.470965243 57.2593334528
73 248.421840137 57.2574167861
74 248.425381803 57.2574167861
75 248.42904847 57.2574167861
76 248.432756805 57.2574445639
77 248.436423473 57.2574723417
78 248.440006806 57.2574723417
79 248.443673476 57.2575278972
80 248.447215144 57.257555675
81 248.450923478 57.257555675
82 248.454590143 57.2575278972
83 248.458215144 57.257555675
84 248.46188181 57.2575278972
85 248.465423479 57.2575834528
86 248.469048481 57.2576112306
87 248.472673482 57.2576390083
88 248.423673373 57.2556667861
89 248.427298373 57.2556667861
90 248.430965044 57.2557501194
91 248.434548376 57.2557223417
92 248.438173377 57.2557501194
93 248.441923379 57.2557778972
94 248.445465047 57.255805675
95 248.449048379 57.2557778972
96 248.452798384 57.2558612306
97 248.45642338 57.255805675
98 248.459965052 57.2558890083
99 248.463673387 57.2559167861
100 248.467340052 57.2558890083
101 248.47079839 57.2559723417
102 248.421964945 57.2539723417
103 248.425548277 57.2539445639
104 248.429214947 57.2540001194
105 248.43283995 57.254055675
106 248.436464951 57.2540834528
107 248.44008995 57.254055675
108 248.44371495 57.254055675
109 248.447298286 57.2541112306
110 248.451048285 57.2540834528
111 248.454548289 57.2541667861
112 248.458131624 57.2541945639
113 248.461923289 57.2541667861
114 248.465423288 57.2541390083
115 248.469214956 57.2541667861
116 248.472756623 57.2541667861
117 248.423714853 57.252305675
118 248.427381518 57.2522778972
119 248.431048186 57.252305675
120 248.434589853 57.252305675
121 248.438256522 57.2523612306
122 248.441923194 57.2524445639
123 248.445423194 57.2524445639
124 248.449089857 57.2523890083
125 248.45283986 57.2524445639
126 248.456464863 57.2525001194
127 248.460006528 57.2524723417
128 248.463714863 57.2525001194
129 248.467339863 57.2525001194
130 248.47088153 57.2525001194
131 248.422006423 57.2505834528
132 248.425631425 57.2506112306
133 248.429298095 57.2506667861
134 248.432923092 57.2506112306
135 248.436548092 57.2506112306
136 248.44013143 57.2506945639
137 248.443756427 57.2506390083
138 248.44738143 57.2506945639
139 248.451089763 57.2506945639
140 248.454714766 57.2507501194
141 248.458339768 57.2507778972
142 248.461881434 57.2507778972
143 248.465548101 57.2507778972
144 248.469256436 57.250805675
145 248.472798104 57.2508334528
146 248.423839658 57.248805675
147 248.427381326 57.2488334528
148 248.431006329 57.2488890083
149 248.434631331 57.2489167861
150 248.438381332 57.2489445639
151 248.441923001 57.2489723417
152 248.445589666 57.2489445639
153 248.449298004 57.2490278972
154 248.452881337 57.2490278972
155 248.456464667 57.2489723417
156 248.46008967 57.2490278972
157 248.463673008 57.2491112306
158 248.467214673 57.2490834528
159 248.47100634 57.2490834528
160 248.421964569 57.2471945639
161 248.425631234 57.2471667861
162 248.429339567 57.2471667861
163 248.432922903 57.2472223417
164 248.436631235 57.2471945639
165 248.44021457 57.2472223417
166 248.443881238 57.2472501194
167 248.447506241 57.247305675
168 248.451089576 57.2473334528
169 248.454839578 57.2473612306
170 248.45829791 57.2473334528
171 248.461964578 57.2473612306
172 248.465589581 57.2474167861
173 248.469297908 57.247305675
174 248.472922911 57.2473612306
175 248.423839474 57.2455001194
176 248.427422809 57.2455278972
177 248.431131143 57.2455278972
178 248.434756139 57.2454723417
179 248.438381144 57.245555675
180 248.442047815 57.2456390083
181 248.445672814 57.2456112306
182 248.449381149 57.2456390083
183 248.452922812 57.2455834528
184 248.45650615 57.2456667861
185 248.460172815 57.2456390083
186 248.463797819 57.2456945639
187 248.467464487 57.2457223417
188 248.471006153 57.2457223417
189 248.422172707 57.2436945639
190 248.425756044 57.2437501194
191 248.429381047 57.243805675
192 248.433006047 57.243805675
193 248.436672715 57.2438334528
194 248.440214383 57.2438612306
195 248.443881048 57.2438334528
196 248.447506053 57.2439167861
197 248.451089385 57.2438890083
198 248.45479772 57.2439167861
199 248.458464391 57.2440001194
200 248.462047721 57.2439445639
201 248.465714389 57.2439723417
202 248.469172723 57.2439723417
203 248.472922727 57.244055675
204 248.423839283 57.242055675
205 248.427505948 57.2420278972
206 248.431172618 57.2420834528
207 248.434755953 57.2421112306
208 248.438380954 57.2421390083
209 248.442089289 57.2421667861
210 248.445547619 57.2421112306
211 248.449380953 57.2421112306
212 248.452880956 57.2421667861
213 248.456630959 57.2422223417
214 248.460089294 57.2422501194
215 248.463839294 57.2422501194
216 248.467547627 57.2422501194
217 248.47113096 57.2422501194
218 248.422130853 57.240305675
219 248.425797521 57.2403334528
220 248.429505856 57.2403612306
221 248.432922524 57.2403890083
222 248.436672525 57.2404167861
223 248.440255859 57.2404167861
224 248.443880857 57.2403890083
225 248.447547528 57.2404723417
226 248.451130862 57.2404723417
227 248.45488086 57.2404445639
228 248.458380865 57.2405278972
229 248.4620892 57.240555675
230 248.465714201 57.2405834528
231 248.4693392 57.240555675
232 248.472880866 57.240555675
233 248.42388076 57.2386390083
234 248.42750576 57.2386390083
235 248.431214099 57.2387501194
236 248.434922428 57.2386667861
237 248.438589101 57.2387778972
238 248.442089096 57.2386945639
239 248.445672433 57.2387501194
240 248.449297433 57.2387501194
241 248.453005766 57.2387501194
242 248.456672434 57.2387778972
243 248.460380771 57.2388334528
244 248.463880771 57.2388334528
245 248.467505774 57.2388890083
246 248.471172442 57.2389167861
