1 248.423505732 57.2381390083
2 248.427130729 57.2380834528
3 248.430839069 57.2381945639
4 248.434422402 57.2381945639
5 248.437922403 57.2382223417
6 248.441714067 57.2381667861
7 248.44538074 57.2382778972
8 248.448922402 57.2381945639
9 248.452505741 57.238305675
10 248.45625574 57.2382778972
11 248.459797411 57.2383612306
12 248.463422411 57.2383612306
13 248.467005745 57.2383612306
14 248.47067241 57.2383334528
15 248.421838967 57.2363612306
16 248.425297302 57.2363890083
17 248.428963973 57.2364723417
18 248.432547308 57.2365001194
19 248.436213973 57.2364723417
20 248.439922305 57.2364445639
21 248.443547305 57.2364445639
22 248.44713064 57.2364723417
23 248.450713979 57.2365834528
24 248.454255644 57.236555675
25 248.458005643 57.2365278972
26 248.461630646 57.2365834528
27 248.465297314 57.2366112306
28 248.469005647 57.2366112306
29 248.472463981 57.2366112306
30 248.423588876 57.2347223417
31 248.427130544 57.2347501194
32 248.430755539 57.2346667861
33 248.434422212 57.2347778972
34 248.438047209 57.2347223417
35 248.441755544 57.2347501194
36 248.445338884 57.2348612306
37 248.44900555 57.2348612306
38 248.45258888 57.234805675
39 248.45629722 57.2349167861
40 248.459922217 57.2348612306
41 248.463380549 57.2348334528
42 248.467172218 57.2348890083
43 248.470755556 57.2349723417
44 248.421713779 57.2329723417
45 248.425422114 57.2330001194
46 248.429005447 57.2330001194
47 248.432713782 57.2330278972
48 248.436297117 57.233055675
49 248.439880451 57.2330834528
50 248.443588783 57.233055675
51 248.447255453 57.2331112306
52 248.450880453 57.2331112306
53 248.45454712 57.2331112306
54 248.458130456 57.2331667861
55 248.461672123 57.2331667861
56 248.465297121 57.2331390083
57 248.468922126 57.2332223417
58 248.472672123 57.2331667861
59 248.423588688 57.2313334528
60 248.427255354 57.2313334528
61 248.430963689 57.2313612306
62 248.434547021 57.2313334528
63 248.438047024 57.2313890083
64 248.441755356 57.2313612306
65 248.445380357 57.2313890083
66 248.449047027 57.2314445639
67 248.452588697 57.2315001194
68 248.456297029 57.2314723417
69 248.46004703 57.2315001194
70 248.463630364 57.2315001194
71 248.467213698 57.2315278972
72 248.47092203 57.2315001194
73 248.421838592 57.2296112306
74 248.425380259 57.2296112306
75 248.429046925 57.2296112306
76 248.43275526 57.2296390083
77 248.436421929 57.2296667861
78 248.440005262 57.2296667861
79 248.443671932 57.2297223417
80 248.4472136 57.2297501194
81 248.450880266 57.2297501194
82 248.454588598 57.2297223417
83 248.458171933 57.2297501194
84 248.461838598 57.2297223417
85 248.465380268 57.2297778972
86 248.46900527 57.229805675
87 248.472630271 57.2298334528
88 248.423630162 57.2278612306
89 248.427255162 57.2278612306
90 248.430921833 57.2279445639
91 248.434505165 57.2279167861
92 248.438171833 57.2279445639
93 248.441921834 57.2279723417
94 248.445421836 57.2280001194
95 248.449005168 57.2279723417
96 248.452796838 57.2280278972
97 248.456421836 57.2280001194
98 248.459963506 57.228055675
99 248.463630176 57.2281112306
100 248.467296841 57.2280834528
101 248.470755179 57.2281667861
102 248.421963399 57.2261390083
103 248.425546733 57.2261390083
104 248.429213402 57.2261945639
105 248.432838406 57.2262501194
106 248.436463407 57.2262778972
107 248.440088406 57.2262501194
108 248.443713406 57.2262501194
109 248.447255075 57.226305675
110 248.45104674 57.2262778972
111 248.454546744 57.2263334528
112 248.458088413 57.2263890083
113 248.461880077 57.2263334528
114 248.465380077 57.2263334528
115 248.469171745 57.2263612306
116 248.472713412 57.2263612306
117 248.423713307 57.2244723417
118 248.427379974 57.2244723417
119 248.431046642 57.2245001194
120 248.434588308 57.2245001194
121 248.438254978 57.224555675
122 248.44192165 57.2246390083
123 248.44542165 57.2246390083
124 248.449046646 57.2245834528
125 248.45279665 57.2246390083
126 248.456421653 57.2246945639
127 248.459963318 57.2246667861
128 248.463671653 57.2246945639
129 248.467296653 57.2246945639
130 248.470879986 57.2246945639
131 248.42200488 57.2227778972
132 248.425629881 57.222805675
133 248.429296551 57.2228612306
134 248.432879881 57.222805675
135 248.436546548 57.222805675
136 248.440088219 57.2228890083
137 248.443754883 57.2228334528
138 248.447379886 57.2228890083
139 248.451088219 57.2228890083
140 248.454671556 57.2229445639
141 248.458338224 57.2229723417
142 248.461838224 57.2229723417
143 248.46550489 57.2229723417
144 248.469213225 57.2230001194
145 248.472754893 57.2230278972
146 248.423838114 57.2210001194
147 248.427379783 57.2210278972
148 248.431004786 57.2210834528
149 248.43458812 57.2211112306
150 248.438379789 57.2211390083
151 248.441921457 57.2211667861
152 248.445588122 57.2211390083
153 248.449254793 57.2212223417
154 248.452838127 57.2212223417
155 248.456421457 57.2211667861
156 248.46004646 57.2212223417
157 248.463629796 57.2212778972
158 248.46721313 57.2212778972
159 248.47096313 57.2212778972
160 248.421963023 57.2193612306
161 248.42562969 57.2193612306
162 248.429338023 57.2193612306
163 248.432921358 57.2193890083
164 248.436588025 57.2193890083
165 248.440213027 57.2194167861
166 248.443879695 57.2194445639
167 248.447463031 57.2195001194
168 248.451088033 57.2195278972
169 248.454838034 57.219555675
170 248.458254698 57.2195001194
171 248.461963034 57.219555675
172 248.465546371 57.2196112306
173 248.469254698 57.2195001194
174 248.472879701 57.219555675
175 248.423837931 57.2176945639
176 248.427421266 57.2177223417
177 248.431129599 57.2177223417
178 248.434754596 57.2176667861
179 248.438379599 57.2177223417
180 248.44204627 57.217805675
181 248.445671269 57.2177778972
182 248.449337939 57.2178334528
183 248.452921269 57.2177778972
184 248.45646294 57.2178612306
185 248.460129605 57.2178334528
186 248.463754608 57.2178890083
187 248.467421277 57.2179167861
188 248.470962942 57.2178890083
189 248.422171164 57.2158890083
190 248.425754501 57.2159445639
191 248.429337835 57.2159723417
192 248.432962837 57.2160001194
193 248.436629505 57.2160278972
194 248.44021284 57.216055675
195 248.443837839 57.2160278972
196 248.447504508 57.2160834528
197 248.451087842 57.2160834528
198 248.45475451 57.2161112306
199 248.458421181 57.2161945639
200 248.46200451 57.2161112306
201 248.465712846 57.2161667861
202 248.46917118 57.2161667861
203 248.472879518 57.2162501194
204 248.42383774 57.2142501194
205 248.427504405 57.2142223417
206 248.431129408 57.2142778972
207 248.43475441 57.214305675
208 248.438379411 57.2143334528
209 248.442087746 57.2143612306
210 248.445546076 57.214305675
211 248.44937941 57.214305675
212 248.452837746 57.2143612306
213 248.456629414 57.2143890083
214 248.460046084 57.2144445639
215 248.463796084 57.2144445639
216 248.467504417 57.2144445639
217 248.471087751 57.2144445639
218 248.42212931 57.2125001194
219 248.425795976 57.2125001194
220 248.429504313 57.212555675
221 248.432920979 57.212555675
222 248.436629316 57.2126112306
223 248.440254316 57.2126112306
224 248.443837648 57.2125834528
225 248.447545984 57.2126390083
226 248.451087652 57.2126667861
227 248.454837651 57.2126390083
228 248.45837932 57.2126945639
229 248.46204599 57.2127501194
230 248.465670992 57.2127778972
231 248.469337657 57.2127501194
232 248.472837657 57.2127501194
233 248.423879217 57.2108334528
234 248.427504217 57.2108334528
235 248.431212557 57.2109445639
236 248.434879219 57.2108612306
237 248.43854589 57.2109445639
238 248.442087554 57.2108890083
239 248.445629223 57.2109445639
240 248.449254223 57.2109445639
241 248.452962555 57.2109167861
242 248.456629225 57.2109723417
243 248.46033756 57.2110001194
244 248.463879228 57.2110278972
245 248.467462564 57.2110834528
246 248.471129233 57.2111112306
