1 191.077448986 16.7969723417
2 191.079490652 16.7969445639
3 191.081573986 16.797055675
4 191.083615653 16.797055675
5 191.085615653 16.7970834528
6 191.087740653 16.7970278972
7 191.089823987 16.7971390083
8 191.091823986 16.797055675
9 191.093823987 16.7971667861
10 191.095948987 16.7971390083
11 191.097948987 16.7971945639
12 191.099990654 16.7972223417
13 191.10203232 16.7972223417
14 191.104073987 16.7971945639
15 191.076490642 16.7952223417
16 191.078448975 16.7952501194
17 191.080532309 16.795305675
18 191.082532309 16.7953612306
19 191.084615642 16.795305675
20 191.086698975 16.795305675
21 191.088740642 16.795305675
22 191.090782309 16.7953334528
23 191.092823976 16.7954167861
24 191.094823976 16.7954167861
25 191.096948976 16.7953890083
26 191.098990643 16.7954445639
27 191.10103231 16.7954723417
28 191.10315731 16.7954723417
29 191.105115643 16.7954723417
30 191.077490631 16.793555675
31 191.079490632 16.7935834528
32 191.081532298 16.7935278972
33 191.083615632 16.7936112306
34 191.085657298 16.793555675
35 191.087740632 16.7936112306
36 191.089782299 16.7937223417
37 191.091823966 16.7937223417
38 191.093865632 16.7936390083
39 191.095990633 16.7937501194
40 191.098032299 16.7937223417
41 191.099990632 16.7936945639
42 191.102115633 16.7937501194
43 191.1041573 16.793805675
44 191.076448954 16.7918334528
45 191.078532288 16.7918612306
46 191.080532288 16.7918612306
47 191.082615621 16.7918890083
48 191.084657288 16.7919167861
49 191.086698955 16.7919167861
50 191.088782288 16.7919167861
51 191.090865622 16.7919723417
52 191.092907288 16.7919445639
53 191.094990622 16.7919723417
54 191.096990622 16.7920278972
55 191.099032289 16.7920001194
56 191.101073955 16.7920001194
57 191.103115622 16.7920834528
58 191.105240622 16.7920278972
59 191.077490611 16.7901667861
60 191.079573944 16.7901667861
61 191.081657278 16.7902223417
62 191.083657278 16.7901945639
63 191.085657278 16.7902501194
64 191.087740611 16.7901945639
65 191.089823945 16.7902501194
66 191.091865612 16.790305675
67 191.093907278 16.7903334528
68 191.095948945 16.7903334528
69 191.098073945 16.7903612306
70 191.100115612 16.7903612306
71 191.102157279 16.7903612306
72 191.104240612 16.7903612306
73 191.0764906 16.7884723417
74 191.0784906 16.7884445639
75 191.080573934 16.7884723417
76 191.082657267 16.7884723417
77 191.084740601 16.7885001194
78 191.086782267 16.7885001194
79 191.088823934 16.7885834528
80 191.090823934 16.7885834528
81 191.092907268 16.7885834528
82 191.094990601 16.7885834528
83 191.097032268 16.7886112306
84 191.099115601 16.788555675
85 191.101115601 16.7886112306
86 191.103157268 16.7886390083
87 191.105198935 16.7886945639
88 191.077532256 16.7866945639
89 191.079573923 16.7867223417
90 191.081657257 16.786805675
91 191.083657257 16.7867501194
92 191.08574059 16.7867778972
93 191.087823924 16.7868334528
94 191.089823924 16.7868334528
95 191.09186559 16.786805675
96 191.093990591 16.7868890083
97 191.096032257 16.7868334528
98 191.098032258 16.7869167861
99 191.100115591 16.7869723417
100 191.102198924 16.7869445639
101 191.104157258 16.7870001194
102 191.076573913 16.7850001194
103 191.078573913 16.7850001194
104 191.080657246 16.785055675
105 191.082698913 16.7851112306
106 191.08474058 16.7851390083
107 191.086782246 16.7850834528
108 191.08886558 16.7851112306
109 191.09086558 16.7851667861
110 191.09299058 16.7851390083
111 191.09499058 16.7851945639
112 191.096990581 16.7852501194
113 191.09911558 16.7851945639
114 191.10111558 16.7851667861
115 191.103240581 16.7852223417
116 191.105282247 16.7852223417
117 191.077532236 16.7833334528
118 191.079615569 16.7833334528
119 191.081698902 16.7833334528
120 191.083698902 16.7833334528
121 191.085782236 16.7834167861
122 191.087823903 16.7835001194
123 191.089823903 16.7834723417
124 191.09186557 16.7834445639
125 191.09399057 16.7834723417
126 191.096073904 16.7835278972
127 191.098032237 16.7835278972
128 191.100157237 16.783555675
129 191.102198904 16.783555675
130 191.104198904 16.783555675
131 191.076573892 16.7816390083
132 191.078615559 16.7816667861
133 191.080698893 16.7817223417
134 191.082740559 16.7816390083
135 191.084782226 16.7816667861
136 191.086823893 16.7817223417
137 191.088865559 16.7816945639
138 191.090907226 16.7817501194
139 191.093032226 16.7817501194
140 191.095073893 16.781805675
141 191.09711556 16.781805675
142 191.09911556 16.781805675
143 191.101198893 16.7818334528
144 191.103282227 16.7818612306
145 191.105282227 16.7818890083
146 191.077615548 16.7798334528
147 191.079615548 16.7798890083
148 191.081657215 16.7799445639
149 191.083698882 16.7799445639
150 191.085823882 16.7799723417
151 191.087823882 16.7800278972
152 191.089907215 16.7799723417
153 191.091990549 16.7800834528
154 191.094032216 16.780055675
155 191.096032216 16.7800278972
156 191.098115549 16.780055675
157 191.10011555 16.7801390083
158 191.102157216 16.7801390083
159 191.104282216 16.7801112306
160 191.076573871 16.7782223417
161 191.078615538 16.7781945639
162 191.080740538 16.7782223417
163 191.082740538 16.7782501194
164 191.084823871 16.7782501194
165 191.086865538 16.7782778972
166 191.088948872 16.7782778972
167 191.090990539 16.7783612306
168 191.093032205 16.7783612306
169 191.095157206 16.7784167861
170 191.097073872 16.7783612306
171 191.099157206 16.7784167861
172 191.101198873 16.7784445639
173 191.103282205 16.7783334528
174 191.105365539 16.7783890083
175 191.077615528 16.776555675
176 191.079657194 16.776555675
177 191.081740528 16.7765834528
178 191.083782194 16.7765278972
179 191.085823861 16.7765834528
180 191.087907195 16.7766667861
181 191.089948862 16.7766390083
182 191.092032195 16.7766667861
183 191.094073862 16.7766390083
184 191.096073862 16.7767223417
185 191.098157195 16.7766667861
186 191.100198862 16.7767501194
187 191.102282196 16.7767778972
188 191.104282196 16.7767501194
189 191.07669885 16.7747501194
190 191.07869885 16.7747778972
191 191.080740517 16.7748334528
192 191.082782184 16.7748334528
193 191.084865518 16.7748890083
194 191.086865518 16.7748890083
195 191.088948851 16.7748890083
196 191.090990518 16.7749445639
197 191.093032185 16.7749445639
198 191.095115518 16.7749445639
199 191.097157185 16.7750278972
200 191.099198851 16.7749723417
201 191.101282185 16.7750001194
202 191.103240518 16.7750001194
203 191.105365519 16.7751112306
204 191.077615507 16.7730834528
205 191.07969884 16.7730834528
206 191.081740507 16.7731390083
207 191.083782174 16.7731390083
208 191.08582384 16.7731667861
209 191.087948841 16.7731945639
210 191.089865507 16.7731667861
211 191.09207384 16.7731390083
212 191.094032174 16.7732223417
213 191.096157174 16.7732501194
214 191.098073841 16.773305675
215 191.100198841 16.7732778972
216 191.102323841 16.773305675
217 191.104365508 16.773305675
218 191.076657163 16.7713612306
219 191.078740496 16.7713612306
220 191.08082383 16.7713890083
221 191.082740496 16.7714167861
222 191.084865497 16.7714445639
223 191.086907163 16.7714723417
224 191.08894883 16.7714445639
225 191.091032164 16.7715001194
226 191.093032164 16.7715001194
227 191.095157164 16.7715001194
228 191.097157164 16.771555675
229 191.099240498 16.7716112306
230 191.101282165 16.7716390083
231 191.103323831 16.7715834528
232 191.105323831 16.7716112306
233 191.077615486 16.7696945639
234 191.079698819 16.7696945639
235 191.081782153 16.769805675
236 191.083865486 16.7696945639
237 191.08594882 16.769805675
238 191.08794882 16.7697501194
239 191.08994882 16.769805675
240 191.091990487 16.769805675
241 191.094115487 16.7697778972
242 191.096157154 16.7698334528
243 191.098240487 16.7698612306
244 191.100240487 16.7698890083
245 191.102282154 16.7699445639
246 191.104365488 16.7699723417
