1 194.213814205 25.8251112306
2 194.215980872 25.825055675
3 194.218189206 25.8251945639
4 194.220355873 25.8251945639
5 194.222480873 25.8251945639
6 194.224772539 25.8251390083
7 194.226980874 25.8252778972
8 194.229105873 25.8251667861
9 194.231230874 25.825305675
10 194.233480874 25.8252501194
11 194.235647541 25.8253334528
12 194.237814208 25.8253612306
13 194.239939208 25.8253334528
14 194.242147541 25.8253334528
15 194.212814187 25.8233334528
16 194.214897521 25.8233890083
17 194.217064188 25.8234445639
18 194.219230855 25.8235001194
19 194.221439188 25.8234445639
20 194.223647521 25.8234445639
21 194.225855854 25.8234167861
22 194.227980855 25.8234445639
23 194.230189189 25.823555675
24 194.232272523 25.823555675
25 194.234522522 25.8235278972
26 194.236730856 25.8235834528
27 194.23893919 25.8235834528
28 194.241147523 25.8235834528
29 194.243230856 25.8235834528
30 194.213855837 25.8216945639
31 194.215980837 25.8217223417
32 194.21818917 25.8216667861
33 194.220355837 25.8217501194
34 194.22256417 25.8216945639
35 194.224772504 25.8217223417
36 194.226939171 25.8218334528
37 194.229147505 25.8218334528
38 194.231272504 25.8217778972
39 194.233522505 25.8218890083
40 194.235689172 25.8218612306
41 194.237772505 25.8218334528
42 194.240064172 25.8218890083
43 194.242230839 25.8219445639
44 194.212730818 25.8199445639
45 194.214939152 25.8199723417
46 194.217105819 25.8199723417
47 194.219314152 25.8200001194
48 194.221522486 25.820055675
49 194.223647486 25.820055675
50 194.225897486 25.8200278972
51 194.22810582 25.8201112306
52 194.230272486 25.8200834528
53 194.23248082 25.8201112306
54 194.23460582 25.8201390083
55 194.236772487 25.8201390083
56 194.238939154 25.8201390083
57 194.241105821 25.8201945639
58 194.24335582 25.8201390083
59 194.213855801 25.818305675
60 194.216064135 25.818305675
61 194.218272469 25.8183612306
62 194.220439135 25.8183334528
63 194.222522469 25.8183890083
64 194.224772468 25.8183334528
65 194.226980802 25.8183612306
66 194.229147469 25.8184167861
67 194.231314136 25.8184723417
68 194.233522469 25.8184445639
69 194.23577247 25.8184723417
70 194.237939136 25.8184723417
71 194.240105803 25.8185001194
72 194.242314137 25.8185001194
73 194.212814117 25.8165834528
74 194.214939117 25.8165834528
75 194.21714745 25.8166112306
76 194.219355784 25.8166112306
77 194.221564117 25.8166390083
78 194.223730784 25.8166390083
79 194.225939118 25.8167223417
80 194.228064118 25.8167223417
81 194.230272452 25.8167223417
82 194.232480785 25.8166945639
83 194.234647452 25.8167501194
84 194.236855785 25.8166945639
85 194.238980785 25.8167501194
86 194.241147452 25.8167778972
87 194.243355786 25.8168334528
88 194.213897432 25.8148334528
89 194.216064099 25.8148334528
90 194.218272433 25.8149445639
91 194.220439099 25.8148890083
92 194.222605766 25.8149167861
93 194.224855767 25.8149723417
94 194.226980767 25.8149723417
95 194.229147433 25.8149445639
96 194.231397434 25.8150278972
97 194.2335641 25.8149723417
98 194.235730768 25.815055675
99 194.237939101 25.8150834528
100 194.240147434 25.815055675
101 194.242230768 25.8151390083
102 194.212897414 25.8131390083
103 194.215022414 25.8131112306
104 194.217230748 25.8131667861
105 194.219397415 25.8132501194
106 194.221564082 25.8132501194
107 194.223772415 25.8132223417
108 194.225939082 25.8132223417
109 194.228105749 25.8132778972
110 194.230355749 25.8132501194
111 194.232439083 25.8133334528
112 194.23460575 25.8133612306
113 194.236897416 25.8133334528
114 194.238980749 25.813305675
115 194.241272416 25.8133334528
116 194.243397416 25.8133334528
117 194.213939064 25.8114723417
118 194.21610573 25.8114445639
119 194.218314064 25.8114723417
120 194.22048073 25.8114723417
121 194.222689064 25.8115278972
122 194.224855732 25.8116390083
123 194.226980732 25.8116112306
124 194.229189065 25.811555675
125 194.231439065 25.8116112306
126 194.233605732 25.8116667861
127 194.235730732 25.8116390083
128 194.237980732 25.8116667861
129 194.240147399 25.8116945639
130 194.242272399 25.8116667861
131 194.212897379 25.8097501194
132 194.215064046 25.8097778972
133 194.21727238 25.8098334528
134 194.219439046 25.8097778972
135 194.221647379 25.8097778972
136 194.22377238 25.8098612306
137 194.225980713 25.809805675
138 194.22814738 25.8098612306
139 194.23039738 25.8098612306
140 194.232564048 25.8099167861
141 194.234730714 25.8099445639
142 194.236855714 25.8099445639
143 194.239064048 25.8099445639
144 194.241272381 25.8099723417
145 194.243439048 25.8100001194
146 194.213980694 25.8079723417
147 194.216147361 25.8080278972
148 194.218314028 25.8080834528
149 194.220480695 25.8080834528
150 194.222730695 25.8081112306
151 194.224855696 25.8081390083
152 194.227064029 25.8081112306
153 194.229272363 25.8082223417
154 194.23143903 25.8081945639
155 194.233605696 25.8081390083
156 194.235772363 25.8081945639
157 194.23793903 25.8082778972
158 194.24006403 25.8082501194
159 194.242355697 25.8082501194
160 194.212855677 25.8063612306
161 194.21506401 25.8063334528
162 194.217314011 25.8063612306
163 194.219480678 25.8063890083
164 194.221689011 25.8063612306
165 194.223855678 25.8063890083
166 194.226064011 25.8064167861
167 194.228230678 25.8064723417
168 194.230397345 25.8065001194
169 194.232647346 25.8065278972
170 194.234689012 25.8065001194
171 194.236939013 25.806555675
172 194.23910568 25.8065834528
173 194.241314012 25.8064723417
174 194.243480679 25.8065278972
175 194.21398066 25.8046945639
176 194.216147327 25.8046945639
177 194.218397327 25.8046945639
178 194.220563993 25.8046390083
179 194.22273066 25.8047223417
180 194.224938994 25.804805675
181 194.227147327 25.8047778972
182 194.229355661 25.804805675
183 194.231480661 25.8047501194
184 194.233647328 25.8048334528
185 194.235855661 25.804805675
186 194.238022328 25.8048612306
187 194.240230662 25.8048890083
188 194.242355662 25.8048890083
189 194.213022308 25.8028612306
190 194.215147308 25.8029167861
191 194.217313975 25.8029723417
192 194.219480642 25.8029723417
193 194.221688976 25.8030278972
194 194.223855643 25.8030278972
195 194.226022309 25.8030001194
196 194.228230643 25.8030834528
197 194.23039731 25.803055675
198 194.232605643 25.8030834528
199 194.234813977 25.8031667861
200 194.236938977 25.8031112306
201 194.239188977 25.8031390083
202 194.24127231 25.8031390083
203 194.243522311 25.8032223417
204 194.214022291 25.8012223417
205 194.216188957 25.8011945639
206 194.218397291 25.8012501194
207 194.220563958 25.8012778972
208 194.222730625 25.801305675
209 194.224980625 25.8013334528
210 194.227063958 25.8012778972
211 194.229355624 25.8012778972
212 194.231438958 25.8013334528
213 194.233730626 25.8013890083
214 194.235772293 25.8014167861
215 194.238022293 25.8014167861
216 194.240272293 25.8014167861
217 194.24243896 25.8014445639
218 194.212980606 25.7994723417
219 194.215188939 25.7995001194
220 194.217397273 25.7995278972
221 194.219480607 25.799555675
222 194.22168894 25.7995834528
223 194.223855607 25.7995834528
224 194.226022273 25.799555675
225 194.228272274 25.7996390083
226 194.230397274 25.7996390083
227 194.232647274 25.7996390083
228 194.234772275 25.7996945639
229 194.236980609 25.7997501194
230 194.239147276 25.7997778972
231 194.241355608 25.7997223417
232 194.243480609 25.7997501194
233 194.214022255 25.7978334528
234 194.216188922 25.7978334528
235 194.218438923 25.7979167861
236 194.220647255 25.7978334528
237 194.22285559 25.7979445639
238 194.224980589 25.7978612306
239 194.22710559 25.7979167861
240 194.229313923 25.7979445639
241 194.231522256 25.7979167861
242 194.23373059 25.7979723417
243 194.235938924 25.7980001194
244 194.238063924 25.7980278972
245 194.240230591 25.798055675
246 194.242438925 25.7980834528
