1 194.181855589 25.7978612306
2 194.184022255 25.7978334528
3 194.18623059 25.7979445639
4 194.188397257 25.7979445639
5 194.190522257 25.7979723417
6 194.192772256 25.7979167861
7 194.194980591 25.7980278972
8 194.19710559 25.7979445639
9 194.199272258 25.798055675
10 194.201522257 25.7980278972
11 194.203647258 25.7981112306
12 194.205813925 25.7981112306
13 194.207980592 25.7981112306
14 194.210188925 25.7980834528
15 194.180855571 25.7961112306
16 194.182897238 25.7961390083
17 194.185105572 25.7961945639
18 194.187272239 25.7962501194
19 194.189480572 25.7962223417
20 194.191688905 25.7961945639
21 194.193855572 25.7961945639
22 194.196022239 25.7962223417
23 194.198188906 25.796305675
24 194.200313906 25.796305675
25 194.202563906 25.7962778972
26 194.204730573 25.7963334528
27 194.206938907 25.7963612306
28 194.209188907 25.7963612306
29 194.21127224 25.7963612306
30 194.18189722 25.7944445639
31 194.18402222 25.7944723417
32 194.186188887 25.7944167861
33 194.188397221 25.7945001194
34 194.190563887 25.7944445639
35 194.192772221 25.7945001194
36 194.194938889 25.7946112306
37 194.197147222 25.7946112306
38 194.199313888 25.7945278972
39 194.201563889 25.7946390083
40 194.203730555 25.7946112306
41 194.205813888 25.7945834528
42 194.208063889 25.7946390083
43 194.210230556 25.7946945639
44 194.180772202 25.7927223417
45 194.182980536 25.7927501194
46 194.185147203 25.7927501194
47 194.187355536 25.7927778972
48 194.189522203 25.792805675
49 194.191647203 25.792805675
50 194.193897203 25.792805675
51 194.196105537 25.7928612306
52 194.198272203 25.7928334528
53 194.200480537 25.7928612306
54 194.202647204 25.7929167861
55 194.204772204 25.7928890083
56 194.206938871 25.7928890083
57 194.209147205 25.7929723417
58 194.211397204 25.7929167861
59 194.181897185 25.791055675
60 194.184105518 25.791055675
61 194.186313852 25.7911112306
62 194.188480519 25.7910834528
63 194.190563853 25.7911390083
64 194.192813852 25.7910834528
65 194.194980519 25.7911390083
66 194.197188853 25.7911945639
67 194.199313853 25.7912223417
68 194.201522187 25.7912223417
69 194.203772187 25.7912501194
70 194.205938854 25.7912501194
71 194.20810552 25.7912501194
72 194.210313854 25.7912501194
73 194.180813834 25.7893612306
74 194.182938834 25.7893334528
75 194.185147167 25.7893612306
76 194.187397167 25.7893612306
77 194.189605501 25.7893890083
78 194.191730501 25.7893890083
79 194.193938835 25.7894723417
80 194.196063835 25.7894723417
81 194.198272169 25.7894723417
82 194.200522169 25.7894723417
83 194.202688836 25.7895001194
84 194.204855502 25.7894445639
85 194.207022169 25.7895278972
86 194.209188836 25.7895278972
87 194.211355503 25.7895834528
88 194.181897149 25.7875834528
89 194.184105483 25.7876112306
90 194.186313817 25.7876945639
91 194.188438816 25.7876390083
92 194.19064715 25.7876945639
93 194.19289715 25.7877223417
94 194.19502215 25.7877223417
95 194.19714715 25.7876945639
96 194.199438818 25.7877778972
97 194.201605484 25.7877223417
98 194.203730485 25.787805675
99 194.205938819 25.7878612306
100 194.208147152 25.7878334528
101 194.210230485 25.7878890083
102 194.180897131 25.7858890083
103 194.183063798 25.7858890083
104 194.185272132 25.7859445639
105 194.187438799 25.7860001194
106 194.189605466 25.7860278972
107 194.191772132 25.7859723417
108 194.193980466 25.7860001194
109 194.196105466 25.786055675
110 194.198397133 25.7860278972
111 194.200480467 25.7860834528
112 194.202647134 25.7861390083
113 194.204897133 25.7860834528
114 194.206980466 25.786055675
115 194.209272134 25.7861112306
116 194.2114388 25.7861112306
117 194.181938781 25.7842223417
118 194.184147114 25.7842223417
119 194.186355447 25.7842223417
120 194.188480447 25.7842223417
121 194.190688782 25.784305675
122 194.192897116 25.7843890083
123 194.195022116 25.7843612306
124 194.197188782 25.7843334528
125 194.199438782 25.7843612306
126 194.201647116 25.7844167861
127 194.203730449 25.7844167861
128 194.20598045 25.7844445639
129 194.208147116 25.7844445639
130 194.210313783 25.7844445639
131 194.180938763 25.7825278972
132 194.18310543 25.782555675
133 194.185313764 25.7826112306
134 194.18748043 25.7825278972
135 194.189647097 25.782555675
136 194.191813764 25.7826390083
137 194.19398043 25.7825834528
138 194.196188764 25.7826390083
139 194.198397098 25.7826390083
140 194.200563765 25.7826945639
141 194.202772098 25.7826945639
142 194.204897099 25.7827223417
143 194.207063765 25.7827223417
144 194.209313765 25.7827501194
145 194.211438766 25.7827778972
146 194.182022078 25.7807223417
147 194.184147078 25.7807778972
148 194.186313746 25.7808334528
149 194.188480412 25.7808334528
150 194.190772079 25.7808612306
151 194.19289708 25.7809167861
152 194.195105413 25.7808612306
153 194.197313747 25.7809723417
154 194.199480414 25.7809723417
155 194.201605413 25.7809167861
156 194.203813747 25.7809445639
157 194.205980414 25.7810278972
158 194.208105414 25.7810278972
159 194.210355414 25.7810278972
160 194.180897061 25.7791112306
161 194.183105394 25.7790834528
162 194.185355394 25.7791112306
163 194.187480395 25.7791390083
164 194.189688728 25.7791390083
165 194.191855395 25.7791667861
166 194.194063728 25.7791667861
167 194.196230396 25.7792501194
168 194.198397063 25.7792501194
169 194.200647063 25.779305675
170 194.202730396 25.7792501194
171 194.20493873 25.779305675
172 194.207105397 25.7793334528
173 194.209313729 25.7792223417
174 194.211522063 25.7792778972
175 194.182022044 25.7774445639
176 194.18418871 25.7774445639
177 194.186397044 25.7774723417
178 194.188605377 25.7774167861
179 194.190772044 25.7774723417
180 194.192980378 25.777555675
181 194.195147045 25.7775278972
182 194.197355378 25.777555675
183 194.199522045 25.7775278972
184 194.201647046 25.7776112306
185 194.203855378 25.777555675
186 194.206022046 25.7776390083
187 194.208230379 25.7776667861
188 194.210355379 25.7776390083
189 194.181022025 25.7756390083
190 194.183188692 25.7756667861
191 194.185355359 25.7757223417
192 194.187522026 25.7757223417
193 194.18973036 25.7757778972
194 194.19185536 25.7757778972
195 194.194063693 25.7757778972
196 194.19623036 25.7758334528
197 194.198397027 25.7758334528
198 194.20060536 25.7758334528
199 194.202813695 25.7759167861
200 194.204980361 25.7758612306
201 194.207188694 25.7758890083
202 194.209272028 25.7758890083
203 194.211522029 25.7760001194
204 194.182022008 25.7739723417
205 194.184230341 25.7739723417
206 194.186438675 25.7740278972
207 194.188605342 25.7740278972
208 194.190772009 25.7740834528
209 194.192980342 25.7740834528
210 194.195063675 25.774055675
211 194.197397008 25.7740278972
212 194.199480343 25.7741112306
213 194.201730343 25.7741390083
214 194.203813677 25.7741945639
215 194.206063676 25.7741667861
216 194.208313677 25.7741945639
217 194.210438677 25.7741945639
218 194.180980323 25.7722501194
219 194.183188657 25.7722501194
220 194.185438657 25.7722778972
221 194.187480324 25.772305675
222 194.189730324 25.7723334528
223 194.191896991 25.7723612306
224 194.194063657 25.7723334528
225 194.196271991 25.7723890083
226 194.198396991 25.7723890083
227 194.200688658 25.7723890083
228 194.202771992 25.7724445639
229 194.205021993 25.7725001194
230 194.207188659 25.7725278972
231 194.209355326 25.7724723417
232 194.211480326 25.7725001194
233 194.182021973 25.7705834528
234 194.184230306 25.7705834528
235 194.18643864 25.7706945639
236 194.188688639 25.7705834528
237 194.190896974 25.7706945639
238 194.192980307 25.7706390083
239 194.195146974 25.7706945639
240 194.19731364 25.7706945639
241 194.19956364 25.7706667861
242 194.201730307 25.7707223417
243 194.203980308 25.7707501194
244 194.206105308 25.7707778972
245 194.208271975 25.7708334528
246 194.210480309 25.7708612306
