1 248.423505792 57.2392223417
2 248.427130791 57.2391945639
3 248.430797464 57.239305675
4 248.434380797 57.239305675
5 248.437922465 57.2393334528
6 248.441714129 57.2392778972
7 248.445380802 57.2393890083
8 248.448922464 57.239305675
9 248.452505803 57.2394167861
10 248.456214135 57.2393890083
11 248.459797471 57.2394445639
12 248.463380806 57.2394723417
13 248.467005805 57.2394445639
14 248.470630805 57.2394445639
15 248.421839027 57.2374445639
16 248.425297363 57.2375001194
17 248.428922366 57.237555675
18 248.432505703 57.2376112306
19 248.436172366 57.237555675
20 248.4398807 57.237555675
21 248.4435057 57.237555675
22 248.447089035 57.2375834528
23 248.450714039 57.2376667861
24 248.454214039 57.2376667861
25 248.457964038 57.2376390083
26 248.461630707 57.2376945639
27 248.465255709 57.2377223417
28 248.469005709 57.2377223417
29 248.472464042 57.2377223417
30 248.423588936 57.235805675
31 248.427130604 57.2358334528
32 248.430755601 57.2357778972
33 248.434380606 57.2358612306
34 248.438047269 57.235805675
35 248.441713939 57.2358612306
36 248.445297279 57.2359723417
37 248.448963945 57.2359723417
38 248.452547274 57.2358890083
39 248.45629728 57.2360001194
40 248.459880612 57.2359723417
41 248.46338061 57.2359445639
42 248.46717228 57.2360001194
43 248.470755616 57.236055675
44 248.42171384 57.2340834528
45 248.425380509 57.2341112306
46 248.429005509 57.2341112306
47 248.432672177 57.2341390083
48 248.436297178 57.2341667861
49 248.439838845 57.2341667861
50 248.443588845 57.2341667861
51 248.447255515 57.2342223417
52 248.450880513 57.2341945639
53 248.454547181 57.2342223417
54 248.458130518 57.2342778972
55 248.461672183 57.2342501194
56 248.465297183 57.2342501194
57 248.468922188 57.2343334528
58 248.472630518 57.2342778972
59 248.423588748 57.2324167861
60 248.427255414 57.2324167861
61 248.430922084 57.2324723417
62 248.434505416 57.2324445639
63 248.438005419 57.2325001194
64 248.441755416 57.2324445639
65 248.445380419 57.2325001194
66 248.449005422 57.232555675
67 248.452588757 57.2325834528
68 248.456255424 57.2325834528
69 248.460005425 57.2326112306
70 248.463588759 57.2326112306
71 248.467213759 57.2326112306
72 248.470880425 57.2326112306
73 248.421838654 57.2307223417
74 248.425380319 57.2306945639
75 248.42900532 57.2307223417
76 248.43275532 57.2307223417
77 248.436421989 57.2307501194
78 248.440005322 57.2307501194
79 248.443630327 57.2308334528
80 248.447171993 57.2308334528
81 248.450880327 57.2308334528
82 248.454546993 57.2308334528
83 248.458171995 57.2308612306
84 248.461796992 57.230805675
85 248.465380328 57.2308612306
86 248.46900533 57.2308890083
87 248.472630333 57.2309445639
88 248.423630222 57.2289445639
89 248.427255223 57.2289723417
90 248.430921895 57.229055675
91 248.434505225 57.2290001194
92 248.438171893 57.2290278972
93 248.441880229 57.2290834528
94 248.445421896 57.2290834528
95 248.449005228 57.229055675
96 248.452755233 57.2291390083
97 248.456380229 57.2290834528
98 248.459921901 57.2291667861
99 248.463630237 57.2292223417
100 248.467296902 57.2291945639
101 248.470713572 57.2292501194
102 248.421963461 57.2272501194
103 248.425546793 57.2272223417
104 248.429171797 57.227305675
105 248.432796801 57.2273612306
106 248.436421802 57.2273890083
107 248.440046799 57.2273334528
108 248.443671801 57.2273612306
109 248.447255137 57.2274167861
110 248.451005135 57.2273890083
111 248.454505139 57.2274445639
112 248.458088475 57.2275001194
113 248.461880139 57.2274445639
114 248.46533847 57.2274167861
115 248.469171807 57.2274723417
116 248.472713473 57.2274723417
117 248.423671702 57.2255834528
118 248.427338369 57.2255834528
119 248.431005035 57.2255834528
120 248.434546702 57.2255834528
121 248.43825504 57.2256667861
122 248.441880045 57.2257501194
123 248.44542171 57.2257223417
124 248.449046708 57.2256945639
125 248.45279671 57.2257223417
126 248.456421713 57.2257778972
127 248.459963379 57.2257778972
128 248.463671714 57.225805675
129 248.467296714 57.225805675
130 248.470838381 57.225805675
131 248.421963275 57.2238890083
132 248.425588276 57.2239167861
133 248.429254944 57.2239445639
134 248.432879941 57.2238890083
135 248.436504943 57.2239167861
136 248.440088279 57.2239723417
137 248.443713278 57.2239445639
138 248.447338281 57.2240001194
139 248.451046614 57.2240001194
140 248.454671617 57.224055675
141 248.458296617 57.224055675
142 248.461838284 57.224055675
143 248.465504952 57.2240834528
144 248.469213287 57.2241112306
145 248.472754954 57.2241112306
146 248.423796508 57.2220834528
147 248.427379844 57.2221390083
148 248.430963181 57.2221945639
149 248.434588181 57.2221945639
150 248.438338182 57.2222223417
151 248.441879852 57.2222778972
152 248.445546515 57.2222223417
153 248.449254855 57.2223334528
154 248.452838187 57.222305675
155 248.456421519 57.2222778972
156 248.46004652 57.222305675
157 248.463629858 57.2223890083
158 248.467171525 57.2223890083
159 248.47096319 57.2223612306
160 248.421921418 57.2204723417
161 248.425588084 57.2204445639
162 248.429338085 57.2204723417
163 248.43292142 57.2205001194
164 248.436588087 57.2205001194
165 248.440171421 57.2205278972
166 248.443838088 57.2205278972
167 248.447463093 57.2206112306
168 248.451046426 57.2206112306
169 248.454796429 57.2206667861
170 248.458213093 57.2206112306
171 248.461921429 57.2206667861
172 248.465546431 57.2206945639
173 248.469213091 57.2205834528
174 248.472879761 57.2206390083
175 248.423796326 57.218805675
176 248.427379659 57.218805675
177 248.431087994 57.2188334528
178 248.434712991 57.2187778972
179 248.438379661 57.2188334528
180 248.442004665 57.2189167861
181 248.445629664 57.2188890083
182 248.449337999 57.2189167861
183 248.452879664 57.2188890083
184 248.456463002 57.2189723417
185 248.460129665 57.2189167861
186 248.46375467 57.2190001194
187 248.467421338 57.2190278972
188 248.470921337 57.2190001194
189 248.422171226 57.2170001194
190 248.425712894 57.2170278972
191 248.429337897 57.2170834528
192 248.432962897 57.2170834528
193 248.436629567 57.2171390083
194 248.440171234 57.2171390083
195 248.4438379 57.2171390083
196 248.447462903 57.2171945639
197 248.451046237 57.2171945639
198 248.45475457 57.2171945639
199 248.458421241 57.2172778972
200 248.462004571 57.2172223417
201 248.46567124 57.2172501194
202 248.469129573 57.2172501194
203 248.472879579 57.2173612306
204 248.4238378 57.2153334528
205 248.4274628 57.2153334528
206 248.43112947 57.2153890083
207 248.43475447 57.2153890083
208 248.438337805 57.2154167861
209 248.44204614 57.2154445639
210 248.445504471 57.2154167861
211 248.449337803 57.2153890083
212 248.452837808 57.2154723417
213 248.456587809 57.2155001194
214 248.460004479 57.215555675
215 248.463754478 57.2155278972
216 248.467504479 57.215555675
217 248.471087812 57.215555675
218 248.422129371 57.2136112306
219 248.425754371 57.2136112306
220 248.429462706 57.2136390083
221 248.432921041 57.2136667861
222 248.436629376 57.2136945639
223 248.440212711 57.2137223417
224 248.443837709 57.2136945639
225 248.447546046 57.2137501194
226 248.451087712 57.2137501194
227 248.454837712 57.2137501194
228 248.458337715 57.213805675
229 248.462046052 57.2138612306
230 248.465671053 57.2138890083
231 248.46929605 57.2138334528
232 248.472837718 57.2138612306
233 248.423837612 57.2119445639
234 248.427504279 57.2119445639
235 248.431170952 57.212055675
236 248.434879279 57.2119445639
237 248.438545952 57.212055675
238 248.442045949 57.2120001194
239 248.445629285 57.212055675
240 248.449254285 57.212055675
241 248.452962617 57.2120278972
242 248.456629287 57.2120834528
243 248.460295955 57.2121112306
244 248.463837623 57.2121390083
245 248.467420959 57.2121945639
246 248.471129294 57.2122223417
