1 191.095407331 16.7988890083
2 191.097448997 16.7988612306
3 191.099532331 16.7989723417
4 191.101573998 16.7989723417
5 191.103573998 16.7990001194
6 191.105698998 16.7989445639
7 191.107782332 16.799055675
8 191.109782331 16.7989723417
9 191.111782332 16.7990834528
10 191.113907332 16.799055675
11 191.115907332 16.7991390083
12 191.117948999 16.7991390083
13 191.119990665 16.7991390083
14 191.122032332 16.7991112306
15 191.094448987 16.7971390083
16 191.09640732 16.7971667861
17 191.098490654 16.7972223417
18 191.100490654 16.7972778972
19 191.102573987 16.7972501194
20 191.10465732 16.7972223417
21 191.106698987 16.7972223417
22 191.108740654 16.7972501194
23 191.110782321 16.7973334528
24 191.112782321 16.7973334528
25 191.114907321 16.797305675
26 191.116948988 16.7973612306
27 191.119032321 16.7973890083
28 191.121115655 16.7973890083
29 191.123073988 16.7973890083
30 191.095448976 16.7954723417
31 191.097448977 16.7955001194
32 191.099490643 16.7954445639
33 191.101573977 16.7955278972
34 191.103615643 16.7955001194
35 191.105698977 16.7955278972
36 191.107740644 16.7956390083
37 191.109782311 16.7956390083
38 191.111823977 16.795555675
39 191.113948978 16.7956667861
40 191.115990644 16.7956390083
41 191.117948977 16.7956112306
42 191.120073978 16.7956667861
43 191.122115645 16.7957501194
44 191.094407299 16.7937501194
45 191.096490633 16.7937778972
46 191.098532299 16.7937778972
47 191.100573966 16.793805675
48 191.102615633 16.7938334528
49 191.1046573 16.7938334528
50 191.106740633 16.7938334528
51 191.108823967 16.7938890083
52 191.110865633 16.7938890083
53 191.112948967 16.7938890083
54 191.114948967 16.7939445639
55 191.116990634 16.7939445639
56 191.1190323 16.7939167861
57 191.121073967 16.7940001194
58 191.123198967 16.7939445639
59 191.095448956 16.7920834528
60 191.097532289 16.7921112306
61 191.099615623 16.7921390083
62 191.101615623 16.7921112306
63 191.103615623 16.7921667861
64 191.105740623 16.7921390083
65 191.10778229 16.7921667861
66 191.109823957 16.7922223417
67 191.111865623 16.7922501194
68 191.11390729 16.7922501194
69 191.11603229 16.7922778972
70 191.118073957 16.7922778972
71 191.120115624 16.7922778972
72 191.122198957 16.7922778972
73 191.094448945 16.7903890083
74 191.096448945 16.7903612306
75 191.098532279 16.7903890083
76 191.100615612 16.7904167861
77 191.102698946 16.7904167861
78 191.104740612 16.7904167861
79 191.106782279 16.7905001194
80 191.10878228 16.7905278972
81 191.110865613 16.7905001194
82 191.112948946 16.7905001194
83 191.114990613 16.7905278972
84 191.117073946 16.7904723417
85 191.119073946 16.790555675
86 191.121115613 16.7905834528
87 191.12315728 16.7906112306
88 191.095490601 16.7886112306
89 191.097532268 16.7886390083
90 191.099615602 16.7887223417
91 191.101615602 16.7886945639
92 191.103698935 16.7887223417
93 191.105782269 16.7887501194
94 191.107782269 16.7887778972
95 191.109823935 16.7887223417
96 191.111948936 16.788805675
97 191.113990602 16.7887501194
98 191.115990603 16.7888334528
99 191.118073936 16.7888890083
100 191.120157269 16.7888612306
101 191.122115603 16.7889167861
102 191.094532258 16.7869167861
103 191.096532258 16.7869167861
104 191.098615591 16.7869723417
105 191.100657258 16.7870278972
106 191.102698925 16.787055675
107 191.104740592 16.7870278972
108 191.106823925 16.7870278972
109 191.108823925 16.7870834528
110 191.110948925 16.787055675
111 191.112948925 16.7871112306
112 191.114948926 16.7871667861
113 191.117073925 16.7871112306
114 191.119073925 16.7871112306
115 191.121198926 16.7871390083
116 191.123240592 16.7871390083
117 191.095490581 16.7852501194
118 191.097573914 16.7852501194
119 191.099657247 16.7852501194
120 191.101657247 16.7852501194
121 191.103740581 16.7853334528
122 191.105782248 16.7854167861
123 191.107782248 16.7853890083
124 191.109865581 16.7853612306
125 191.111948915 16.7854167861
126 191.114032249 16.7854445639
127 191.115990582 16.7854445639
128 191.118115582 16.7854723417
129 191.120157249 16.7854723417
130 191.122157249 16.7854723417
131 191.094532237 16.783555675
132 191.096573904 16.7835834528
133 191.098657238 16.7836390083
134 191.100698904 16.783555675
135 191.102740571 16.7835834528
136 191.104782238 16.7836667861
137 191.106823904 16.7836112306
138 191.108865571 16.7836667861
139 191.110990571 16.7836667861
140 191.113032238 16.7837223417
141 191.115073905 16.7837501194
142 191.117073905 16.7837501194
143 191.119157238 16.7837501194
144 191.121240572 16.7837778972
145 191.123240572 16.783805675
146 191.095573893 16.7817778972
147 191.097573893 16.781805675
148 191.09961556 16.7818612306
149 191.101657227 16.7818612306
150 191.103782227 16.7819167861
151 191.105782227 16.7819445639
152 191.10786556 16.7818890083
153 191.109948894 16.7820001194
154 191.111990561 16.7820001194
155 191.113990561 16.7819445639
156 191.116073894 16.7819723417
157 191.118073895 16.782055675
158 191.120115561 16.782055675
159 191.122240561 16.782055675
160 191.094532216 16.7801390083
161 191.096573883 16.7801112306
162 191.098698883 16.7801390083
163 191.100698883 16.7801667861
164 191.102782216 16.7801667861
165 191.104823883 16.7801945639
166 191.106907217 16.7802223417
167 191.108948884 16.7802778972
168 191.11099055 16.7802778972
169 191.113115551 16.7803334528
170 191.115032217 16.7802778972
171 191.117115551 16.7803334528
172 191.119157218 16.7803612306
173 191.12124055 16.7802501194
174 191.123323884 16.7803334528
175 191.095573873 16.7784723417
176 191.097615539 16.7784723417
177 191.099698873 16.7785001194
178 191.101740539 16.7784445639
179 191.103782206 16.7785001194
180 191.10586554 16.7785834528
181 191.107907207 16.778555675
182 191.10999054 16.7785834528
183 191.112032207 16.778555675
184 191.114032207 16.7786390083
185 191.11611554 16.7786112306
186 191.118157207 16.7786667861
187 191.120240541 16.7786945639
188 191.122240541 16.7786667861
189 191.094657195 16.7766667861
190 191.096657195 16.7766945639
191 191.098698862 16.7767501194
192 191.100740529 16.7767778972
193 191.102823863 16.776805675
194 191.104823863 16.7768334528
195 191.106907196 16.776805675
196 191.108948863 16.7768612306
197 191.11099053 16.7768612306
198 191.113073863 16.7768612306
199 191.11511553 16.7769723417
200 191.117157196 16.7768890083
201 191.11924053 16.7769445639
202 191.121198863 16.7769167861
203 191.123323864 16.7770278972
204 191.095573852 16.7750278972
205 191.097657185 16.7750001194
206 191.099698852 16.775055675
207 191.101740519 16.775055675
208 191.103782186 16.7751112306
209 191.105907186 16.7751112306
210 191.107823852 16.7750834528
211 191.110032185 16.775055675
212 191.111990519 16.7751390083
213 191.114115519 16.7751667861
214 191.116073853 16.7752223417
215 191.118157186 16.7751945639
216 191.120282186 16.7752223417
217 191.122323853 16.7752223417
218 191.094615508 16.7732778972
219 191.096698841 16.7732778972
220 191.098782175 16.773305675
221 191.100698841 16.7733334528
222 191.102823842 16.7733612306
223 191.104865508 16.7733890083
224 191.106907175 16.7733612306
225 191.108990509 16.7734167861
226 191.110990509 16.7734167861
227 191.113115509 16.7734167861
228 191.115115509 16.7734723417
229 191.117198843 16.7735278972
230 191.11924051 16.773555675
231 191.121282176 16.7735001194
232 191.123282176 16.7735278972
233 191.095573831 16.7716112306
234 191.097657164 16.7716112306
235 191.099740498 16.7717223417
236 191.101823831 16.7716112306
237 191.103907165 16.7717223417
238 191.105907165 16.7716667861
239 191.107907165 16.7717223417
240 191.109948832 16.7717223417
241 191.112073832 16.7716945639
242 191.114115499 16.7717501194
243 191.116198832 16.7717778972
244 191.118198832 16.771805675
245 191.120240499 16.7718612306
246 191.122323833 16.7718890083
