1 191.102532485 16.8241945639
2 191.104574151 16.8241667861
3 191.106657485 16.8242778972
4 191.108699152 16.8242778972
5 191.110699152 16.824305675
6 191.112824152 16.8242501194
7 191.114907486 16.8243612306
8 191.116907485 16.8242501194
9 191.118949153 16.8243890083
10 191.121032486 16.8243612306
11 191.123074153 16.8244167861
12 191.12511582 16.8244445639
13 191.12711582 16.8244167861
14 191.129199153 16.8244167861
15 191.101615807 16.8224167861
16 191.103532474 16.8224723417
17 191.105615808 16.8225278972
18 191.107657475 16.8225834528
19 191.109699141 16.8225278972
20 191.111824141 16.8225278972
21 191.113865808 16.8225001194
22 191.115865808 16.822555675
23 191.117907475 16.8226390083
24 191.119907475 16.8226390083
25 191.122032475 16.8226112306
26 191.124074142 16.8226667861
27 191.126157476 16.8226945639
28 191.128240809 16.8226945639
29 191.130240809 16.8226945639
30 191.102574131 16.8207778972
31 191.104574131 16.820805675
32 191.106657464 16.8207501194
33 191.108699131 16.8208334528
34 191.110740797 16.8207778972
35 191.112824131 16.820805675
36 191.114865798 16.8209167861
37 191.116949132 16.8209167861
38 191.118949131 16.8208612306
39 191.121074132 16.8209723417
40 191.123115798 16.8209445639
41 191.125074132 16.8209167861
42 191.127240799 16.8209723417
43 191.129240799 16.8210278972
44 191.101532454 16.819055675
45 191.103615787 16.8190834528
46 191.105657454 16.8190834528
47 191.107740787 16.8191112306
48 191.109782454 16.8191390083
49 191.111782454 16.8191390083
50 191.113907454 16.8191390083
51 191.115949121 16.8191945639
52 191.117990788 16.8191667861
53 191.120074121 16.8191945639
54 191.122115788 16.8192223417
55 191.124115788 16.8192223417
56 191.126157455 16.8192223417
57 191.128240788 16.819305675
58 191.130324121 16.8192501194
59 191.10257411 16.8173890083
60 191.104657443 16.8173890083
61 191.106740777 16.8174445639
62 191.108782444 16.8174167861
63 191.110740777 16.8174723417
64 191.112865777 16.8174167861
65 191.114907444 16.8174723417
66 191.116949111 16.8175278972
67 191.118990778 16.817555675
68 191.121074111 16.817555675
69 191.123199111 16.8175834528
70 191.125199111 16.8175834528
71 191.127240778 16.8175834528
72 191.129324111 16.8175834528
73 191.1015741 16.8156945639
74 191.103615766 16.8156667861
75 191.105657433 16.8156945639
76 191.107782433 16.8156945639
77 191.1098241 16.8157223417
78 191.111865767 16.8157223417
79 191.1139491 16.815805675
80 191.1159491 16.815805675
81 191.118032434 16.815805675
82 191.120115767 16.815805675
83 191.122157434 16.8158334528
84 191.1241991 16.8157778972
85 191.126199101 16.8158334528
86 191.128282434 16.8158612306
87 191.130324101 16.8159167861
88 191.102615756 16.8139167861
89 191.104657422 16.8139445639
90 191.106740756 16.8140278972
91 191.108740756 16.8139723417
92 191.110824089 16.8140001194
93 191.11294909 16.814055675
94 191.11494909 16.814055675
95 191.11694909 16.8140278972
96 191.11907409 16.8141112306
97 191.121115756 16.814055675
98 191.123115757 16.8141390083
99 191.125240757 16.8141945639
100 191.127282424 16.8141667861
101 191.129240757 16.8142223417
102 191.101657412 16.8122223417
103 191.103699078 16.8121945639
104 191.105740745 16.8122501194
105 191.107782413 16.8123334528
106 191.109865746 16.8123612306
107 191.111907412 16.812305675
108 191.113949079 16.812305675
109 191.11594908 16.8123890083
110 191.118115746 16.8123612306
111 191.12007408 16.8124167861
112 191.122115747 16.8124723417
113 191.124240746 16.8124167861
114 191.12619908 16.8123890083
115 191.128365747 16.8124445639
116 191.130365747 16.8124445639
117 191.102657402 16.810555675
118 191.104699068 16.810555675
119 191.106782402 16.810555675
120 191.108782402 16.810555675
121 191.110865736 16.8106390083
122 191.112949069 16.8107223417
123 191.114907403 16.8106945639
124 191.116990736 16.8106667861
125 191.119115736 16.8106945639
126 191.121157403 16.8107501194
127 191.123157403 16.8107501194
128 191.125240736 16.8107778972
129 191.127282403 16.8107778972
130 191.12932407 16.8107778972
131 191.101657391 16.8088612306
132 191.103740725 16.8088890083
133 191.105782392 16.8089167861
134 191.107824058 16.8088612306
135 191.109907392 16.8088890083
136 191.111907392 16.8089445639
137 191.113990725 16.8089167861
138 191.116032392 16.8089723417
139 191.118115725 16.8089723417
140 191.120157392 16.8090001194
141 191.122199059 16.8090278972
142 191.124199059 16.8090278972
143 191.126282392 16.8090278972
144 191.128365726 16.8090834528
145 191.130365726 16.8090834528
146 191.102699047 16.807055675
147 191.104740714 16.8071112306
148 191.106782381 16.8071667861
149 191.108824048 16.8071667861
150 191.110949048 16.8071945639
151 191.112949048 16.8072501194
152 191.114990715 16.8071945639
153 191.117074049 16.807305675
154 191.119115715 16.8072778972
155 191.121157382 16.8072501194
156 191.123199048 16.8072778972
157 191.125240716 16.8073612306
158 191.127240716 16.8073612306
159 191.129365715 16.8073334528
160 191.101657371 16.8054445639
161 191.103740704 16.8054167861
162 191.105824037 16.8054445639
163 191.107865704 16.8054723417
164 191.109949037 16.8054723417
165 191.111990704 16.8055001194
166 191.114032371 16.8055001194
167 191.116074038 16.805555675
168 191.118115705 16.8055834528
169 191.120240705 16.8056390083
170 191.122199038 16.8055834528
171 191.124282372 16.8056390083
172 191.126324039 16.8056667861
173 191.128407371 16.805555675
174 191.130449038 16.8056112306
175 191.102699027 16.8037778972
176 191.104740694 16.8037778972
177 191.106824027 16.803805675
178 191.108865694 16.8037501194
179 191.110949027 16.803805675
180 191.112990694 16.8038890083
181 191.115074028 16.8038612306
182 191.117157361 16.8038890083
183 191.119157361 16.8038612306
184 191.121157361 16.8039445639
185 191.123240694 16.8038890083
186 191.125282362 16.8039723417
187 191.127365695 16.8040001194
188 191.129365695 16.8039723417
189 191.101782349 16.8019723417
190 191.10378235 16.8020001194
191 191.105824017 16.802055675
192 191.10790735 16.802055675
193 191.109949017 16.8021112306
194 191.111990684 16.8021112306
195 191.11403235 16.8021112306
196 191.116115684 16.8021667861
197 191.118115684 16.8021390083
198 191.120199017 16.8021667861
199 191.122282351 16.8022501194
200 191.124324017 16.8021945639
201 191.126407351 16.8022223417
202 191.128365684 16.8022223417
203 191.130449018 16.8023334528
204 191.102740673 16.800305675
205 191.104782339 16.800305675
206 191.106865673 16.8003334528
207 191.10890734 16.8003612306
208 191.110949006 16.8003890083
209 191.11303234 16.8004167861
210 191.114990673 16.8003612306
211 191.11715734 16.8003612306
212 191.119115673 16.8004445639
213 191.121240674 16.8004723417
214 191.123199007 16.8005278972
215 191.125324007 16.8005001194
216 191.127407341 16.8005278972
217 191.129449007 16.8005278972
218 191.101740662 16.7985834528
219 191.103823995 16.7985834528
220 191.105907329 16.7986112306
221 191.107865662 16.7986390083
222 191.109948996 16.7986667861
223 191.111990663 16.7986945639
224 191.114032329 16.7986667861
225 191.116115663 16.7987223417
226 191.118115663 16.7987223417
227 191.120240663 16.7987223417
228 191.122240663 16.7987778972
229 191.124323997 16.7988334528
230 191.126365664 16.7988612306
231 191.128448997 16.798805675
232 191.130448997 16.7988334528
233 191.102740652 16.7969167861
234 191.104782319 16.7969167861
235 191.106865653 16.7970278972
236 191.108990652 16.7969167861
237 191.111032319 16.7970278972
238 191.113032319 16.7969723417
239 191.115032319 16.7970278972
240 191.117115653 16.7970278972
241 191.119198986 16.7970001194
242 191.121282319 16.797055675
243 191.123365653 16.7970834528
244 191.125365653 16.7971112306
245 191.12740732 16.7971667861
246 191.129490654 16.7971945639
