1 248.421673974 57.2664723417
2 248.425298972 57.2664445639
3 248.429007312 57.266555675
4 248.432590645 57.266555675
5 248.436132313 57.2665834528
6 248.43988231 57.2665278972
7 248.44359065 57.2666390083
8 248.447132312 57.266555675
9 248.450715651 57.2666667861
10 248.454423983 57.2666390083
11 248.458007319 57.2666945639
12 248.461590654 57.2667223417
13 248.465215654 57.2667223417
14 248.468840653 57.2666945639
15 248.420007208 57.2646945639
16 248.423465545 57.2647501194
17 248.427132214 57.264805675
18 248.430715551 57.2648612306
19 248.434382214 57.264805675
20 248.438090548 57.264805675
21 248.441715548 57.264805675
22 248.445298882 57.2648334528
23 248.448923887 57.2649167861
24 248.452423887 57.2649167861
25 248.456173886 57.2648890083
26 248.459840555 57.2649445639
27 248.463465557 57.2649723417
28 248.467215557 57.2649723417
29 248.47067389 57.2649723417
30 248.421757117 57.263055675
31 248.425298785 57.2630834528
32 248.428923782 57.2630278972
33 248.432590453 57.2631112306
34 248.43621545 57.263055675
35 248.439923787 57.2631112306
36 248.443507126 57.2632223417
37 248.447173793 57.2632223417
38 248.450757122 57.2631390083
39 248.454507128 57.2632501194
40 248.45809046 57.2632223417
41 248.461590458 57.2631945639
42 248.465382128 57.2632501194
43 248.468965464 57.263305675
44 248.419882021 57.2613334528
45 248.423590356 57.2613612306
46 248.427173689 57.2613612306
47 248.430882024 57.2613890083
48 248.434465359 57.2614167861
49 248.438048692 57.2614167861
50 248.441757026 57.2614167861
51 248.445423696 57.2614723417
52 248.449048694 57.2614445639
53 248.452715362 57.2614723417
54 248.456298699 57.2615278972
55 248.45988203 57.2615001194
56 248.46350703 57.2615001194
57 248.467132035 57.2615834528
58 248.470840365 57.2615278972
59 248.421756928 57.2596667861
60 248.425423595 57.2596667861
61 248.429131932 57.2597223417
62 248.432715263 57.2596945639
63 248.436215266 57.2597501194
64 248.439923597 57.2596945639
65 248.4435486 57.2597501194
66 248.44721527 57.259805675
67 248.450798604 57.2598334528
68 248.454465271 57.2598334528
69 248.458215273 57.2598612306
70 248.461798606 57.2598612306
71 248.465423606 57.2598612306
72 248.469090273 57.2598612306
73 248.420006834 57.2579723417
74 248.423548499 57.2579445639
75 248.427215168 57.2579723417
76 248.430923501 57.2579723417
77 248.434590169 57.2580001194
78 248.438173502 57.2580001194
79 248.441840174 57.2580834528
80 248.44538184 57.2580834528
81 248.449048507 57.2580834528
82 248.45275684 57.2580834528
83 248.456381842 57.2581112306
84 248.460006839 57.258055675
85 248.463590175 57.2581112306
86 248.467215177 57.2581390083
87 248.47084018 57.2581945639
88 248.421798402 57.2561945639
89 248.425423404 57.2562223417
90 248.429090075 57.256305675
91 248.432673405 57.2562501194
92 248.436340073 57.2562778972
93 248.440090076 57.2563334528
94 248.443590076 57.2563334528
95 248.447215075 57.256305675
96 248.45096508 57.2563890083
97 248.454590076 57.2563334528
98 248.458131748 57.2564167861
99 248.461840084 57.2564723417
100 248.465506749 57.2564445639
101 248.468965086 57.2565001194
102 248.420131641 57.2545001194
103 248.423714973 57.2544723417
104 248.427381643 57.2545278972
105 248.431006647 57.2546112306
106 248.434631649 57.2546390083
107 248.438256646 57.2545834528
108 248.441881647 57.2546112306
109 248.445423317 57.2546667861
110 248.449214982 57.2546390083
111 248.452714985 57.2546945639
112 248.456298322 57.2547501194
113 248.460089985 57.2546945639
114 248.463548317 57.2546667861
115 248.467381654 57.2547223417
116 248.47092332 57.2547223417
117 248.421881549 57.2528334528
118 248.425506549 57.2528334528
119 248.429214882 57.2528334528
120 248.432756549 57.2528334528
121 248.43642322 57.2529167861
122 248.440089891 57.2530001194
123 248.44358989 57.2529723417
124 248.447256555 57.2529445639
125 248.451006556 57.2529723417
126 248.454631559 57.2530278972
127 248.458173226 57.2530278972
128 248.461881561 57.253055675
129 248.465506561 57.253055675
130 248.469048228 57.253055675
131 248.420173121 57.2511390083
132 248.423756456 57.2511667861
133 248.427464791 57.2511945639
134 248.431048121 57.2511390083
135 248.434714789 57.2511667861
136 248.438256459 57.2512223417
137 248.441923124 57.2511945639
138 248.445548127 57.2512501194
139 248.449256461 57.2512501194
140 248.452881464 57.251305675
141 248.456506464 57.251305675
142 248.46004813 57.251305675
143 248.463714799 57.2513334528
144 248.467423133 57.2513612306
145 248.4709648 57.2513612306
146 248.422006354 57.2493334528
147 248.425548024 57.2493890083
148 248.429173027 57.2494445639
149 248.43275636 57.2494445639
150 248.436548028 57.2494723417
151 248.440089698 57.2495278972
152 248.443756362 57.2494723417
153 248.447423035 57.2495834528
154 248.451048033 57.249555675
155 248.454589698 57.2495278972
156 248.458256366 57.249555675
157 248.461839704 57.2496390083
158 248.465381371 57.2496390083
159 248.469173036 57.2496112306
160 248.420131265 57.2477223417
161 248.42379793 57.2476945639
162 248.427506265 57.2477223417
163 248.431089599 57.2477501194
164 248.434756266 57.2477501194
165 248.438381268 57.2477778972
166 248.442047934 57.2477778972
167 248.445631272 57.2478612306
168 248.449256272 57.2478612306
169 248.453006275 57.2479167861
170 248.456422939 57.2478612306
171 248.460131275 57.2479167861
172 248.463756277 57.2479445639
173 248.467422937 57.2478334528
174 248.471089607 57.2478890083
175 248.421964505 57.246055675
176 248.425589505 57.246055675
177 248.42929784 57.2460834528
178 248.432922837 57.2460278972
179 248.43654784 57.2460834528
180 248.440214511 57.2461667861
181 248.44383951 57.2461390083
182 248.447506178 57.2461667861
183 248.45108951 57.2461390083
184 248.454672848 57.2462223417
185 248.458339511 57.2461667861
186 248.461964516 57.2462501194
187 248.465631184 57.2462778972
188 248.469172849 57.2462501194
189 248.420339405 57.2442501194
190 248.42392274 57.2442778972
191 248.427506076 57.2443334528
192 248.431172743 57.2443334528
193 248.434797746 57.2443890083
194 248.438381079 57.2443890083
195 248.442047746 57.2443890083
196 248.445672749 57.2444445639
197 248.449256082 57.2444445639
198 248.452964416 57.2444445639
199 248.45658942 57.2445278972
200 248.460214417 57.2444723417
201 248.463881085 57.2445001194
202 248.467339419 57.2445001194
203 248.471089425 57.2446112306
204 248.422005979 57.2425834528
205 248.425672646 57.2425834528
206 248.429297649 57.2426390083
207 248.432922649 57.2426390083
208 248.43654765 57.2426667861
209 248.440255985 57.2426945639
210 248.443714317 57.2426667861
211 248.447547649 57.2426390083
212 248.451047653 57.2427223417
213 248.454797655 57.2427501194
214 248.458214325 57.242805675
215 248.461964323 57.2427778972
216 248.465714325 57.242805675
217 248.469297658 57.242805675
218 248.42029755 57.2408612306
219 248.423964217 57.2408612306
220 248.427672552 57.2408890083
221 248.43108922 57.2409167861
222 248.434839221 57.2409445639
223 248.438422556 57.2409723417
224 248.442047555 57.2409445639
225 248.445714224 57.2410001194
226 248.449297558 57.2410001194
227 248.453047558 57.2410001194
228 248.456547561 57.241055675
229 248.460255897 57.2411112306
230 248.463880899 57.2411390083
231 248.467505896 57.2410834528
232 248.471047564 57.2411112306
233 248.422005791 57.2391945639
234 248.425672457 57.2391945639
235 248.429380797 57.239305675
236 248.433089124 57.2391945639
237 248.43671413 57.239305675
238 248.440255794 57.2392501194
239 248.443797464 57.239305675
240 248.44746413 57.239305675
241 248.451172462 57.2392778972
242 248.454797465 57.2393334528
243 248.4585058 57.2393612306
244 248.462047468 57.2393890083
245 248.465672471 57.2394445639
246 248.46933914 57.2394723417
