1 194.182980872 25.8251112306
2 194.185147538 25.825055675
3 194.187355873 25.8251945639
4 194.18952254 25.8251945639
5 194.19164754 25.8251945639
6 194.193897539 25.8251390083
7 194.196105874 25.8252778972
8 194.198230873 25.8251667861
9 194.200397541 25.825305675
10 194.20264754 25.8252501194
11 194.204772541 25.8253334528
12 194.206939208 25.8253612306
13 194.209105874 25.8253334528
14 194.211314208 25.8253334528
15 194.181980854 25.8233334528
16 194.184022521 25.8233890083
17 194.186230855 25.8234445639
18 194.188397522 25.8235001194
19 194.190605855 25.8234445639
20 194.192814188 25.8234445639
21 194.194980854 25.8234167861
22 194.197147521 25.8234445639
23 194.199314189 25.823555675
24 194.201439189 25.823555675
25 194.203689189 25.8235278972
26 194.205855856 25.8235834528
27 194.20806419 25.8235834528
28 194.21031419 25.8235834528
29 194.212397523 25.8235834528
30 194.183022503 25.8216945639
31 194.185147504 25.8217223417
32 194.18731417 25.8216667861
33 194.189522504 25.8217501194
34 194.19168917 25.8216945639
35 194.193897504 25.8217223417
36 194.196064171 25.8218334528
37 194.198272505 25.8218334528
38 194.200439171 25.8217778972
39 194.202689172 25.8218890083
40 194.204855838 25.8218612306
41 194.206939171 25.8218334528
42 194.209189172 25.8218890083
43 194.211355839 25.8219445639
44 194.181897485 25.8199445639
45 194.184105819 25.8199723417
46 194.186272485 25.8199723417
47 194.188480819 25.8200001194
48 194.190647486 25.820055675
49 194.192772486 25.820055675
50 194.195022486 25.8200278972
51 194.19723082 25.8201112306
52 194.199397486 25.8200834528
53 194.20160582 25.8201112306
54 194.203772487 25.8201390083
55 194.205897487 25.8201390083
56 194.208064154 25.8201390083
57 194.210272488 25.8201945639
58 194.212522487 25.8201390083
59 194.183022468 25.818305675
60 194.185230801 25.818305675
61 194.187439135 25.8183612306
62 194.189605802 25.8183334528
63 194.191689136 25.8183890083
64 194.193939135 25.8183334528
65 194.196105802 25.8183612306
66 194.198314136 25.8184167861
67 194.200439136 25.8184723417
68 194.202647469 25.8184445639
69 194.20489747 25.8184723417
70 194.207064136 25.8184723417
71 194.209230803 25.8185001194
72 194.211439137 25.8185001194
73 194.181939117 25.8165834528
74 194.184064117 25.8165834528
75 194.18627245 25.8166112306
76 194.18852245 25.8166112306
77 194.190730784 25.8166390083
78 194.192897451 25.8166390083
79 194.195064118 25.8167223417
80 194.197189118 25.8167223417
81 194.199397452 25.8167223417
82 194.201647451 25.8166945639
83 194.203814119 25.8167501194
84 194.205980785 25.8166945639
85 194.208147452 25.8167501194
86 194.210314119 25.8167778972
87 194.212480786 25.8168334528
88 194.183022432 25.8148334528
89 194.185230765 25.8148334528
90 194.1874391 25.8149445639
91 194.189564099 25.8148890083
92 194.191772433 25.8149167861
93 194.194022433 25.8149723417
94 194.196147433 25.8149723417
95 194.198272433 25.8149445639
96 194.200564101 25.8150278972
97 194.202730767 25.8149723417
98 194.204855768 25.815055675
99 194.207105768 25.8150834528
100 194.209272434 25.815055675
101 194.211355768 25.8151390083
102 194.182022414 25.8131390083
103 194.184189081 25.8131112306
104 194.186397415 25.8131667861
105 194.188564082 25.8132501194
106 194.190730749 25.8132501194
107 194.192897415 25.8132223417
108 194.195105749 25.8132223417
109 194.197230749 25.8132778972
110 194.199522415 25.8132501194
111 194.20160575 25.8133334528
112 194.203772417 25.8133612306
113 194.206022416 25.8133334528
114 194.208147416 25.813305675
115 194.210439083 25.8133334528
116 194.212564083 25.8133334528
117 194.183064064 25.8114723417
118 194.185272397 25.8114445639
119 194.18748073 25.8114723417
120 194.18960573 25.8114723417
121 194.191814064 25.8115278972
122 194.194022399 25.8116390083
123 194.196147398 25.8116112306
124 194.198314065 25.811555675
125 194.200564065 25.8116112306
126 194.202772399 25.8116667861
127 194.204897399 25.8116390083
128 194.207105732 25.8116667861
129 194.209272399 25.8116945639
130 194.211439066 25.8116667861
131 194.182064046 25.8097501194
132 194.184230713 25.8097778972
133 194.186439047 25.8098334528
134 194.188605713 25.8097778972
135 194.190772379 25.8097778972
136 194.192939047 25.8098612306
137 194.195105713 25.809805675
138 194.197314047 25.8098612306
139 194.19952238 25.8098612306
140 194.201689048 25.8099167861
141 194.203897381 25.8099445639
142 194.206022381 25.8099445639
143 194.208230714 25.8099445639
144 194.210439048 25.8099723417
145 194.212564048 25.8100001194
146 194.183147361 25.8079723417
147 194.185272361 25.8080278972
148 194.187439028 25.8080834528
149 194.189605695 25.8080834528
150 194.191897362 25.8081112306
151 194.194022362 25.8081390083
152 194.196230695 25.8081112306
153 194.19843903 25.8082223417
154 194.200605696 25.8081945639
155 194.202730696 25.8081390083
156 194.20493903 25.8081945639
157 194.207105697 25.8082778972
158 194.209230697 25.8082501194
159 194.211480697 25.8082501194
160 194.182022344 25.8063612306
161 194.184230677 25.8063334528
162 194.186480677 25.8063612306
163 194.188605678 25.8063890083
164 194.190814011 25.8063612306
165 194.192980678 25.8063890083
166 194.195189011 25.8064167861
167 194.197355678 25.8064723417
168 194.199522345 25.8065001194
169 194.201772346 25.8065278972
170 194.203855679 25.8065001194
171 194.206064013 25.806555675
172 194.20823068 25.8065834528
173 194.210439012 25.8064723417
174 194.212647346 25.8065278972
175 194.183147327 25.8046945639
176 194.185313993 25.8046945639
177 194.187522327 25.8046945639
178 194.189730659 25.8046390083
179 194.191897327 25.8047223417
180 194.194105661 25.804805675
181 194.196272327 25.8047778972
182 194.198480661 25.804805675
183 194.200647327 25.8047501194
184 194.202772328 25.8048334528
185 194.204980661 25.804805675
186 194.207147328 25.8048612306
187 194.209355662 25.8048890083
188 194.211480662 25.8048890083
189 194.182147308 25.8028612306
190 194.184313975 25.8029167861
191 194.186480642 25.8029723417
192 194.188647309 25.8029723417
193 194.190855643 25.8030278972
194 194.192980643 25.8030278972
195 194.195188976 25.8030001194
196 194.19739731 25.8030834528
197 194.19952231 25.803055675
198 194.201730643 25.8030834528
199 194.203938977 25.8031667861
200 194.206105643 25.8031112306
201 194.208313977 25.8031390083
202 194.21039731 25.8031390083
203 194.212647311 25.8032223417
204 194.183147291 25.8012223417
205 194.185355624 25.8011945639
206 194.187563958 25.8012501194
207 194.189730624 25.8012778972
208 194.191897291 25.801305675
209 194.194105625 25.8013334528
210 194.196188958 25.8012778972
211 194.198522291 25.8012778972
212 194.200605625 25.8013334528
213 194.202855626 25.8013890083
214 194.204938959 25.8014167861
215 194.207188959 25.8014167861
216 194.209438959 25.8014167861
217 194.21156396 25.8014445639
218 194.182105606 25.7994723417
219 194.184313939 25.7995001194
220 194.18656394 25.7995278972
221 194.188605607 25.799555675
222 194.190855607 25.7995834528
223 194.193022274 25.7995834528
224 194.19518894 25.799555675
225 194.197397274 25.7996390083
226 194.199563941 25.7996390083
227 194.201813941 25.7996390083
228 194.203897275 25.7996945639
229 194.206147275 25.7997501194
230 194.208313942 25.7997778972
231 194.210522275 25.7997223417
232 194.212647275 25.7997501194
233 194.183147255 25.7978334528
234 194.185355589 25.7978334528
235 194.187563923 25.7979167861
236 194.189813922 25.7978334528
237 194.192022257 25.7979445639
238 194.194105589 25.7978612306
239 194.196272256 25.7979167861
240 194.198438923 25.7979445639
241 194.200688923 25.7979167861
242 194.20285559 25.7979723417
243 194.20510559 25.7980001194
244 194.207230591 25.7980278972
245 194.209397258 25.798055675
246 194.211605591 25.7980834528
