1 194.182938928 25.7984167861
2 194.185105594 25.7983890083
3 194.187313929 25.7985001194
4 194.189480596 25.7985001194
5 194.191605596 25.7985278972
6 194.193897262 25.7984723417
7 194.19606393 25.7985834528
8 194.198230596 25.7985001194
9 194.200355597 25.7986112306
10 194.202605596 25.7985834528
11 194.204730597 25.7986667861
12 194.206897264 25.7986667861
13 194.209063931 25.7986667861
14 194.211272264 25.7986390083
15 194.18193891 25.7966667861
16 194.184022244 25.7966945639
17 194.186188911 25.7967501194
18 194.188355578 25.796805675
19 194.190563911 25.7967778972
20 194.192772244 25.7967501194
21 194.194980577 25.7967501194
22 194.197105578 25.7967778972
23 194.199272245 25.7968612306
24 194.201397245 25.7968612306
25 194.203647245 25.7968334528
26 194.205855579 25.7968890083
27 194.208022246 25.7969167861
28 194.210272246 25.7969167861
29 194.212355579 25.7969167861
30 194.18298056 25.7950278972
31 194.18510556 25.7950278972
32 194.187272226 25.7949723417
33 194.18948056 25.795055675
34 194.191688893 25.7950278972
35 194.193897227 25.795055675
36 194.196063894 25.7951667861
37 194.198230561 25.7951667861
38 194.200397227 25.7950834528
39 194.202647228 25.7952223417
40 194.204813894 25.7951667861
41 194.206897227 25.7951390083
42 194.209188895 25.7951945639
43 194.211355562 25.7952778972
44 194.181855541 25.7932778972
45 194.184063875 25.793305675
46 194.186230542 25.793305675
47 194.188438875 25.7933334528
48 194.190605542 25.7933612306
49 194.192772209 25.7933890083
50 194.194980542 25.7933612306
51 194.197188876 25.7934167861
52 194.19939721 25.7934167861
53 194.201605543 25.7934167861
54 194.203730543 25.7934723417
55 194.205855543 25.7934723417
56 194.208063876 25.7934445639
57 194.210230544 25.7935278972
58 194.212480543 25.7934723417
59 194.182980524 25.7916390083
60 194.185188858 25.7916390083
61 194.187397191 25.7916667861
62 194.189563858 25.7916390083
63 194.191647192 25.7916945639
64 194.193897191 25.7916667861
65 194.196063858 25.7916945639
66 194.198272192 25.7917501194
67 194.200438859 25.7917778972
68 194.202605526 25.7917778972
69 194.204897193 25.791805675
70 194.207022193 25.791805675
71 194.209188859 25.791805675
72 194.211438859 25.791805675
73 194.18193884 25.7899167861
74 194.18406384 25.7898890083
75 194.186272173 25.7899167861
76 194.188480507 25.7899445639
77 194.19068884 25.7899445639
78 194.192855507 25.7899723417
79 194.195063841 25.7900278972
80 194.197188841 25.790055675
81 194.199397174 25.7900278972
82 194.201605508 25.7900278972
83 194.203772175 25.790055675
84 194.205980507 25.7900001194
85 194.208105508 25.7900834528
86 194.210272175 25.7901112306
87 194.212480509 25.7901390083
88 194.183022155 25.7881667861
89 194.185188822 25.7881667861
90 194.187397156 25.7882501194
91 194.189563822 25.7882223417
92 194.191730489 25.7882501194
93 194.19398049 25.7882778972
94 194.19610549 25.788305675
95 194.198272156 25.7882501194
96 194.200522157 25.7883334528
97 194.202688823 25.788305675
98 194.204813824 25.7883612306
99 194.207063824 25.7884167861
100 194.209272157 25.7883890083
101 194.211313825 25.7884445639
102 194.18198047 25.7864445639
103 194.184147137 25.7864445639
104 194.186355471 25.7865001194
105 194.188522138 25.786555675
106 194.190688805 25.7865834528
107 194.192897138 25.786555675
108 194.195063805 25.786555675
109 194.197188806 25.7866112306
110 194.199480472 25.7865834528
111 194.201563806 25.7866390083
112 194.203730473 25.7866945639
113 194.205980473 25.7866390083
114 194.208105473 25.7866390083
115 194.210397139 25.7866667861
116 194.212522139 25.7866667861
117 194.183063787 25.7847778972
118 194.185230453 25.7847778972
119 194.187438787 25.784805675
120 194.189563787 25.784805675
121 194.191813787 25.7848612306
122 194.193980455 25.7849445639
123 194.196105455 25.7849167861
124 194.198272121 25.7848890083
125 194.200522122 25.7849445639
126 194.202730456 25.7850001194
127 194.204855455 25.7849723417
128 194.207063789 25.7850001194
129 194.209272122 25.7850001194
130 194.211397122 25.7850001194
131 194.182022102 25.7830834528
132 194.184188769 25.7831112306
133 194.186397103 25.7831667861
134 194.188563769 25.7830834528
135 194.190772103 25.7831112306
136 194.192897103 25.7831945639
137 194.195105436 25.7831390083
138 194.197272103 25.7831945639
139 194.199480437 25.7831945639
140 194.201647104 25.7832501194
141 194.203855438 25.7832778972
142 194.205980438 25.7832778972
143 194.208188771 25.7832778972
144 194.210397105 25.783305675
145 194.212522105 25.7833334528
146 194.183105417 25.781305675
147 194.185272084 25.7813334528
148 194.187438751 25.7813890083
149 194.189605418 25.7813890083
150 194.191855419 25.7814445639
151 194.193980419 25.7814723417
152 194.196188752 25.7814445639
153 194.198397086 25.7815278972
154 194.200563753 25.7815278972
155 194.202730419 25.7814723417
156 194.204897086 25.7815001194
157 194.207063753 25.7815834528
158 194.209188753 25.7815834528
159 194.211438753 25.7815834528
160 194.1819804 25.7796667861
161 194.184188733 25.7796390083
162 194.186438734 25.7796667861
163 194.188563734 25.7796945639
164 194.190813734 25.7796945639
165 194.192980401 25.7797223417
166 194.195188734 25.7797501194
167 194.197313735 25.779805675
168 194.199522068 25.779805675
169 194.201730402 25.7798612306
170 194.203813735 25.779805675
171 194.206022069 25.7798612306
172 194.208230403 25.7799167861
173 194.210438735 25.7797778972
174 194.212605402 25.7798612306
175 194.183105383 25.7780001194
176 194.18527205 25.7780001194
177 194.187480383 25.7780278972
178 194.189688716 25.7779723417
179 194.191855383 25.7780278972
180 194.194063717 25.7781112306
181 194.196230384 25.7780834528
182 194.198438717 25.7781112306
183 194.200605384 25.7780834528
184 194.202730385 25.7781667861
185 194.204938718 25.7781390083
186 194.207105385 25.7781945639
187 194.209313719 25.7782223417
188 194.211438718 25.7781945639
189 194.182147031 25.7761945639
190 194.184272031 25.7762223417
191 194.186438698 25.7762778972
192 194.188605365 25.776305675
193 194.190813699 25.7763334528
194 194.192980366 25.7763612306
195 194.195147032 25.7763334528
196 194.197355366 25.7763890083
197 194.199522033 25.7763890083
198 194.201730366 25.7763890083
199 194.203897034 25.7765001194
200 194.2060637 25.7764167861
201 194.208272034 25.7764723417
202 194.210355367 25.7764445639
203 194.212605368 25.776555675
204 194.183147014 25.774555675
205 194.18531368 25.7745278972
206 194.187522014 25.7745834528
207 194.189688681 25.7746112306
208 194.191855348 25.7746390083
209 194.194105348 25.7746390083
210 194.196147014 25.7746112306
211 194.198480348 25.7746112306
212 194.200563682 25.7746667861
213 194.202813682 25.7746945639
214 194.204897016 25.7747501194
215 194.207147016 25.7747501194
216 194.209397016 25.7747501194
217 194.211522016 25.7747501194
218 194.182105329 25.772805675
219 194.184313662 25.772805675
220 194.186521996 25.7728612306
221 194.188563663 25.7728612306
222 194.190813663 25.7728890083
223 194.19298033 25.7729167861
224 194.195146997 25.7728890083
225 194.197396997 25.7729445639
226 194.199521997 25.7729723417
227 194.201771997 25.7729445639
228 194.203896998 25.7730001194
229 194.206105332 25.773055675
230 194.208271999 25.7730834528
231 194.210480331 25.7730278972
232 194.212605332 25.773055675
233 194.183146978 25.7711390083
234 194.185313645 25.7711390083
235 194.187563646 25.7712501194
236 194.189771978 25.7711390083
237 194.191980313 25.7712501194
238 194.194063646 25.7711945639
239 194.196230313 25.7712501194
240 194.19839698 25.7712501194
241 194.200646979 25.7712223417
242 194.202855313 25.7712778972
243 194.205063647 25.771305675
244 194.207188647 25.7713334528
245 194.209355314 25.7713890083
246 194.211563648 25.7714167861
