1 248.372173943 57.2659167861
2 248.37579894 57.2658612306
3 248.379465614 57.2660001194
4 248.383048947 57.2660001194
5 248.386590614 57.2660001194
6 248.390382279 57.2659723417
7 248.394048952 57.2660834528
8 248.397590612 57.2659723417
9 248.401173954 57.2661112306
10 248.404923952 57.2660834528
11 248.408465622 57.2661390083
12 248.412090623 57.2661667861
13 248.415673955 57.2661390083
14 248.419340622 57.2661390083
15 248.370507177 57.2641390083
16 248.373923847 57.2641945639
17 248.377590517 57.2642501194
18 248.381173853 57.264305675
19 248.384840517 57.2642501194
20 248.38854885 57.2642501194
21 248.392173848 57.2642223417
22 248.395798852 57.2642778972
23 248.39938219 57.2643612306
24 248.402923856 57.2643612306
25 248.406673855 57.2643334528
26 248.410298858 57.2643890083
27 248.413965524 57.2643890083
28 248.417673858 57.2643890083
29 248.421173858 57.2643890083
30 248.372215419 57.2625001194
31 248.375757088 57.2625278972
32 248.379423751 57.2624723417
33 248.383048756 57.262555675
34 248.386715419 57.2625001194
35 248.390382088 57.2625278972
36 248.394007094 57.2626390083
37 248.39767376 57.2626390083
38 248.401257091 57.2625834528
39 248.40496543 57.2626945639
40 248.408590429 57.2626667861
41 248.412090427 57.2626390083
42 248.41584043 57.2626945639
43 248.419465433 57.2627501194
44 248.370381989 57.2607501194
45 248.374048657 57.2607778972
46 248.377673657 57.2607778972
47 248.381340325 57.260805675
48 248.384965328 57.2608612306
49 248.388506995 57.2608612306
50 248.392256993 57.2608334528
51 248.395923665 57.2609167861
52 248.399548663 57.2608890083
53 248.403215331 57.2609167861
54 248.406798666 57.2609445639
55 248.410340333 57.2609445639
56 248.413965333 57.2609445639
57 248.417632004 57.2610278972
58 248.421340334 57.2609723417
59 248.372256898 57.2591112306
60 248.375923564 57.2591112306
61 248.379590234 57.2591667861
62 248.383173566 57.2591390083
63 248.386673569 57.2591945639
64 248.390423566 57.2591390083
65 248.394048567 57.2591667861
66 248.397715237 57.2592223417
67 248.401256907 57.2592778972
68 248.404965239 57.2592501194
69 248.40871524 57.2592778972
70 248.412298575 57.259305675
71 248.415881908 57.259305675
72 248.419590242 57.259305675
73 248.370465135 57.2573890083
74 248.374048468 57.2573890083
75 248.37767347 57.2574167861
76 248.38142347 57.2574167861
77 248.385090138 57.2574445639
78 248.388673472 57.2574445639
79 248.392340143 57.2575278972
80 248.39588181 57.2575278972
81 248.399548476 57.2575278972
82 248.40325681 57.2575278972
83 248.406840144 57.257555675
84 248.410506808 57.2575001194
85 248.414048478 57.257555675
86 248.417673479 57.2575834528
87 248.421340149 57.2576390083
88 248.372298371 57.2556390083
89 248.375923371 57.2556390083
90 248.379590044 57.2557501194
91 248.383173374 57.2556945639
92 248.386840042 57.2557223417
93 248.390590046 57.2557778972
94 248.394090046 57.2557778972
95 248.397673377 57.2557501194
96 248.401465049 57.2558334528
97 248.405090046 57.2557778972
98 248.408631717 57.2558612306
99 248.412298387 57.2559167861
100 248.41596505 57.2558612306
101 248.419423388 57.2559445639
102 248.370589944 57.2539445639
103 248.374173275 57.2539167861
104 248.377839945 57.2539723417
105 248.38146495 57.254055675
106 248.38508995 57.254055675
107 248.388714948 57.2540278972
108 248.392381615 57.2540278972
109 248.395923286 57.2541112306
110 248.399714951 57.2540834528
111 248.403214954 57.2541390083
112 248.406756624 57.2541945639
113 248.410548288 57.2541390083
114 248.414048286 57.2541112306
115 248.417839954 57.2541390083
116 248.421423289 57.2541667861
117 248.372339851 57.2522778972
118 248.376006516 57.2522501194
119 248.379673184 57.2522778972
120 248.383214851 57.2522778972
121 248.386923187 57.2523334528
122 248.390548194 57.2524445639
123 248.394089859 57.2524167861
124 248.397714857 57.2523890083
125 248.401464859 57.2524167861
126 248.405089862 57.2524723417
127 248.408631527 57.2524445639
128 248.412381528 57.2524723417
129 248.415964863 57.2525001194
130 248.419548197 57.2525001194
131 248.370631423 57.2505834528
132 248.374256425 57.2506112306
133 248.377923093 57.2506390083
134 248.38154809 57.2505834528
135 248.385173092 57.2506112306
136 248.388756428 57.2506667861
137 248.392381427 57.2506390083
138 248.396048096 57.2506945639
139 248.399714761 57.2506667861
140 248.403339765 57.2507223417
141 248.407006433 57.2507501194
142 248.410506433 57.2507501194
143 248.414173099 57.2507501194
144 248.417881434 57.2507778972
145 248.421423103 57.250805675
146 248.372464656 57.2487778972
147 248.376047993 57.2488334528
148 248.379631329 57.2488890083
149 248.383256329 57.2488890083
150 248.387006331 57.2489167861
151 248.390589667 57.2489723417
152 248.394214664 57.2489167861
153 248.397923004 57.2490278972
154 248.401506336 57.2490001194
155 248.405089667 57.2489723417
156 248.408756336 57.2490001194
157 248.412339673 57.2490834528
158 248.415881339 57.249055675
159 248.419631339 57.249055675
160 248.370589567 57.2471667861
161 248.374256232 57.2471390083
162 248.378006234 57.2471667861
163 248.381589569 57.2471945639
164 248.385256235 57.2471945639
165 248.38883957 57.2472223417
166 248.392547903 57.2472223417
167 248.39613124 57.2472778972
168 248.399756241 57.247305675
169 248.403464576 57.2473334528
170 248.406922908 57.247305675
171 248.410631244 57.2473612306
172 248.414256246 57.2473890083
173 248.417922906 57.2472778972
174 248.42154791 57.2473334528
175 248.372464474 57.2455001194
176 248.376047808 57.2455001194
177 248.379756141 57.2455001194
178 248.383381139 57.2454723417
179 248.387047809 57.2455278972
180 248.390672814 57.2456112306
181 248.394339479 57.2455834528
182 248.398006147 57.2456112306
183 248.401589479 57.2455834528
184 248.405131149 57.2456390083
185 248.408839481 57.2456112306
186 248.412422817 57.2456667861
187 248.416089485 57.2456945639
188 248.419631152 57.2456945639
189 248.370839373 57.2436667861
190 248.374381042 57.2437223417
191 248.378006045 57.2437778972
192 248.381631045 57.2437778972
193 248.385297715 57.2438334528
194 248.388839382 57.2438334528
195 248.392506047 57.243805675
196 248.396172718 57.2438890083
197 248.39975605 57.2438612306
198 248.403422718 57.2438890083
199 248.407089389 57.2439723417
200 248.41067272 57.2439167861
201 248.414381055 57.2439445639
202 248.417839388 57.2439445639
203 248.421589394 57.244055675
204 248.372505948 57.2420278972
205 248.376130948 57.2420278972
206 248.379797616 57.242055675
207 248.383422618 57.2420834528
208 248.387005953 57.2421112306
209 248.390755954 57.2421390083
210 248.394172618 57.2420834528
211 248.398047618 57.2420834528
212 248.401505954 57.2421390083
213 248.405297624 57.2421945639
214 248.408714292 57.2422223417
215 248.412464292 57.2422223417
216 248.416214294 57.2422501194
217 248.41975596 57.2422501194
218 248.370755851 57.2402778972
219 248.374422519 57.240305675
220 248.378130854 57.2403334528
221 248.381589189 57.2403612306
222 248.385297524 57.2403890083
223 248.388880857 57.2403890083
224 248.392505857 57.2403890083
225 248.396214194 57.2404445639
226 248.39975586 57.2404445639
227 248.40350586 57.2404445639
228 248.40704753 57.2405001194
229 248.4107142 57.240555675
230 248.414339201 57.2405834528
231 248.418005865 57.2405278972
232 248.421547533 57.240555675
233 248.37250576 57.2386390083
234 248.37613076 57.2386390083
235 248.379839098 57.2387223417
236 248.383547427 57.2386390083
237 248.387214099 57.2387501194
238 248.390714095 57.2386667861
239 248.394297431 57.2387223417
240 248.397922433 57.2387501194
241 248.401630765 57.2387223417
242 248.405297434 57.2387778972
243 248.409005769 57.238805675
244 248.412547437 57.2388334528
245 248.416130772 57.2388612306
246 248.41979744 57.2388890083
