1 191.096449001 16.7994723417
2 191.098490667 16.7994167861
3 191.100574001 16.7995278972
4 191.102574001 16.7995278972
5 191.104574001 16.799555675
6 191.106740668 16.7995001194
7 191.108782335 16.7996112306
8 191.110782334 16.7995278972
9 191.112824002 16.7996390083
10 191.114949002 16.7996112306
11 191.116949002 16.7996945639
12 191.118990669 16.7996945639
13 191.121032335 16.7996945639
14 191.123074002 16.7996667861
15 191.095490657 16.7976945639
16 191.09744899 16.7977223417
17 191.099490657 16.797805675
18 191.101532324 16.7978334528
19 191.103615657 16.797805675
20 191.10569899 16.7977778972
21 191.107740657 16.7977778972
22 191.109782324 16.797805675
23 191.111823991 16.7978890083
24 191.113782324 16.7978890083
25 191.115907324 16.7978612306
26 191.117990658 16.7979167861
27 191.120032325 16.7979445639
28 191.122157325 16.7979445639
29 191.124115658 16.7979445639
30 191.096490647 16.796055675
31 191.098490647 16.7960834528
32 191.100532313 16.7960001194
33 191.10257398 16.7960834528
34 191.104657313 16.796055675
35 191.106740647 16.7960834528
36 191.108782314 16.7961945639
37 191.110823981 16.7961945639
38 191.112865647 16.7961390083
39 191.114948981 16.7962501194
40 191.116990647 16.7961945639
41 191.118990647 16.7961667861
42 191.121115648 16.7962223417
43 191.123157315 16.796305675
44 191.095407303 16.794305675
45 191.097490636 16.7943334528
46 191.099532303 16.7943334528
47 191.101615636 16.7943612306
48 191.103657303 16.7943890083
49 191.105657303 16.7944167861
50 191.107782303 16.7943890083
51 191.109865637 16.7944445639
52 191.111907303 16.7944445639
53 191.113990637 16.7944445639
54 191.115990637 16.7945001194
55 191.117990637 16.7945001194
56 191.12007397 16.7944723417
57 191.122115637 16.794555675
58 191.12419897 16.7945001194
59 191.096490626 16.7926667861
60 191.098573959 16.7926667861
61 191.100657293 16.7926945639
62 191.102657293 16.7926667861
63 191.104657293 16.7927223417
64 191.106740626 16.7926945639
65 191.108782293 16.7927223417
66 191.110865627 16.7927778972
67 191.112865627 16.7928334528
68 191.11494896 16.792805675
69 191.11707396 16.7928334528
70 191.119115627 16.7928334528
71 191.121157294 16.7928612306
72 191.123240627 16.7928334528
73 191.095490615 16.7909445639
74 191.097490615 16.7909445639
75 191.099573949 16.7909445639
76 191.101657282 16.7909723417
77 191.103740616 16.7909723417
78 191.105740616 16.7910001194
79 191.107823949 16.791055675
80 191.10982395 16.7910834528
81 191.111907283 16.791055675
82 191.113990616 16.791055675
83 191.116032283 16.7910834528
84 191.118073949 16.791055675
85 191.120115616 16.7911112306
86 191.122157283 16.7911390083
87 191.12419895 16.7911667861
88 191.096490605 16.7891945639
89 191.098573938 16.7891945639
90 191.100615605 16.7892778972
91 191.102657272 16.7892501194
92 191.104740605 16.7892778972
93 191.106823939 16.789305675
94 191.108823939 16.7893334528
95 191.110865605 16.789305675
96 191.112990606 16.7893612306
97 191.115032272 16.7893334528
98 191.117032273 16.7893890083
99 191.119115606 16.7894445639
100 191.121198939 16.7894167861
101 191.123157273 16.7895001194
102 191.095573928 16.7874723417
103 191.097573928 16.7874723417
104 191.099657261 16.7875278972
105 191.101698928 16.7875834528
106 191.103740595 16.7876112306
107 191.105782262 16.7875834528
108 191.107823928 16.7875834528
109 191.109865595 16.7876390083
110 191.111990595 16.7876112306
111 191.113948929 16.7876667861
112 191.115990596 16.7877223417
113 191.118115595 16.7876667861
114 191.120115595 16.7876667861
115 191.122240596 16.7876945639
116 191.124240596 16.7876945639
117 191.096532251 16.785805675
118 191.098615584 16.785805675
119 191.100657251 16.7858334528
120 191.102698918 16.7858334528
121 191.104782251 16.7858890083
122 191.106823918 16.7859723417
123 191.108823918 16.7859445639
124 191.110865585 16.7859167861
125 191.112990585 16.7859723417
126 191.115032252 16.7860278972
127 191.117032252 16.7860001194
128 191.119157252 16.7860278972
129 191.121198919 16.7860278972
130 191.123198919 16.7860278972
131 191.095573907 16.7841112306
132 191.097615574 16.7841390083
133 191.099698908 16.7841945639
134 191.101740574 16.7841390083
135 191.103782241 16.7841390083
136 191.105823908 16.7842223417
137 191.107865574 16.7841667861
138 191.109907241 16.7842223417
139 191.111990574 16.7842223417
140 191.114032241 16.7842778972
141 191.116115575 16.784305675
142 191.118115575 16.784305675
143 191.120157242 16.784305675
144 191.122282242 16.7843334528
145 191.124282242 16.7843612306
146 191.096615563 16.7823334528
147 191.098615563 16.7823612306
148 191.10065723 16.7824167861
149 191.102698897 16.7824445639
150 191.104823897 16.7824723417
151 191.106823897 16.7825001194
152 191.10890723 16.7824723417
153 191.110990564 16.782555675
154 191.113032231 16.782555675
155 191.115032231 16.7825001194
156 191.117115564 16.7825278972
157 191.119115565 16.7826112306
158 191.121115565 16.7826112306
159 191.123240565 16.7826112306
160 191.09553222 16.7806945639
161 191.097615553 16.7806945639
162 191.099740553 16.7806945639
163 191.101740553 16.7807223417
164 191.103823886 16.7807223417
165 191.105865553 16.7807501194
166 191.107948887 16.7807778972
167 191.109990554 16.7808334528
168 191.112032221 16.7808612306
169 191.114115554 16.7808890083
170 191.116073887 16.7808334528
171 191.118157221 16.7808890083
172 191.120198888 16.7809445639
173 191.12228222 16.7808334528
174 191.124365554 16.7808890083
175 191.096615543 16.7790278972
176 191.098615543 16.779055675
177 191.100740543 16.779055675
178 191.102782209 16.7790001194
179 191.104823876 16.779055675
180 191.10690721 16.7791390083
181 191.108948877 16.7791112306
182 191.11103221 16.7791390083
183 191.11303221 16.7791112306
184 191.115073877 16.7791945639
185 191.11715721 16.7791667861
186 191.119198877 16.7792223417
187 191.121282211 16.7792501194
188 191.123240544 16.7792223417
189 191.095657199 16.7772223417
190 191.097698866 16.7772778972
191 191.099740532 16.777305675
192 191.101782199 16.7773334528
193 191.103865533 16.7773612306
194 191.105865533 16.7773890083
195 191.107948866 16.7773612306
196 191.109990533 16.7774167861
197 191.1120322 16.7774167861
198 191.114115533 16.7774167861
199 191.1161572 16.7775278972
200 191.118198867 16.7774445639
201 191.1202822 16.7775001194
202 191.122240534 16.7775001194
203 191.124365534 16.7775834528
204 191.096615522 16.7755834528
205 191.098657188 16.775555675
206 191.100740522 16.7756112306
207 191.102782189 16.7756390083
208 191.104823856 16.7756667861
209 191.106907189 16.7756945639
210 191.108865522 16.7756390083
211 191.111032189 16.7756390083
212 191.113032189 16.7756945639
213 191.115157189 16.7757223417
214 191.117073856 16.7757778972
215 191.119198856 16.7757778972
216 191.121323856 16.7757778972
217 191.123323856 16.7757778972
218 191.095657178 16.7738334528
219 191.097698845 16.7738334528
220 191.099823845 16.7738890083
221 191.101740512 16.7738890083
222 191.103865512 16.7739445639
223 191.105865512 16.7739445639
224 191.107907178 16.7739167861
225 191.110032179 16.7739723417
226 191.112032179 16.7740001194
227 191.114157179 16.7739723417
228 191.116115512 16.7740278972
229 191.118240513 16.7740834528
230 191.12028218 16.7741112306
231 191.122323846 16.7740834528
232 191.124323846 16.7740834528
233 191.096615501 16.7721667861
234 191.098698834 16.7721667861
235 191.100782168 16.7722778972
236 191.102865501 16.7721667861
237 191.104948835 16.7722778972
238 191.106907168 16.7722223417
239 191.108948835 16.7722778972
240 191.110990502 16.7722778972
241 191.113073835 16.7722501194
242 191.115157169 16.772305675
243 191.117240502 16.7723334528
244 191.119240502 16.7723612306
245 191.121282169 16.7724167861
246 191.123365503 16.7724445639
