1 191.106490646 16.7958890083
2 191.108532312 16.7958334528
3 191.110615646 16.7959445639
4 191.112615646 16.7959445639
5 191.114615646 16.7959723417
6 191.116782312 16.7959167861
7 191.11882398 16.7960278972
8 191.120823979 16.7959445639
9 191.122865647 16.796055675
10 191.124990646 16.7960278972
11 191.126990647 16.7961112306
12 191.129032314 16.7961112306
13 191.13107398 16.7961112306
14 191.133115647 16.7960834528
15 191.105532301 16.7941112306
16 191.107490635 16.7941390083
17 191.109532302 16.7942223417
18 191.111573969 16.7942501194
19 191.113657302 16.7942223417
20 191.115740635 16.7941945639
21 191.117782302 16.7941945639
22 191.119823969 16.7942223417
23 191.121865636 16.7943334528
24 191.123823969 16.794305675
25 191.125948969 16.7942778972
26 191.128032303 16.7943334528
27 191.13007397 16.7943612306
28 191.13219897 16.7943612306
29 191.134157303 16.7943612306
30 191.106532291 16.7924723417
31 191.108532292 16.7925001194
32 191.110573958 16.7924167861
33 191.112615625 16.7925278972
34 191.114698958 16.7924723417
35 191.116782292 16.7925001194
36 191.118823959 16.7926112306
37 191.120865626 16.7926112306
38 191.122907292 16.792555675
39 191.124990626 16.7926667861
40 191.127032292 16.7926112306
41 191.129032292 16.7925834528
42 191.131157292 16.7926390083
43 191.13319896 16.7927223417
44 191.105448947 16.7907223417
45 191.107532281 16.7907501194
46 191.109573948 16.7907501194
47 191.111657281 16.7907778972
48 191.113698948 16.790805675
49 191.115698948 16.7908334528
50 191.117823948 16.790805675
51 191.119907282 16.7908612306
52 191.121948948 16.7908612306
53 191.124032282 16.7908612306
54 191.126032282 16.7909167861
55 191.128032282 16.7909167861
56 191.130073948 16.7908890083
57 191.132157282 16.7909723417
58 191.134240615 16.7909167861
59 191.106532271 16.7890834528
60 191.108615604 16.7890834528
61 191.110698938 16.7891112306
62 191.112698937 16.7890834528
63 191.114698938 16.7891390083
64 191.116782271 16.7891112306
65 191.118823938 16.7891390083
66 191.120907271 16.7891945639
67 191.122907272 16.7892501194
68 191.124990605 16.7892223417
69 191.127115605 16.7892501194
70 191.129157272 16.7892501194
71 191.131198939 16.7892778972
72 191.133282272 16.7892501194
73 191.10553226 16.7873612306
74 191.10753226 16.7873612306
75 191.109615594 16.7873612306
76 191.111698927 16.7873890083
77 191.113782261 16.7874167861
78 191.115782261 16.7874167861
79 191.117865594 16.7874723417
80 191.119865594 16.7875001194
81 191.121948928 16.7875001194
82 191.124032261 16.7874723417
83 191.126073928 16.7875001194
84 191.128115594 16.7874723417
85 191.130157261 16.7875278972
86 191.132198928 16.787555675
87 191.134240595 16.7875834528
88 191.10653225 16.7856112306
89 191.108573916 16.7856112306
90 191.11065725 16.7856945639
91 191.112698917 16.7856667861
92 191.114740583 16.7856945639
93 191.116865584 16.7857223417
94 191.118865584 16.7857501194
95 191.12090725 16.7857223417
96 191.123032251 16.7857778972
97 191.125073917 16.7857501194
98 191.127073917 16.785805675
99 191.129157251 16.7858612306
100 191.131240584 16.7858334528
101 191.133157251 16.7859167861
102 191.105615572 16.7838890083
103 191.107615572 16.7838890083
104 191.109698906 16.7839445639
105 191.111740573 16.7840001194
106 191.11378224 16.7840278972
107 191.115823906 16.7840001194
108 191.117865573 16.7840001194
109 191.11990724 16.784055675
110 191.12203224 16.7840278972
111 191.123990574 16.7840834528
112 191.126032241 16.7841390083
113 191.12815724 16.7840834528
114 191.130115574 16.7840834528
115 191.13228224 16.7841112306
116 191.13428224 16.7841112306
117 191.106573896 16.7822501194
118 191.108657229 16.7822223417
119 191.110698896 16.7822501194
120 191.112740562 16.7822501194
121 191.114823896 16.782305675
122 191.116865563 16.7823890083
123 191.118865563 16.7823890083
124 191.12090723 16.7823334528
125 191.12303223 16.7823890083
126 191.125073897 16.7824445639
127 191.127073897 16.7824167861
128 191.129198897 16.7824445639
129 191.131240564 16.7824445639
130 191.133240564 16.7824445639
131 191.105615552 16.7805278972
132 191.107657219 16.780555675
133 191.109740552 16.7806112306
134 191.111782219 16.780555675
135 191.113823885 16.780555675
136 191.115823886 16.7806390083
137 191.117907219 16.7805834528
138 191.119948886 16.7806390083
139 191.122032219 16.7806390083
140 191.124073886 16.7806945639
141 191.12615722 16.7807223417
142 191.12815722 16.7807223417
143 191.130198886 16.7807223417
144 191.132323887 16.7807501194
145 191.134323887 16.7807778972
146 191.106657208 16.7787501194
147 191.108657208 16.7787778972
148 191.110698875 16.7788334528
149 191.112740542 16.7788612306
150 191.114865542 16.7788890083
151 191.116865542 16.7789167861
152 191.118948875 16.7788890083
153 191.121032209 16.7789723417
154 191.123073876 16.7789723417
155 191.125073875 16.7789167861
156 191.127157209 16.7789723417
157 191.12915721 16.7790278972
158 191.13115721 16.7790278972
159 191.13328221 16.7790278972
160 191.105573864 16.7771112306
161 191.107657198 16.7771112306
162 191.109782198 16.7771112306
163 191.111782198 16.7771390083
164 191.113865531 16.7771390083
165 191.115907198 16.7771667861
166 191.117990532 16.7771945639
167 191.120032199 16.7772501194
168 191.122073866 16.7772778972
169 191.124157199 16.777305675
170 191.126115532 16.7772501194
171 191.128198866 16.777305675
172 191.130240533 16.7773612306
173 191.132323865 16.7772501194
174 191.134365532 16.777305675
175 191.106657188 16.7754445639
176 191.108657188 16.7754723417
177 191.110782188 16.7754723417
178 191.112823854 16.7754167861
179 191.114865521 16.7754723417
180 191.116948855 16.775555675
181 191.118990522 16.7755278972
182 191.121073855 16.7755834528
183 191.123073855 16.7755278972
184 191.125115522 16.7756112306
185 191.127198855 16.7755834528
186 191.129240522 16.7756390083
187 191.131282189 16.7756667861
188 191.133282189 16.7756390083
189 191.105698843 16.7736390083
190 191.10774051 16.7736945639
191 191.109782177 16.7737223417
192 191.111823844 16.7737501194
193 191.113907178 16.7737778972
194 191.115907178 16.773805675
195 191.117990511 16.7737778972
196 191.120032178 16.7738334528
197 191.122073845 16.7738334528
198 191.124157178 16.7738612306
199 191.126198845 16.7739445639
200 191.128240511 16.7738612306
201 191.130323845 16.7739167861
202 191.132282178 16.7739167861
203 191.134407179 16.7740001194
204 191.106657167 16.7720001194
205 191.108698833 16.7719723417
206 191.110782167 16.7720278972
207 191.112823834 16.772055675
208 191.114865501 16.7720834528
209 191.116948834 16.7721112306
210 191.118907167 16.772055675
211 191.121073834 16.772055675
212 191.123073834 16.7721112306
213 191.125198834 16.7721390083
214 191.127115501 16.7721945639
215 191.129240501 16.7721945639
216 191.131365501 16.7721945639
217 191.133365501 16.7721945639
218 191.105698823 16.7702501194
219 191.107740489 16.7702501194
220 191.10986549 16.770305675
221 191.111782156 16.770305675
222 191.113907157 16.7703612306
223 191.115907157 16.7703612306
224 191.117948823 16.7703334528
225 191.120073824 16.7703890083
226 191.122073824 16.7704167861
227 191.124198824 16.7703890083
228 191.126157157 16.7704445639
229 191.128282158 16.7705001194
230 191.130323824 16.7705278972
231 191.132365491 16.7705001194
232 191.134365491 16.7705001194
233 191.106657146 16.7685834528
234 191.108740479 16.7685834528
235 191.110823813 16.7686945639
236 191.112907146 16.7686112306
237 191.11499048 16.7687223417
238 191.116948813 16.7686390083
239 191.11899048 16.7686945639
240 191.121032147 16.7686945639
241 191.12311548 16.7686667861
242 191.125198813 16.7687223417
243 191.127282147 16.7687501194
244 191.129282147 16.7687778972
245 191.131323814 16.7688334528
246 191.133407148 16.7688612306
