1 191.105448982 16.7964167861
2 191.107490649 16.7963890083
3 191.109573983 16.7965001194
4 191.111573983 16.7965001194
5 191.113573983 16.7965001194
6 191.115740649 16.7964723417
7 191.117782316 16.7965834528
8 191.119782316 16.7964723417
9 191.121823983 16.7966112306
10 191.123948983 16.7965834528
11 191.125948983 16.7966390083
12 191.12799065 16.7966667861
13 191.130032317 16.7966390083
14 191.132073983 16.7966390083
15 191.104490638 16.7946390083
16 191.106448972 16.7946945639
17 191.108490639 16.7947501194
18 191.110532306 16.794805675
19 191.112615639 16.7947501194
20 191.114698972 16.7947501194
21 191.116740638 16.7947223417
22 191.118782305 16.7947778972
23 191.120823973 16.7948612306
24 191.122782306 16.7948612306
25 191.124907306 16.7948334528
26 191.126990639 16.7948890083
27 191.129032306 16.7949167861
28 191.131157306 16.7949167861
29 191.13311564 16.7949167861
30 191.105490628 16.7930001194
31 191.107490628 16.7930278972
32 191.109532294 16.7929723417
33 191.111573962 16.793055675
34 191.113657295 16.7930001194
35 191.115740628 16.7930278972
36 191.117782295 16.7931390083
37 191.119823962 16.7931390083
38 191.121865628 16.7930834528
39 191.123948962 16.7931945639
40 191.125990629 16.7931667861
41 191.127990629 16.7931390083
42 191.130115629 16.7931945639
43 191.132157296 16.7932501194
44 191.104407284 16.7912778972
45 191.106490618 16.791305675
46 191.108532284 16.7912778972
47 191.110615618 16.791305675
48 191.112657285 16.7913612306
49 191.114657285 16.7913612306
50 191.116782285 16.7913612306
51 191.118865618 16.7914167861
52 191.120907285 16.7913890083
53 191.122990618 16.7914167861
54 191.124990618 16.7914445639
55 191.126990618 16.7914445639
56 191.129073952 16.7914445639
57 191.131115619 16.7915278972
58 191.133198952 16.7914723417
59 191.105490607 16.7896112306
60 191.107573941 16.7896112306
61 191.109657274 16.7896667861
62 191.111657274 16.7896390083
63 191.113657274 16.7896945639
64 191.115740607 16.7896390083
65 191.117782274 16.7896945639
66 191.119865608 16.7897223417
67 191.121865608 16.7897778972
68 191.123948942 16.7897778972
69 191.126073942 16.789805675
70 191.128115608 16.789805675
71 191.130157275 16.789805675
72 191.132240608 16.789805675
73 191.104490597 16.7878890083
74 191.106490597 16.7878890083
75 191.10857393 16.7879167861
76 191.110657264 16.7879167861
77 191.112740597 16.7879445639
78 191.114740597 16.7879445639
79 191.116823931 16.7880278972
80 191.118823931 16.7880278972
81 191.120907264 16.7880278972
82 191.122990598 16.7880278972
83 191.125032264 16.788055675
84 191.127073931 16.7880001194
85 191.129115598 16.788055675
86 191.131157265 16.7880834528
87 191.133198932 16.7881390083
88 191.105490586 16.7861390083
89 191.10757392 16.7861667861
90 191.109615587 16.7862501194
91 191.111657253 16.7861945639
92 191.113740587 16.7862223417
93 191.11582392 16.7862778972
94 191.11782392 16.7862778972
95 191.119865587 16.7862501194
96 191.121990587 16.7863334528
97 191.124032254 16.7862778972
98 191.126032254 16.7863612306
99 191.128115588 16.7864167861
100 191.130198921 16.7863612306
101 191.132115588 16.7864445639
102 191.104573909 16.7844445639
103 191.106573909 16.7844167861
104 191.108657243 16.7844723417
105 191.11069891 16.784555675
106 191.112740577 16.784555675
107 191.114782243 16.7845278972
108 191.11682391 16.7845278972
109 191.118865577 16.7846112306
110 191.120990577 16.7845834528
111 191.12294891 16.7846390083
112 191.124990577 16.7846945639
113 191.127115577 16.7846390083
114 191.12907391 16.7846112306
115 191.131240577 16.7846667861
116 191.133240577 16.7846667861
117 191.105532232 16.7827778972
118 191.107615566 16.7827778972
119 191.109657232 16.7827778972
120 191.111698899 16.7827778972
121 191.113782233 16.7828612306
122 191.1158239 16.7829445639
123 191.1178239 16.7829167861
124 191.119865566 16.7828890083
125 191.121990567 16.7829167861
126 191.124032234 16.7829723417
127 191.126032233 16.7829445639
128 191.128157234 16.7830001194
129 191.1301989 16.7830001194
130 191.1321989 16.7830001194
131 191.104573889 16.7810834528
132 191.106615556 16.7811112306
133 191.108698889 16.7811390083
134 191.110740555 16.7810834528
135 191.112782222 16.7811112306
136 191.114782223 16.7811667861
137 191.116865556 16.7811390083
138 191.118907223 16.7811945639
139 191.120990556 16.7811667861
140 191.123032223 16.7812223417
141 191.125115556 16.7812501194
142 191.127115556 16.7812501194
143 191.129157223 16.7812501194
144 191.131282223 16.781305675
145 191.133282223 16.781305675
146 191.105615544 16.7792778972
147 191.107615545 16.7793334528
148 191.109657212 16.7793890083
149 191.111698878 16.7793890083
150 191.113823879 16.7794167861
151 191.115823879 16.7794723417
152 191.117907212 16.7794167861
153 191.119990546 16.7795278972
154 191.122032212 16.7795001194
155 191.124032212 16.7794723417
156 191.126115546 16.7795001194
157 191.128115546 16.7795834528
158 191.130115546 16.779555675
159 191.132240546 16.779555675
160 191.104532201 16.7776667861
161 191.106615534 16.7776390083
162 191.108740535 16.7776667861
163 191.110740535 16.7776945639
164 191.112823868 16.7776945639
165 191.114865535 16.7777223417
166 191.116948868 16.7777223417
167 191.118990535 16.7777778972
168 191.121032202 16.777805675
169 191.123115536 16.7778612306
170 191.125073869 16.777805675
171 191.127157202 16.7778612306
172 191.129198869 16.7778890083
173 191.131282202 16.7777778972
174 191.133323869 16.7778334528
175 191.105615524 16.7760001194
176 191.107615524 16.7760001194
177 191.109740525 16.7760278972
178 191.111782191 16.7759723417
179 191.113823858 16.7760278972
180 191.115907192 16.7761112306
181 191.117948858 16.7760834528
182 191.120032192 16.7761112306
183 191.122032192 16.7760834528
184 191.124073859 16.7761390083
185 191.126157192 16.7761112306
186 191.128198859 16.7761667861
187 191.130282192 16.7762223417
188 191.132240526 16.7761945639
189 191.10465718 16.7741667861
190 191.106698847 16.7742223417
191 191.108740514 16.7742778972
192 191.110782181 16.7742778972
193 191.112865514 16.7743334528
194 191.114865514 16.7743334528
195 191.116948847 16.774305675
196 191.118990515 16.7743890083
197 191.121032181 16.7743612306
198 191.123115515 16.7743890083
199 191.125157182 16.7744723417
200 191.127198848 16.7744167861
201 191.129282182 16.7744445639
202 191.131240515 16.7744445639
203 191.133365516 16.774555675
204 191.105615503 16.7725278972
205 191.10765717 16.7725278972
206 191.109740503 16.772555675
207 191.11178217 16.7725834528
208 191.113823837 16.7726112306
209 191.115907171 16.7726390083
210 191.117865504 16.7725834528
211 191.12003217 16.7725834528
212 191.122032171 16.7726390083
213 191.124157171 16.7726945639
214 191.126073838 16.7727223417
215 191.128198838 16.7727223417
216 191.130323838 16.7727501194
217 191.132323838 16.7727501194
218 191.104657159 16.770805675
219 191.106698826 16.770805675
220 191.108823826 16.7708334528
221 191.110740493 16.7708612306
222 191.112865493 16.7708890083
223 191.114865493 16.7708890083
224 191.11690716 16.7708890083
225 191.11903216 16.7709445639
226 191.12103216 16.7709445639
227 191.12315716 16.7709445639
228 191.125115494 16.7710001194
229 191.127240494 16.771055675
230 191.129282161 16.7710834528
231 191.131323827 16.7710278972
232 191.133323828 16.771055675
233 191.105615483 16.7691390083
234 191.107698816 16.7691390083
235 191.10978215 16.7692223417
236 191.111865483 16.7691390083
237 191.113948817 16.7692501194
238 191.115907149 16.7691667861
239 191.117948816 16.7692223417
240 191.119990483 16.7692501194
241 191.122073816 16.7692223417
242 191.12415715 16.7692778972
243 191.126240484 16.769305675
244 191.128240484 16.7693334528
245 191.130282151 16.7693612306
246 191.132365484 16.7693890083
