1 194.181855878 25.8256390083
2 194.184022544 25.8256112306
3 194.186272545 25.8257223417
4 194.188397545 25.8257223417
5 194.190522545 25.8257501194
6 194.192814211 25.8256945639
7 194.195022546 25.825805675
8 194.197147545 25.8257223417
9 194.199272546 25.8258334528
10 194.201522546 25.825805675
11 194.203689214 25.8258890083
12 194.20585588 25.8258890083
13 194.20798088 25.8258890083
14 194.210189213 25.8258612306
15 194.180855859 25.8238890083
16 194.182939193 25.8239167861
17 194.18510586 25.8239723417
18 194.187272527 25.8240278972
19 194.189480861 25.8240001194
20 194.191689194 25.8239723417
21 194.193897527 25.8239723417
22 194.196064194 25.8240001194
23 194.198230861 25.8240834528
24 194.200314195 25.8240834528
25 194.202605861 25.824055675
26 194.204772528 25.8241112306
27 194.206980862 25.8241390083
28 194.209189195 25.8241390083
29 194.211314195 25.8241390083
30 194.181897509 25.8222223417
31 194.184022509 25.8222501194
32 194.186230842 25.8221945639
33 194.188397509 25.8222778972
34 194.190605842 25.8222501194
35 194.192814176 25.8222778972
36 194.194980844 25.8223890083
37 194.197189177 25.8223890083
38 194.199314176 25.822305675
39 194.201564177 25.8224167861
40 194.203730844 25.8223890083
41 194.205814177 25.8223612306
42 194.208105844 25.8224167861
43 194.210272512 25.8225001194
44 194.180772491 25.8205001194
45 194.182980824 25.8205278972
46 194.185147491 25.8205278972
47 194.187355825 25.820555675
48 194.189564158 25.8205834528
49 194.191689158 25.8205834528
50 194.193939158 25.8205834528
51 194.196147492 25.8206390083
52 194.198314159 25.8206390083
53 194.200522492 25.8206390083
54 194.202647493 25.8206945639
55 194.20481416 25.8206945639
56 194.206980826 25.8206667861
57 194.209147493 25.8207501194
58 194.211397493 25.8206945639
59 194.181897473 25.8188334528
60 194.184105807 25.8188612306
61 194.186314141 25.8188890083
62 194.188480807 25.8188612306
63 194.190564141 25.8189167861
64 194.192814141 25.8188890083
65 194.195022474 25.8189167861
66 194.197189142 25.8189723417
67 194.199355809 25.8190001194
68 194.201564142 25.8190001194
69 194.203814142 25.8190278972
70 194.205980809 25.8190278972
71 194.208147476 25.8190278972
72 194.210355809 25.8190278972
73 194.180855789 25.8171390083
74 194.182980789 25.8171112306
75 194.185189123 25.8171390083
76 194.187397456 25.8171667861
77 194.18960579 25.8171667861
78 194.191772456 25.8171667861
79 194.19398079 25.8172501194
80 194.196105791 25.8172778972
81 194.198314124 25.8172501194
82 194.200522457 25.8172501194
83 194.202689124 25.8172778972
84 194.204897457 25.8172223417
85 194.207022458 25.817305675
86 194.209189125 25.8173334528
87 194.211397458 25.8173612306
88 194.181939104 25.8153612306
89 194.184105771 25.8153890083
90 194.186314105 25.8154723417
91 194.188480772 25.8154445639
92 194.190689105 25.8154723417
93 194.192897439 25.8155001194
94 194.195022439 25.8155278972
95 194.197189105 25.8154723417
96 194.199439106 25.815555675
97 194.201605772 25.8155001194
98 194.20377244 25.8155834528
99 194.205980774 25.8156390083
100 194.208189107 25.8156112306
101 194.210272441 25.8156667861
102 194.180939086 25.8136667861
103 194.183064086 25.8136667861
104 194.18527242 25.8137223417
105 194.187439088 25.8137778972
106 194.189605755 25.813805675
107 194.191814088 25.8137778972
108 194.193980754 25.8137778972
109 194.196147422 25.8138334528
110 194.198397421 25.813805675
111 194.200480755 25.8138612306
112 194.202647422 25.8139167861
113 194.204939088 25.8138612306
114 194.207022422 25.8138612306
115 194.209314089 25.8138890083
116 194.211439089 25.8138890083
117 194.181980736 25.8120001194
118 194.184147402 25.8120001194
119 194.186355736 25.8120001194
120 194.188522402 25.8120001194
121 194.190730737 25.8120834528
122 194.192897404 25.8121667861
123 194.195022404 25.8121390083
124 194.197230737 25.8121112306
125 194.199480738 25.8121667861
126 194.201647405 25.8121945639
127 194.203772405 25.8121945639
128 194.206022405 25.8122223417
129 194.208189071 25.8122223417
130 194.210314071 25.8122223417
131 194.180939052 25.810305675
132 194.183105719 25.8103334528
133 194.185314052 25.8103890083
134 194.187480718 25.810305675
135 194.189689052 25.8103334528
136 194.191814053 25.8104167861
137 194.194022385 25.8103612306
138 194.196189053 25.8104167861
139 194.198439053 25.8104167861
140 194.20060572 25.8104723417
141 194.202772387 25.8105001194
142 194.204897387 25.8105001194
143 194.20710572 25.8105001194
144 194.209314054 25.8105278972
145 194.211480721 25.810555675
146 194.182022366 25.8085278972
147 194.184189033 25.808555675
148 194.186355701 25.8086112306
149 194.188522367 25.8086112306
150 194.190772368 25.8086667861
151 194.192897368 25.8086945639
152 194.195105701 25.8086390083
153 194.197314035 25.8087501194
154 194.199480702 25.8087501194
155 194.201647368 25.8086945639
156 194.203814035 25.8087223417
157 194.205980703 25.808805675
158 194.208105703 25.808805675
159 194.210397369 25.808805675
160 194.180897349 25.8068890083
161 194.183105682 25.8068612306
162 194.185355683 25.8068890083
163 194.18752235 25.8069167861
164 194.189730683 25.8069167861
165 194.19189735 25.8069445639
166 194.194105684 25.8069723417
167 194.196272351 25.8070278972
168 194.198439018 25.8070278972
169 194.200689018 25.8070834528
170 194.202730684 25.8070278972
171 194.204980685 25.8070834528
172 194.207147352 25.8071112306
173 194.209355684 25.8070001194
174 194.211522351 25.8070834528
175 194.182022332 25.8052223417
176 194.184188999 25.8052223417
177 194.186438999 25.8052501194
178 194.188605665 25.8051945639
179 194.190772332 25.8052501194
180 194.192980667 25.8053334528
181 194.195189 25.805305675
182 194.197397333 25.8053334528
183 194.199522333 25.805305675
184 194.201689 25.8053890083
185 194.203897334 25.8053612306
186 194.206064001 25.8054167861
187 194.208272334 25.8054445639
188 194.210397334 25.8054167861
189 194.18106398 25.8034167861
190 194.18318898 25.8034445639
191 194.185355648 25.8035001194
192 194.187563981 25.8035278972
193 194.189730648 25.803555675
194 194.191897315 25.8035834528
195 194.194063981 25.803555675
196 194.196272315 25.8036112306
197 194.198438982 25.8036112306
198 194.200647315 25.8036112306
199 194.20285565 25.8037223417
200 194.204980649 25.8036390083
201 194.20723065 25.8036945639
202 194.209313983 25.8036667861
203 194.211563984 25.8037778972
204 194.182063963 25.8017778972
205 194.184230629 25.8017501194
206 194.186438963 25.801805675
207 194.18860563 25.801805675
208 194.190772297 25.8018612306
209 194.193022297 25.8018612306
210 194.19510563 25.8018334528
211 194.197397297 25.801805675
212 194.199480631 25.8018890083
213 194.201772298 25.8019167861
214 194.203813965 25.8019723417
215 194.206063965 25.8019445639
216 194.208313965 25.8019723417
217 194.210480632 25.8019723417
218 194.181022278 25.8000278972
219 194.183230611 25.8000278972
220 194.185438945 25.800055675
221 194.187522279 25.8000834528
222 194.189730612 25.8001112306
223 194.191897279 25.8001390083
224 194.194063946 25.8001112306
225 194.196313946 25.8001667861
226 194.198438946 25.8001667861
227 194.200688946 25.8001667861
228 194.202813947 25.8002223417
229 194.205022281 25.8002778972
230 194.207188948 25.800305675
231 194.20939728 25.8002501194
232 194.211522281 25.8002778972
233 194.182063928 25.7983612306
234 194.184230594 25.7983612306
235 194.186480595 25.7984723417
236 194.188688928 25.7983612306
237 194.190897262 25.7984723417
238 194.193022261 25.7984167861
239 194.195147262 25.7984723417
240 194.197355595 25.7984723417
241 194.199563928 25.7984445639
242 194.201772262 25.7985001194
243 194.203980596 25.7985278972
244 194.206105596 25.798555675
245 194.208272263 25.7986112306
246 194.210480597 25.7986390083
