1 248.370380763 57.2386945639
2 248.373964093 57.2386390083
3 248.377672433 57.2387501194
4 248.381255768 57.2387778972
5 248.384797434 57.2387778972
6 248.388589098 57.2387223417
7 248.392255771 57.2388334528
8 248.395797433 57.2387501194
9 248.399380774 57.2388890083
10 248.403089104 57.2388334528
11 248.406672442 57.2389167861
12 248.410255775 57.2389167861
13 248.413839109 57.2389167861
14 248.417505775 57.2389167861
15 248.368713998 57.2369167861
16 248.372130667 57.2369723417
17 248.375797337 57.2370278972
18 248.379380674 57.2370834528
19 248.383047337 57.2370278972
20 248.38675567 57.2370278972
21 248.390380669 57.2370001194
22 248.393964004 57.2370278972
23 248.39758901 57.2371390083
24 248.40108901 57.2371390083
25 248.404839008 57.2371112306
26 248.408464012 57.2371667861
27 248.412130678 57.2371667861
28 248.415839012 57.2371667861
29 248.419339012 57.2371667861
30 248.37042224 57.2352778972
31 248.373963908 57.235305675
32 248.377630572 57.2352501194
33 248.381255576 57.2353334528
34 248.384880573 57.2352778972
35 248.388588908 57.235305675
36 248.392172248 57.2354167861
37 248.395838914 57.2354167861
38 248.399422245 57.2353612306
39 248.403172251 57.2354723417
40 248.406755581 57.2354167861
41 248.410255581 57.2354167861
42 248.414005584 57.2354723417
43 248.417630587 57.2355278972
44 248.368588809 57.2335278972
45 248.372255478 57.233555675
46 248.375880478 57.233555675
47 248.379547146 57.2335834528
48 248.383172147 57.2336112306
49 248.386713816 57.2336390083
50 248.390422147 57.2336112306
51 248.394130484 57.2336667861
52 248.397713817 57.2336667861
53 248.401380484 57.2336667861
54 248.40496382 57.2337223417
55 248.408505487 57.2337223417
56 248.412172154 57.2337223417
57 248.415797157 57.2337778972
58 248.419505487 57.2337223417
59 248.370463719 57.2318890083
60 248.374130385 57.2318890083
61 248.377797055 57.2319445639
62 248.381380387 57.2319167861
63 248.38488039 57.2319723417
64 248.388630387 57.2319167861
65 248.392255388 57.2319445639
66 248.395880391 57.2320001194
67 248.399463728 57.232055675
68 248.403130393 57.2320278972
69 248.406880394 57.232055675
70 248.410463728 57.232055675
71 248.414088729 57.2320834528
72 248.417755396 57.2320834528
73 248.368671956 57.2301667861
74 248.372213623 57.2301667861
75 248.37588029 57.2301667861
76 248.379588624 57.2301945639
77 248.383296959 57.2302223417
78 248.386838626 57.2302223417
79 248.390505296 57.2302778972
80 248.394046964 57.230305675
81 248.397713631 57.230305675
82 248.401421962 57.2302778972
83 248.405046966 57.2303334528
84 248.408671962 57.2302778972
85 248.412213632 57.2303334528
86 248.415838634 57.2303612306
87 248.419505302 57.2303890083
88 248.370505192 57.2284167861
89 248.374130192 57.2284167861
90 248.377796865 57.2285278972
91 248.381380196 57.2284723417
92 248.385046864 57.2285001194
93 248.3887552 57.228555675
94 248.392296867 57.228555675
95 248.395880199 57.2285278972
96 248.399630203 57.2286112306
97 248.4032552 57.228555675
98 248.406796871 57.2286390083
99 248.410505206 57.2286667861
100 248.414171871 57.2286390083
101 248.417588543 57.2287223417
102 248.368796765 57.2267223417
103 248.372380097 57.2266945639
104 248.376046767 57.2267501194
105 248.379671771 57.2268334528
106 248.383296771 57.2268334528
107 248.38692177 57.226805675
108 248.39054677 57.226805675
109 248.394130106 57.2268612306
110 248.397880105 57.2268334528
111 248.401380109 57.2269167861
112 248.404963444 57.2269445639
113 248.408713443 57.2269167861
114 248.412213441 57.2268890083
115 248.416046776 57.2269167861
116 248.419588443 57.2269167861
117 248.370546673 57.225055675
118 248.374213338 57.2250278972
119 248.377880006 57.225055675
120 248.381421673 57.225055675
121 248.385130009 57.2251112306
122 248.388755015 57.2252223417
123 248.392255014 57.2251945639
124 248.395921677 57.2251390083
125 248.39967168 57.2251945639
126 248.403296683 57.2252501194
127 248.406796682 57.2252223417
128 248.410546683 57.2252501194
129 248.414130017 57.2252501194
130 248.41771335 57.2252501194
131 248.368838244 57.2233334528
132 248.372463245 57.2233612306
133 248.376129915 57.2234167861
134 248.379754912 57.2233612306
135 248.383379912 57.2233612306
136 248.38696325 57.2234445639
137 248.390588247 57.2233890083
138 248.39421325 57.2234445639
139 248.397921583 57.2234445639
140 248.40150492 57.2235001194
141 248.405171588 57.2235278972
142 248.408713255 57.2235278972
143 248.412379921 57.2235278972
144 248.416046589 57.223555675
145 248.419629924 57.2235834528
146 248.370671478 57.221555675
147 248.374254813 57.2215834528
148 248.377838151 57.2216667861
149 248.381463151 57.2216667861
150 248.385213153 57.2216945639
151 248.388754821 57.2217223417
152 248.392421486 57.2216945639
153 248.396088159 57.221805675
154 248.399713157 57.2217778972
155 248.403254821 57.2217223417
156 248.406921491 57.2217778972
157 248.410504829 57.2218612306
158 248.414046494 57.2218334528
159 248.417796494 57.2218334528
160 248.368796389 57.2199445639
161 248.372463054 57.2199167861
162 248.376171389 57.2199445639
163 248.379754724 57.2199723417
164 248.383463056 57.2199445639
165 248.387046391 57.2199723417
166 248.390713059 57.2200001194
167 248.394296395 57.220055675
168 248.397921397 57.2200834528
169 248.401671398 57.2201112306
170 248.405088063 57.2200834528
171 248.4087964 57.2201390083
172 248.412421401 57.2201667861
173 248.416088062 57.220055675
174 248.419713065 57.2201112306
175 248.370671295 57.2182501194
176 248.37425463 57.2182778972
177 248.377962963 57.2182778972
178 248.38158796 57.2182223417
179 248.385212965 57.218305675
180 248.388879636 57.2183890083
181 248.392504635 57.2183612306
182 248.396171303 57.2183890083
183 248.399754633 57.2183334528
184 248.403337971 57.2184167861
185 248.407004636 57.2183890083
186 248.410587973 57.2184445639
187 248.414296307 57.2184723417
188 248.417796307 57.2184723417
189 248.369046195 57.2164445639
190 248.372587865 57.2165001194
191 248.376212868 57.216555675
192 248.379837868 57.216555675
193 248.383504536 57.2165834528
194 248.387046204 57.2166112306
195 248.390712869 57.2165834528
196 248.394337874 57.2166667861
197 248.397921206 57.2166390083
198 248.401629541 57.2166667861
199 248.405254545 57.2167501194
200 248.408837876 57.2166945639
201 248.41254621 57.2167223417
202 248.416004544 57.2167223417
203 248.419754548 57.216805675
204 248.370712771 57.214805675
205 248.374337769 57.2147778972
206 248.378004439 57.2148334528
207 248.381629441 57.2148612306
208 248.385212775 57.2148890083
209 248.38892111 57.2149167861
210 248.392379441 57.2148612306
211 248.396212774 57.2148612306
212 248.399712777 57.2149167861
213 248.40346278 57.2149723417
214 248.406879448 57.2150001194
215 248.410629448 57.2150001194
216 248.414379448 57.2150001194
217 248.417962783 57.2150278972
218 248.368962674 57.213055675
219 248.372629342 57.2130834528
220 248.376337677 57.2131112306
221 248.379754345 57.2131390083
222 248.383504347 57.2131667861
223 248.38708768 57.2131667861
224 248.390712678 57.2131390083
225 248.39437935 57.2132223417
226 248.397962683 57.2132223417
227 248.401712681 57.2131945639
228 248.405212686 57.2132778972
229 248.408921023 57.2133334528
230 248.412504356 57.2133334528
231 248.416171021 57.213305675
232 248.419712688 57.213305675
233 248.370712581 57.2113890083
234 248.374337583 57.2114167861
235 248.378045921 57.2115001194
236 248.38175425 57.2114167861
237 248.385420922 57.2115278972
238 248.388920918 57.2114445639
239 248.392504254 57.2115001194
240 248.396129254 57.2115001194
241 248.399837588 57.2115001194
242 248.403462589 57.2115278972
243 248.407170926 57.2115834528
244 248.410712592 57.2115834528
245 248.414295929 57.2116390083
246 248.418004263 57.2116667861
