1 248.372214127 57.2392501194
2 248.375797457 57.2391945639
3 248.379505799 57.2393334528
4 248.383089132 57.2393334528
5 248.386630799 57.2393334528
6 248.390380797 57.239305675
7 248.39404747 57.2394167861
8 248.39758913 57.239305675
9 248.401172471 57.2394445639
10 248.40492247 57.2394167861
11 248.40846414 57.2394723417
12 248.412089141 57.2395001194
13 248.415672473 57.2394723417
14 248.41933914 57.2394723417
15 248.370505695 57.2374723417
16 248.373964032 57.2375278972
17 248.377630701 57.2375834528
18 248.381214038 57.2376390083
19 248.384880701 57.2375834528
20 248.388589035 57.2375834528
21 248.392214033 57.237555675
22 248.395797368 57.2375834528
23 248.399422374 57.2376945639
24 248.402922374 57.2376945639
25 248.406672373 57.2376667861
26 248.410297376 57.2377223417
27 248.413964042 57.2377223417
28 248.417672376 57.2377223417
29 248.421172376 57.2377223417
30 248.372255604 57.2358334528
31 248.375797272 57.2358612306
32 248.379422269 57.235805675
33 248.383088941 57.2358890083
34 248.386713937 57.2358334528
35 248.390422272 57.2358612306
36 248.394005612 57.2359723417
37 248.397672279 57.2359723417
38 248.401255609 57.2359167861
39 248.404963948 57.2360278972
40 248.408588947 57.2360001194
41 248.412088945 57.2359723417
42 248.415838948 57.2360278972
43 248.419463951 57.2360834528
44 248.370380507 57.2340834528
45 248.374088842 57.2341112306
46 248.377672175 57.2341112306
47 248.38138051 57.2341390083
48 248.384963847 57.2341945639
49 248.38854718 57.2341945639
50 248.392255512 57.2341667861
51 248.395922183 57.2342501194
52 248.399547181 57.2342223417
53 248.40321385 57.2342501194
54 248.406797184 57.2342778972
55 248.410338851 57.2342778972
56 248.413963851 57.2342778972
57 248.417630521 57.2343334528
58 248.421338851 57.2342778972
59 248.372297083 57.2324445639
60 248.375922083 57.2324445639
61 248.379630419 57.2325001194
62 248.383213751 57.2324723417
63 248.386713754 57.2325278972
64 248.390422084 57.2324723417
65 248.394047086 57.2325001194
66 248.397713756 57.232555675
67 248.401297092 57.2326112306
68 248.404963757 57.2325834528
69 248.408713759 57.2326112306
70 248.412297093 57.2326390083
71 248.415880427 57.2326390083
72 248.41958876 57.2326390083
73 248.37050532 57.2307223417
74 248.374046987 57.2307223417
75 248.377713655 57.2307501194
76 248.381421989 57.2307501194
77 248.385088657 57.2307778972
78 248.38867199 57.2307778972
79 248.392338661 57.2308612306
80 248.395880328 57.2308612306
81 248.399546995 57.2308612306
82 248.403255328 57.2308612306
83 248.406838663 57.2308890083
84 248.410505327 57.2308334528
85 248.414046996 57.2308890083
86 248.417671998 57.2309167861
87 248.421297001 57.2309723417
88 248.372338557 57.2289723417
89 248.37592189 57.2289723417
90 248.379630229 57.2290834528
91 248.383171893 57.2290278972
92 248.386838561 57.229055675
93 248.390588564 57.2291112306
94 248.394088564 57.2291112306
95 248.397671896 57.2290834528
96 248.401463567 57.2291667861
97 248.405088564 57.2291112306
98 248.408630236 57.2291945639
99 248.412296905 57.2292501194
100 248.415963569 57.2291945639
101 248.419421907 57.2292778972
102 248.370630129 57.2272778972
103 248.374213461 57.2272501194
104 248.377880131 57.227305675
105 248.381505135 57.2273890083
106 248.385130135 57.2273890083
107 248.388755134 57.2273612306
108 248.392380134 57.2273612306
109 248.395921805 57.2274445639
110 248.399713469 57.2273890083
111 248.403213473 57.2274723417
112 248.406796808 57.2275001194
113 248.410546807 57.2274723417
114 248.414046805 57.2274445639
115 248.417838473 57.2274723417
116 248.42138014 57.2274723417
117 248.372380037 57.2256112306
118 248.376046702 57.2255834528
119 248.37971337 57.2256112306
120 248.383255037 57.2256112306
121 248.386921707 57.2256667861
122 248.390588379 57.2257778972
123 248.394088378 57.2257501194
124 248.397755041 57.2256945639
125 248.401463378 57.2257501194
126 248.405130048 57.225805675
127 248.408630046 57.2257778972
128 248.412380048 57.225805675
129 248.415963382 57.2258334528
130 248.419546716 57.2258334528
131 248.370671608 57.2238890083
132 248.374296611 57.2239445639
133 248.377963279 57.2239723417
134 248.381588276 57.2239167861
135 248.385213278 57.2239445639
136 248.388754947 57.2240001194
137 248.392421613 57.2239723417
138 248.396046614 57.2240001194
139 248.399754947 57.2240001194
140 248.403338284 57.224055675
141 248.407004952 57.2240834528
142 248.410504952 57.2240834528
143 248.414171619 57.2240834528
144 248.417879954 57.2241112306
145 248.421421622 57.2241390083
146 248.372504843 57.2221112306
147 248.376046512 57.2221667861
148 248.379671515 57.2222223417
149 248.383254849 57.2222223417
150 248.387046517 57.2222501194
151 248.390588187 57.222305675
152 248.39425485 57.2222501194
153 248.397921523 57.2223612306
154 248.401504855 57.2223334528
155 248.405088187 57.222305675
156 248.408754855 57.2223334528
157 248.412338193 57.2224167861
158 248.415879858 57.2223890083
159 248.419629858 57.2223890083
160 248.370629753 57.2205001194
161 248.374296418 57.2204723417
162 248.378004753 57.2205001194
163 248.381588088 57.2205278972
164 248.385254755 57.2205278972
165 248.388879756 57.220555675
166 248.392546423 57.220555675
167 248.396129759 57.2206112306
168 248.399754761 57.2206390083
169 248.403504763 57.2206667861
170 248.406921428 57.2206390083
171 248.410629764 57.2206945639
172 248.414254766 57.2207223417
173 248.417921426 57.2206112306
174 248.421546429 57.2206667861
175 248.372504661 57.2188334528
176 248.376087994 57.2188334528
177 248.379796327 57.2188334528
178 248.383421326 57.218805675
179 248.387046329 57.2188612306
180 248.390713 57.2189445639
181 248.394337999 57.2189167861
182 248.398004667 57.2189445639
183 248.401587997 57.2188890083
184 248.405129669 57.2189723417
185 248.408838 57.2189445639
186 248.412421337 57.2190001194
187 248.416088005 57.2190278972
188 248.419629672 57.2190278972
189 248.370837892 57.2170001194
190 248.374421229 57.217055675
191 248.378046232 57.2171112306
192 248.381671232 57.2171112306
193 248.385296235 57.2171667861
194 248.388879568 57.2171667861
195 248.392546234 57.2171390083
196 248.396171238 57.2172223417
197 248.39975457 57.2171945639
198 248.403421238 57.2172223417
199 248.407087909 57.217305675
200 248.41067124 57.2172501194
201 248.414379575 57.2172778972
202 248.417837908 57.2172778972
203 248.421587914 57.2173890083
204 248.372504468 57.2153612306
205 248.376171135 57.2153612306
206 248.379837803 57.2153890083
207 248.383421138 57.2154167861
208 248.38704614 57.2154445639
209 248.390754474 57.2154723417
210 248.394212805 57.2154167861
211 248.398046138 57.2154167861
212 248.401546141 57.2154723417
213 248.405296144 57.2155278972
214 248.408712812 57.215555675
215 248.412462812 57.215555675
216 248.416212814 57.2155834528
217 248.419754481 57.2155834528
218 248.370796038 57.2136112306
219 248.374462706 57.2136390083
220 248.378171041 57.2136667861
221 248.381587709 57.2136945639
222 248.385337711 57.2137223417
223 248.388921044 57.2137223417
224 248.392504376 57.2136945639
225 248.396212714 57.2137778972
226 248.39975438 57.2137778972
227 248.40350438 57.2137778972
228 248.40704605 57.2138334528
229 248.41071272 57.2138890083
230 248.414337722 57.2139167861
231 248.418004385 57.2138612306
232 248.421504387 57.2138890083
233 248.372545947 57.2119723417
234 248.376170947 57.2119723417
235 248.379879285 57.212055675
236 248.383587614 57.2119723417
237 248.38721262 57.2120834528
238 248.390754282 57.2120001194
239 248.394295952 57.212055675
240 248.39796262 57.2120834528
241 248.401629285 57.212055675
242 248.405295955 57.2121112306
243 248.40900429 57.2121390083
244 248.412545958 57.2121667861
245 248.416129293 57.2121945639
246 248.419795961 57.2122223417
