1 194.212688922 25.7978612306
2 194.214855589 25.7978334528
3 194.21710559 25.7979445639
4 194.21923059 25.7979445639
5 194.22135559 25.7979723417
6 194.223647256 25.7979167861
7 194.225855591 25.7980278972
8 194.22798059 25.7979445639
9 194.230147258 25.798055675
10 194.232355591 25.7980278972
11 194.234522258 25.7981112306
12 194.236688925 25.7981112306
13 194.238855592 25.7981112306
14 194.241022258 25.7980834528
15 194.211688904 25.7961112306
16 194.213772238 25.7961390083
17 194.215980572 25.7961945639
18 194.218105572 25.7962501194
19 194.220313905 25.7962223417
20 194.222563905 25.7961945639
21 194.224730572 25.7961945639
22 194.226897239 25.7962223417
23 194.229063906 25.796305675
24 194.231147239 25.796305675
25 194.233438906 25.7962778972
26 194.235605573 25.7963334528
27 194.237813907 25.7963612306
28 194.24002224 25.7963612306
29 194.24214724 25.7963612306
30 194.212730554 25.7944445639
31 194.214855554 25.7944723417
32 194.217063887 25.7944167861
33 194.219230554 25.7945001194
34 194.221438887 25.7944445639
35 194.223647221 25.7945001194
36 194.225813889 25.7946112306
37 194.228022222 25.7946112306
38 194.230147221 25.7945278972
39 194.232397222 25.7946390083
40 194.234563889 25.7946112306
41 194.236688888 25.7945834528
42 194.238938889 25.7946390083
43 194.241105556 25.7946945639
44 194.211605536 25.7927223417
45 194.213855536 25.7927501194
46 194.216022203 25.7927501194
47 194.218230536 25.7927778972
48 194.220397203 25.792805675
49 194.222522203 25.792805675
50 194.224772203 25.792805675
51 194.226980537 25.7928612306
52 194.229147203 25.7928334528
53 194.231355537 25.7928612306
54 194.233522204 25.7929167861
55 194.235647204 25.7928890083
56 194.237813871 25.7928890083
57 194.239980538 25.7929723417
58 194.242230538 25.7929167861
59 194.212730518 25.791055675
60 194.214938852 25.791055675
61 194.217188852 25.7911112306
62 194.219313852 25.7910834528
63 194.221438853 25.7911390083
64 194.223688852 25.7910834528
65 194.225855519 25.7911390083
66 194.228022186 25.7911945639
67 194.230188853 25.7912223417
68 194.232397187 25.7912223417
69 194.234647187 25.7912501194
70 194.236813854 25.7912501194
71 194.23898052 25.7912501194
72 194.241188854 25.7912501194
73 194.211688834 25.7893612306
74 194.213813834 25.7893334528
75 194.216022167 25.7893612306
76 194.218272167 25.7893612306
77 194.220438834 25.7893890083
78 194.222605501 25.7893890083
79 194.224813835 25.7894723417
80 194.226938835 25.7894723417
81 194.229147169 25.7894723417
82 194.231355502 25.7894723417
83 194.233522169 25.7895001194
84 194.235730502 25.7894445639
85 194.237855502 25.7895278972
86 194.240063836 25.7895278972
87 194.242230503 25.7895834528
88 194.212772149 25.7875834528
89 194.214938816 25.7876112306
90 194.21714715 25.7876945639
91 194.219313816 25.7876390083
92 194.22152215 25.7876945639
93 194.22377215 25.7877223417
94 194.225855484 25.7877223417
95 194.22802215 25.7876945639
96 194.230272151 25.7877778972
97 194.232480484 25.7877223417
98 194.234605485 25.787805675
99 194.236813819 25.7878612306
100 194.239022152 25.7878334528
101 194.241105485 25.7878890083
102 194.211772131 25.7858890083
103 194.213897131 25.7858890083
104 194.216105465 25.7859445639
105 194.218272133 25.7860001194
106 194.220480466 25.7860278972
107 194.222647132 25.7859723417
108 194.224813799 25.7860001194
109 194.226980466 25.786055675
110 194.229230466 25.7860278972
111 194.231355467 25.7860834528
112 194.233480467 25.7861390083
113 194.235772133 25.7860834528
114 194.237855466 25.786055675
115 194.240147134 25.7861112306
116 194.242272134 25.7861112306
117 194.212813781 25.7842223417
118 194.215022114 25.7842223417
119 194.217230447 25.7842223417
120 194.219355447 25.7842223417
121 194.221563782 25.784305675
122 194.223730449 25.7843890083
123 194.225855449 25.7843612306
124 194.228063782 25.7843334528
125 194.230313782 25.7843612306
126 194.232480449 25.7844167861
127 194.234605449 25.7844167861
128 194.23685545 25.7844445639
129 194.239022116 25.7844445639
130 194.241147116 25.7844445639
131 194.211772097 25.7825278972
132 194.213938763 25.782555675
133 194.216147097 25.7826112306
134 194.21835543 25.7825278972
135 194.220522097 25.782555675
136 194.222647098 25.7826390083
137 194.22485543 25.7825834528
138 194.227022098 25.7826390083
139 194.229272098 25.7826390083
140 194.231438765 25.7826945639
141 194.233605432 25.7826945639
142 194.235730432 25.7827223417
143 194.237938765 25.7827223417
144 194.240147099 25.7827501194
145 194.242313766 25.7827778972
146 194.212897078 25.7807223417
147 194.215022078 25.7807778972
148 194.217188746 25.7808334528
149 194.219355412 25.7808334528
150 194.221605413 25.7808612306
151 194.22377208 25.7809167861
152 194.225938746 25.7808612306
153 194.228188747 25.7809723417
154 194.230313747 25.7809723417
155 194.232480413 25.7809167861
156 194.234688747 25.7809445639
157 194.236813748 25.7810278972
158 194.238938748 25.7810278972
159 194.241230414 25.7810278972
160 194.211772061 25.7791112306
161 194.213938727 25.7790834528
162 194.216188728 25.7791112306
163 194.218355395 25.7791390083
164 194.220563728 25.7791390083
165 194.222730395 25.7791667861
166 194.224938728 25.7791667861
167 194.227105396 25.7792501194
168 194.229272063 25.7792501194
169 194.231522063 25.779305675
170 194.233563729 25.7792501194
171 194.23581373 25.779305675
172 194.237980397 25.7793334528
173 194.240188729 25.7792223417
174 194.242397063 25.7792778972
175 194.212897044 25.7774445639
176 194.215022044 25.7774445639
177 194.217272044 25.7774723417
178 194.21943871 25.7774167861
179 194.221647044 25.7774723417
180 194.223813712 25.777555675
181 194.226022045 25.7775278972
182 194.228230378 25.777555675
183 194.230355378 25.7775278972
184 194.232522046 25.7776112306
185 194.234730378 25.777555675
186 194.236897046 25.7776390083
187 194.239105379 25.7776667861
188 194.241230379 25.7776390083
189 194.211897025 25.7756390083
190 194.214022025 25.7756667861
191 194.216188693 25.7757223417
192 194.218397026 25.7757223417
193 194.220563693 25.7757778972
194 194.22273036 25.7757778972
195 194.224938693 25.7757778972
196 194.22710536 25.7758334528
197 194.229272027 25.7758334528
198 194.23148036 25.7758334528
199 194.233688695 25.7759167861
200 194.235855361 25.7758612306
201 194.238063694 25.7758890083
202 194.240147028 25.7758890083
203 194.242397029 25.7760001194
204 194.212897008 25.7739723417
205 194.215063674 25.7739723417
206 194.217272008 25.7740278972
207 194.219438675 25.7740278972
208 194.221605342 25.7740834528
209 194.223855342 25.7740834528
210 194.225938675 25.774055675
211 194.228230342 25.7740278972
212 194.230355343 25.7741112306
213 194.232605343 25.7741390083
214 194.23464701 25.7741945639
215 194.23689701 25.7741667861
216 194.23914701 25.7741945639
217 194.241313677 25.7741945639
218 194.211855323 25.7722501194
219 194.214063657 25.7722501194
220 194.21627199 25.7722778972
221 194.218355324 25.772305675
222 194.220605324 25.7723334528
223 194.222730324 25.7723612306
224 194.224938657 25.7723334528
225 194.227146991 25.7723890083
226 194.229271991 25.7723890083
227 194.231521991 25.7723890083
228 194.233646992 25.7724445639
229 194.235855326 25.7725001194
230 194.238021993 25.7725278972
231 194.240230326 25.7724723417
232 194.242355326 25.7725001194
233 194.212896973 25.7705834528
234 194.215105306 25.7705834528
235 194.21731364 25.7706945639
236 194.219521973 25.7705834528
237 194.221730307 25.7706945639
238 194.223855307 25.7706390083
239 194.225980307 25.7706945639
240 194.22818864 25.7706945639
241 194.230396974 25.7706667861
242 194.232605307 25.7707223417
243 194.234813641 25.7707501194
244 194.236938641 25.7707778972
245 194.239105309 25.7708334528
246 194.241313642 25.7708612306
