1 248.37034064 57.2664723417
2 248.373923971 57.2664167861
3 248.37763231 57.2665278972
4 248.381215643 57.2665278972
5 248.384757312 57.266555675
6 248.388548975 57.2665001194
7 248.392215648 57.2666112306
8 248.39575731 57.2665278972
9 248.39934065 57.2666390083
10 248.403048981 57.2666112306
11 248.406632319 57.2666945639
12 248.410257319 57.2666945639
13 248.413840653 57.2666945639
14 248.417507318 57.2666667861
15 248.368632208 57.2646945639
16 248.372090543 57.2647223417
17 248.375757214 57.264805675
18 248.379340549 57.2648334528
19 248.383007214 57.264805675
20 248.386715546 57.2647778972
21 248.390340546 57.2647778972
22 248.393923881 57.264805675
23 248.397548886 57.2648890083
24 248.401048886 57.2648890083
25 248.404840551 57.2648612306
26 248.408465554 57.2649167861
27 248.412132222 57.2649445639
28 248.415840555 57.2649445639
29 248.419340555 57.2649445639
30 248.370382117 57.263055675
31 248.373923785 57.2630834528
32 248.377590447 57.2630001194
33 248.381215452 57.2630834528
34 248.384882117 57.263055675
35 248.388548785 57.2630834528
36 248.392132125 57.2631945639
37 248.395798791 57.2631945639
38 248.399382122 57.2631390083
39 248.403132128 57.2632501194
40 248.406757125 57.2631945639
41 248.410215456 57.2631667861
42 248.414007126 57.2632223417
43 248.417590464 57.263305675
44 248.36850702 57.261305675
45 248.372215354 57.2613334528
46 248.375840354 57.2613334528
47 248.379507023 57.2613612306
48 248.383132024 57.2613890083
49 248.386673692 57.2614167861
50 248.390423691 57.2613890083
51 248.394090361 57.2614445639
52 248.397715361 57.2614445639
53 248.401382027 57.2614445639
54 248.404965364 57.2615001194
55 248.40850703 57.2615001194
56 248.412132029 57.2614723417
57 248.415757033 57.261555675
58 248.41950703 57.2615001194
59 248.370423595 57.2596667861
60 248.374090262 57.2596667861
61 248.37775693 57.2596945639
62 248.381340262 57.2596667861
63 248.384840265 57.2597223417
64 248.388590263 57.2596945639
65 248.392215265 57.2597223417
66 248.395840268 57.2597778972
67 248.399423604 57.2598334528
68 248.40309027 57.259805675
69 248.406881938 57.2598334528
70 248.410465271 57.2598334528
71 248.414048606 57.2598612306
72 248.417756938 57.2598334528
73 248.368631833 57.2579445639
74 248.372173498 57.2579167861
75 248.375840166 57.2579445639
76 248.379548501 57.2579723417
77 248.383256834 57.2579723417
78 248.386840169 57.2580001194
79 248.390465172 57.258055675
80 248.39400684 57.2580834528
81 248.397715172 57.258055675
82 248.401423506 57.258055675
83 248.40500684 57.2580834528
84 248.408673506 57.258055675
85 248.412215175 57.2581112306
86 248.415840177 57.2581390083
87 248.419465178 57.2581667861
88 248.370465069 57.2561945639
89 248.374090069 57.2561945639
90 248.37775674 57.2562778972
91 248.381340072 57.2562501194
92 248.38500674 57.2562778972
93 248.388715075 57.256305675
94 248.392256743 57.2563334528
95 248.395840075 57.256305675
96 248.399590078 57.2563612306
97 248.403215076 57.2563334528
98 248.406756746 57.2563890083
99 248.410465083 57.2564445639
100 248.414131748 57.2564167861
101 248.417590084 57.2564723417
102 248.36875664 57.2544723417
103 248.372339973 57.2544723417
104 248.376006643 57.2545278972
105 248.379631646 57.2545834528
106 248.383256647 57.2546112306
107 248.386881646 57.2545834528
108 248.390506646 57.2545834528
109 248.394089982 57.2546390083
110 248.397839981 57.2546112306
111 248.401339984 57.2546667861
112 248.40492332 57.2547223417
113 248.408714984 57.2546667861
114 248.412214984 57.2546667861
115 248.416006652 57.2546945639
116 248.419548319 57.2546945639
117 248.370506547 57.252805675
118 248.374173214 57.252805675
119 248.377839882 57.2528334528
120 248.381381549 57.2528334528
121 248.385089885 57.2528890083
122 248.38871489 57.2529723417
123 248.392256555 57.2529445639
124 248.395881553 57.2529167861
125 248.399631556 57.2529723417
126 248.403256559 57.2530278972
127 248.406798224 57.2530001194
128 248.410506559 57.2530278972
129 248.414131559 57.2530278972
130 248.417714893 57.2530278972
131 248.368798119 57.2511112306
132 248.372423121 57.2511390083
133 248.376089791 57.2511945639
134 248.379714786 57.2511112306
135 248.383339788 57.2511390083
136 248.386923126 57.2512223417
137 248.390548123 57.2511667861
138 248.394173126 57.2512223417
139 248.397881459 57.2512223417
140 248.401506462 57.2512778972
141 248.405131464 57.251305675
142 248.40867313 57.251305675
143 248.412339797 57.251305675
144 248.416048132 57.2513334528
145 248.4195898 57.2513612306
146 248.370631354 57.2493334528
147 248.374214689 57.2493612306
148 248.377798025 57.2494167861
149 248.381423027 57.2494445639
150 248.385173028 57.2494723417
151 248.388714697 57.2495001194
152 248.392381362 57.2494723417
153 248.3960897 57.249555675
154 248.399673033 57.249555675
155 248.403256363 57.2495001194
156 248.406881365 57.2495278972
157 248.410464703 57.2496112306
158 248.414048036 57.2496112306
159 248.417798036 57.2496112306
160 248.368756263 57.2476945639
161 248.372422928 57.2476667861
162 248.376131263 57.2476945639
163 248.379714598 57.2477223417
164 248.383422931 57.2477223417
165 248.387006266 57.2477501194
166 248.390672934 57.2477778972
167 248.394297937 57.2478334528
168 248.397881272 57.2478612306
169 248.401631274 57.2478890083
170 248.405089604 57.2478334528
171 248.40879794 57.2478890083
172 248.412381277 57.2479445639
173 248.416089602 57.247805675
174 248.419714607 57.2478890083
175 248.37063117 57.2460278972
176 248.374214504 57.2460278972
177 248.377922839 57.246055675
178 248.381547835 57.2460001194
179 248.385172839 57.246055675
180 248.38883951 57.2461390083
181 248.392506175 57.2461112306
182 248.396172843 57.2461390083
183 248.399714508 57.2461112306
184 248.403297846 57.2461945639
185 248.406964511 57.2461667861
186 248.410589514 57.2462223417
187 248.414256183 57.2462501194
188 248.417797848 57.2462223417
189 248.368964403 57.2442223417
190 248.37254774 57.2442778972
191 248.376172741 57.244305675
192 248.379797743 57.2443334528
193 248.383464411 57.2443612306
194 248.387006079 57.2443890083
195 248.390672744 57.2443612306
196 248.394297748 57.2444167861
197 248.397881081 57.2444167861
198 248.401589414 57.2444167861
199 248.405256087 57.2445278972
200 248.408839416 57.2444445639
201 248.412506085 57.2445001194
202 248.416006085 57.2445001194
203 248.419714423 57.2445834528
204 248.370672646 57.2425834528
205 248.374297644 57.242555675
206 248.377964314 57.2426112306
207 248.381589315 57.2426390083
208 248.38517265 57.2426667861
209 248.388880985 57.2426945639
210 248.392339315 57.2426390083
211 248.396172649 57.2426390083
212 248.399672652 57.2426945639
213 248.403422653 57.2427223417
214 248.40688099 57.2427778972
215 248.41063099 57.2427778972
216 248.414339323 57.2427778972
217 248.417922656 57.2427778972
218 248.368922548 57.2408334528
219 248.372589215 57.2408334528
220 248.376297552 57.2408890083
221 248.379714218 57.2408890083
222 248.383464221 57.2409445639
223 248.387047555 57.2409445639
224 248.390672553 57.2409167861
225 248.39438089 57.2409723417
226 248.397922558 57.2410001194
227 248.401672556 57.2409723417
228 248.405172559 57.2410278972
229 248.408880896 57.2410834528
230 248.412505897 57.2411112306
231 248.416172561 57.241055675
232 248.419672562 57.2410834528
233 248.370672456 57.2391667861
234 248.374297456 57.2391667861
235 248.378005795 57.2392778972
236 248.381714123 57.2391667861
237 248.385380795 57.2392778972
238 248.388880792 57.2392223417
239 248.392464129 57.2392778972
240 248.396089129 57.2392778972
241 248.399797461 57.2392501194
242 248.40346413 57.239305675
243 248.407172465 57.2393334528
244 248.410714133 57.2393612306
245 248.41429747 57.2394167861
246 248.417964138 57.2394445639
