1 248.423507338 57.2670278972
2 248.427132336 57.2670001194
3 248.430840676 57.2671112306
4 248.434424009 57.2671112306
5 248.437924011 57.2671390083
6 248.441715674 57.2670834528
7 248.445382347 57.2671945639
8 248.448924009 57.2671112306
9 248.452507349 57.2672223417
10 248.456257347 57.2671945639
11 248.459840685 57.2672778972
12 248.463424018 57.2672778972
13 248.467007352 57.2672778972
14 248.470674017 57.2672501194
15 248.421840574 57.2652778972
16 248.425298909 57.265305675
17 248.428923912 57.2653612306
18 248.432548915 57.2654167861
19 248.436173913 57.2653890083
20 248.439882245 57.2653612306
21 248.443548912 57.2653612306
22 248.447132247 57.2653890083
23 248.450715585 57.2654723417
24 248.454257251 57.2654723417
25 248.45800725 57.2654445639
26 248.461632253 57.2655001194
27 248.465298921 57.2655278972
28 248.469007254 57.2655278972
29 248.472507254 57.2655278972
30 248.423590481 57.2636112306
31 248.427132149 57.2636390083
32 248.430757146 57.2635834528
33 248.434382151 57.2636667861
34 248.438048816 57.2636390083
35 248.441715484 57.2636667861
36 248.44534049 57.2637778972
37 248.449007157 57.2637778972
38 248.452590486 57.2636945639
39 248.456298825 57.263805675
40 248.459923824 57.2637778972
41 248.463423822 57.2637501194
42 248.467173825 57.263805675
43 248.47079883 57.2638890083
44 248.421715385 57.2618890083
45 248.425382054 57.2619167861
46 248.429007054 57.2619167861
47 248.432673722 57.2619445639
48 248.436298723 57.2619723417
49 248.439882057 57.2619723417
50 248.44359039 57.2619723417
51 248.44725706 57.2620278972
52 248.45088206 57.2620278972
53 248.454548726 57.2620278972
54 248.458132063 57.2620834528
55 248.46167373 57.2620834528
56 248.465340395 57.262055675
57 248.468965399 57.2621390083
58 248.47267373 57.2620834528
59 248.423590293 57.2602223417
60 248.427256961 57.2602501194
61 248.430965296 57.2602778972
62 248.434548628 57.2602501194
63 248.438048631 57.260305675
64 248.441756962 57.2602778972
65 248.445381964 57.260305675
66 248.449048634 57.2603612306
67 248.452631969 57.2603890083
68 248.456298635 57.2603890083
69 248.460048637 57.2604167861
70 248.46363197 57.2604167861
71 248.46725697 57.2604167861
72 248.470923637 57.2604167861
73 248.421840198 57.2585278972
74 248.425381864 57.2585001194
75 248.429048532 57.2585278972
76 248.432756867 57.258555675
77 248.436423533 57.258555675
78 248.440006868 57.2585834528
79 248.443673538 57.2586390083
80 248.447215206 57.2586667861
81 248.450881871 57.2586390083
82 248.454590205 57.2586390083
83 248.45817354 57.2586667861
84 248.461840203 57.2586112306
85 248.465381874 57.2586945639
86 248.469048543 57.2587223417
87 248.472673544 57.2587501194
88 248.423631766 57.2567501194
89 248.427256768 57.2567778972
90 248.430923439 57.2568612306
91 248.434506771 57.2568334528
92 248.438173439 57.2568612306
93 248.441923441 57.2568890083
94 248.445423442 57.2569167861
95 248.449006772 57.2568612306
96 248.452798444 57.2569445639
97 248.456423442 57.2569167861
98 248.459965112 57.2569723417
99 248.463673448 57.2570278972
100 248.467340114 57.2570001194
101 248.470756783 57.257055675
102 248.421965005 57.255055675
103 248.425548339 57.255055675
104 248.429215008 57.2551112306
105 248.432798345 57.2551667861
106 248.436423346 57.2551945639
107 248.440090012 57.2551667861
108 248.443715012 57.2551667861
109 248.447256681 57.2552223417
110 248.451048346 57.2551945639
111 248.45454835 57.2552501194
112 248.458131686 57.255305675
113 248.461881683 57.2552501194
114 248.465381683 57.2552501194
115 248.469215018 57.2552778972
116 248.472756684 57.2552778972
117 248.423714913 57.2533890083
118 248.427339913 57.2533890083
119 248.431006581 57.2534167861
120 248.434589913 57.2533890083
121 248.438256584 57.2534723417
122 248.441881589 57.253555675
123 248.445423254 57.2535278972
124 248.449089919 57.2535001194
125 248.452798255 57.253555675
126 248.456464924 57.2535834528
127 248.459964924 57.2535834528
128 248.463714925 57.2536112306
129 248.467339925 57.2536112306
130 248.470881592 57.2536112306
131 248.421964819 57.2516945639
132 248.42558982 57.2517223417
133 248.429298157 57.2517778972
134 248.432881485 57.2516945639
135 248.436506487 57.2517223417
136 248.440089825 57.251805675
137 248.443756488 57.2517501194
138 248.447381491 57.251805675
139 248.451089825 57.251805675
140 248.454673161 57.2518612306
141 248.458339829 57.2518890083
142 248.461881496 57.2518890083
143 248.465548163 57.2518890083
144 248.469214831 57.2519167861
145 248.472798166 57.2519445639
146 248.42383972 57.2499167861
147 248.427381388 57.2499445639
148 248.431006391 57.2500001194
149 248.434589724 57.2500001194
150 248.438339727 57.250055675
151 248.441923062 57.2500834528
152 248.445589727 57.250055675
153 248.449256399 57.2501390083
154 248.452839732 57.2501390083
155 248.456423062 57.2500834528
156 248.460089731 57.2501112306
157 248.463673069 57.2501945639
158 248.467214735 57.2501945639
159 248.471006402 57.2501945639
160 248.421922962 57.2482778972
161 248.425589627 57.2482501194
162 248.429339629 57.2482778972
163 248.432922964 57.248305675
164 248.43658963 57.248305675
165 248.440214632 57.2483334528
166 248.4438813 57.2483612306
167 248.447464636 57.2484167861
168 248.451089636 57.2484167861
169 248.45483964 57.2484723417
170 248.458256303 57.2484167861
171 248.46196464 57.2484723417
172 248.465589641 57.2485001194
173 248.469256302 57.2483890083
174 248.472922971 57.2484445639
175 248.423797869 57.2466112306
176 248.427381203 57.2466112306
177 248.431089538 57.2466390083
178 248.434756201 57.2465834528
179 248.438381204 57.2466390083
180 248.442047876 57.2467223417
181 248.445672874 57.2466945639
182 248.449339542 57.2467223417
183 248.452922874 57.2466945639
184 248.456506212 57.2467778972
185 248.460172877 57.2467501194
186 248.463756214 57.246805675
187 248.467464548 57.2468334528
188 248.470964547 57.246805675
189 248.422172769 57.244805675
190 248.425756104 57.2448334528
191 248.42933944 57.2448890083
192 248.432964442 57.2449167861
193 248.43663111 57.2449445639
194 248.440214445 57.2449723417
195 248.443839444 57.2449445639
196 248.447506113 57.2450001194
197 248.451089447 57.2450001194
198 248.454756113 57.2450001194
199 248.458422786 57.2451112306
200 248.462006115 57.2450278972
201 248.465714451 57.2450834528
202 248.469172783 57.245055675
203 248.472922789 57.2451667861
204 248.423839345 57.2431667861
205 248.427464343 57.2431390083
206 248.431131013 57.2431945639
207 248.434756013 57.2431945639
208 248.438381016 57.2432501194
209 248.442089349 57.2432501194
210 248.445547681 57.2432223417
211 248.449381013 57.2431945639
212 248.452881018 57.2432778972
213 248.456631019 57.243305675
214 248.460047689 57.2433612306
215 248.463797687 57.2433334528
216 248.467547689 57.2433612306
217 248.471131022 57.2433612306
218 248.422130914 57.2414167861
219 248.425755914 57.2414167861
220 248.429505916 57.2414445639
221 248.432922584 57.2414723417
222 248.436630919 57.2415001194
223 248.440214254 57.2415278972
224 248.443839252 57.2415001194
225 248.447547589 57.241555675
226 248.451089255 57.241555675
227 248.454839255 57.241555675
228 248.458380925 57.2416112306
229 248.462089261 57.2416667861
230 248.465672596 57.2416945639
231 248.46933926 57.2416390083
232 248.472880928 57.2416667861
233 248.423839155 57.2397501194
234 248.427505822 57.2397501194
235 248.431214161 57.2398612306
236 248.434880822 57.2397501194
237 248.438547494 57.2398612306
238 248.442047491 57.239805675
239 248.445630828 57.2398612306
240 248.449297494 57.2398612306
241 248.45296416 57.2398334528
242 248.456630829 57.2398890083
243 248.460339164 57.2399167861
244 248.463880832 57.2399445639
245 248.467464169 57.2400001194
246 248.471172504 57.2400278972
