1 191.096448994 16.7983612306
2 191.09849066 16.798305675
3 191.100573994 16.7984445639
4 191.102615661 16.7984445639
5 191.104615661 16.7984445639
6 191.106740661 16.7983890083
7 191.108823995 16.7985278972
8 191.110823994 16.7984167861
9 191.112823995 16.798555675
10 191.114948995 16.7985001194
11 191.116948995 16.7985834528
12 191.118990662 16.7986112306
13 191.121032329 16.7985834528
14 191.123073995 16.7985834528
15 191.09549065 16.7965834528
16 191.097448983 16.7966390083
17 191.099532317 16.7966945639
18 191.101532317 16.7967501194
19 191.10361565 16.7966945639
20 191.105698984 16.7966945639
21 191.10774065 16.7966667861
22 191.109782317 16.7966945639
23 191.111823984 16.796805675
24 191.113823984 16.796805675
25 191.115948984 16.7967778972
26 191.117990651 16.7968334528
27 191.120032318 16.7968334528
28 191.122157318 16.7968334528
29 191.124115651 16.7968334528
30 191.09649064 16.7949445639
31 191.09849064 16.7949723417
32 191.100532306 16.7949167861
33 191.10261564 16.7950001194
34 191.104657306 16.7949445639
35 191.10674064 16.7949723417
36 191.108782307 16.7950834528
37 191.110823974 16.7950834528
38 191.11286564 16.7950278972
39 191.114990641 16.7951390083
40 191.117032307 16.7951112306
41 191.118990641 16.7950834528
42 191.121115641 16.7951390083
43 191.123157308 16.7951945639
44 191.095448962 16.7931945639
45 191.097532296 16.7932223417
46 191.099532296 16.7932223417
47 191.101615629 16.7932501194
48 191.103657296 16.793305675
49 191.105698963 16.793305675
50 191.107782296 16.7932778972
51 191.10986563 16.7933612306
52 191.111907297 16.7933334528
53 191.11399063 16.7933612306
54 191.11599063 16.7933890083
55 191.118032297 16.7933890083
56 191.120073964 16.7933890083
57 191.122115631 16.7934445639
58 191.12424063 16.7933890083
59 191.096490619 16.791555675
60 191.098573952 16.791555675
61 191.100657286 16.7916112306
62 191.102657286 16.7915834528
63 191.104657286 16.7916390083
64 191.106740619 16.7915834528
65 191.108823953 16.7916112306
66 191.11086562 16.7916667861
67 191.112907287 16.7917223417
68 191.114948953 16.7916945639
69 191.117073954 16.7917223417
70 191.11911562 16.7917223417
71 191.121157287 16.7917501194
72 191.12324062 16.7917501194
73 191.095490609 16.7898334528
74 191.097490609 16.7898334528
75 191.099573942 16.7898612306
76 191.101657275 16.7898612306
77 191.103740609 16.7898890083
78 191.105782276 16.7898890083
79 191.107823943 16.7899723417
80 191.109823943 16.7899723417
81 191.111907276 16.7899723417
82 191.113990609 16.7899445639
83 191.116032276 16.7900001194
84 191.118115609 16.7899445639
85 191.12011561 16.7900001194
86 191.122157277 16.7900278972
87 191.124198944 16.7900834528
88 191.096532265 16.7880834528
89 191.098573931 16.7880834528
90 191.100657265 16.7881945639
91 191.102657265 16.7881390083
92 191.104740599 16.7881667861
93 191.106823932 16.7882223417
94 191.108823932 16.7882223417
95 191.110865599 16.7881945639
96 191.112990599 16.7882778972
97 191.115032266 16.7882223417
98 191.117032266 16.788305675
99 191.1191156 16.7883334528
100 191.121198933 16.788305675
101 191.123157267 16.7883890083
102 191.095573921 16.7863890083
103 191.097573921 16.7863612306
104 191.099657255 16.7864167861
105 191.101698922 16.7865001194
106 191.103740588 16.7865001194
107 191.105782255 16.7864723417
108 191.107865588 16.7864723417
109 191.109865589 16.7865278972
110 191.111990588 16.7865001194
111 191.113990589 16.7865834528
112 191.115990589 16.7866112306
113 191.118115589 16.7865834528
114 191.120115589 16.786555675
115 191.122240589 16.7865834528
116 191.124282256 16.7865834528
117 191.096532244 16.7847223417
118 191.098615577 16.7846945639
119 191.100698911 16.7847223417
120 191.102698911 16.7847223417
121 191.104782245 16.7847778972
122 191.106823912 16.7848890083
123 191.108823912 16.7848612306
124 191.110907245 16.784805675
125 191.112990578 16.7848612306
126 191.115073912 16.7849167861
127 191.117032245 16.7848890083
128 191.119157245 16.7849167861
129 191.121198912 16.7849445639
130 191.123198912 16.7849167861
131 191.0955739 16.7830001194
132 191.097615567 16.7830278972
133 191.099698901 16.7830834528
134 191.101740567 16.7830278972
135 191.103782234 16.7830278972
136 191.105823901 16.7831112306
137 191.107865567 16.783055675
138 191.109907234 16.7831112306
139 191.112032234 16.7831112306
140 191.114073901 16.7831667861
141 191.116115568 16.7831945639
142 191.118115568 16.7831945639
143 191.120198902 16.7831945639
144 191.122282235 16.7832223417
145 191.124282235 16.7832501194
146 191.096615556 16.7812223417
147 191.098615557 16.7812778972
148 191.100657224 16.7813334528
149 191.10269889 16.7813334528
150 191.10482389 16.7813612306
151 191.106823891 16.7813890083
152 191.108907224 16.7813612306
153 191.110990558 16.7814723417
154 191.113032224 16.7814445639
155 191.115032224 16.7813890083
156 191.117115558 16.7814445639
157 191.119115558 16.7815278972
158 191.121157225 16.7815001194
159 191.123282225 16.7815001194
160 191.09557388 16.7796112306
161 191.097615546 16.7795834528
162 191.099740546 16.7796112306
163 191.101740547 16.7796390083
164 191.10382388 16.7796112306
165 191.105865547 16.7796390083
166 191.10794888 16.7796667861
167 191.109990547 16.7797223417
168 191.112032214 16.7797501194
169 191.114157214 16.7797778972
170 191.116073881 16.7797501194
171 191.118157214 16.779805675
172 191.120198881 16.7798334528
173 191.122282214 16.7797223417
174 191.124365547 16.7797778972
175 191.096615536 16.7779445639
176 191.098657203 16.7779445639
177 191.100740536 16.7779445639
178 191.102782203 16.7778890083
179 191.10482387 16.7779723417
180 191.106907204 16.778055675
181 191.10894887 16.7780278972
182 191.111032204 16.778055675
183 191.11307387 16.7780001194
184 191.11507387 16.7780834528
185 191.117157204 16.778055675
186 191.119198871 16.7781112306
187 191.121282204 16.7781390083
188 191.123282204 16.7781390083
189 191.095698858 16.7761112306
190 191.097698859 16.7761667861
191 191.099740526 16.7762223417
192 191.101782192 16.7762223417
193 191.103865526 16.7762778972
194 191.105865526 16.7762778972
195 191.107948859 16.7762501194
196 191.109990526 16.7763334528
197 191.112032193 16.776305675
198 191.114115526 16.7763334528
199 191.116157194 16.7764167861
200 191.11819886 16.7763612306
201 191.120282193 16.7763890083
202 191.122240527 16.7763890083
203 191.124365527 16.7764723417
204 191.096615515 16.7744723417
205 191.098698848 16.7744445639
206 191.100740515 16.7745001194
207 191.102782182 16.7745278972
208 191.104823849 16.774555675
209 191.106948849 16.7745834528
210 191.108865515 16.7745278972
211 191.111073849 16.7745278972
212 191.113032182 16.7745834528
213 191.115157183 16.7746390083
214 191.11707385 16.7746667861
215 191.11919885 16.7746667861
216 191.12132385 16.7746667861
217 191.123365516 16.7746945639
218 191.095657171 16.7727223417
219 191.097740505 16.7727501194
220 191.099823838 16.7727778972
221 191.101740505 16.772805675
222 191.103865505 16.7728334528
223 191.105907172 16.7728334528
224 191.107948838 16.772805675
225 191.110032172 16.7728890083
226 191.112032172 16.7728890083
227 191.114157172 16.7728890083
228 191.116157172 16.7729445639
229 191.118240506 16.7730001194
230 191.120282173 16.7730278972
231 191.122323839 16.7729723417
232 191.124323839 16.7730001194
233 191.096615494 16.7710834528
234 191.098698828 16.7710834528
235 191.100782162 16.7711667861
236 191.102865494 16.7710834528
237 191.104948828 16.7711945639
238 191.106948828 16.7711112306
239 191.108948828 16.7711667861
240 191.110990495 16.7711945639
241 191.113115495 16.7711667861
242 191.115157162 16.7712223417
243 191.117240495 16.7712501194
244 191.119240496 16.7712778972
245 191.121282162 16.771305675
246 191.123365496 16.7713334528
