1 194.213813917 25.7973334528
2 194.215980583 25.7972778972
3 194.218188917 25.7973890083
4 194.220355584 25.7974167861
5 194.222480584 25.7974167861
6 194.224730584 25.7973612306
7 194.226938918 25.7974723417
8 194.229063917 25.7973890083
9 194.231230586 25.7975278972
10 194.233480585 25.7974723417
11 194.235605586 25.797555675
12 194.237772252 25.797555675
13 194.239938919 25.797555675
14 194.242147252 25.797555675
15 194.212813898 25.795555675
16 194.214855566 25.7956112306
17 194.2170639 25.7956667861
18 194.219230567 25.7957223417
19 194.2214389 25.7956667861
20 194.223647233 25.7956667861
21 194.225855566 25.7956390083
22 194.227980566 25.7956667861
23 194.230147234 25.7957778972
24 194.232272234 25.7957778972
25 194.234522234 25.7957501194
26 194.236730568 25.795805675
27 194.238897234 25.795805675
28 194.241147234 25.795805675
29 194.243230568 25.795805675
30 194.213855548 25.7939167861
31 194.215980548 25.7939445639
32 194.218147214 25.7938890083
33 194.220355549 25.7939723417
34 194.222522215 25.7939167861
35 194.224772215 25.7939445639
36 194.226897216 25.794055675
37 194.229105549 25.794055675
38 194.231272216 25.7940001194
39 194.233522217 25.7941112306
40 194.235688883 25.794055675
41 194.237772216 25.794055675
42 194.240063883 25.7941112306
43 194.242188884 25.7941667861
44 194.21273053 25.7921667861
45 194.214938863 25.7921945639
46 194.21710553 25.7921945639
47 194.219313864 25.7922223417
48 194.221480531 25.7922501194
49 194.223647198 25.7922778972
50 194.225855531 25.7922501194
51 194.228063865 25.792305675
52 194.230272198 25.792305675
53 194.232438865 25.792305675
54 194.234605532 25.7923612306
55 194.236730532 25.7923612306
56 194.238938865 25.7923612306
57 194.241105532 25.7924167861
58 194.243355532 25.7923612306
59 194.213855513 25.7905278972
60 194.216063846 25.7905278972
61 194.21827218 25.7905834528
62 194.220438846 25.790555675
63 194.22252218 25.7906112306
64 194.22477218 25.790555675
65 194.226938847 25.7905834528
66 194.229147181 25.7906390083
67 194.231272181 25.7906945639
68 194.233480514 25.7906667861
69 194.235772181 25.7906945639
70 194.237897181 25.7906945639
71 194.240063848 25.7907223417
72 194.242272182 25.7907223417
73 194.212813828 25.788805675
74 194.214938828 25.788805675
75 194.217105495 25.788805675
76 194.219355495 25.7888334528
77 194.221563829 25.7888612306
78 194.223730496 25.7888612306
79 194.225897163 25.7889167861
80 194.22806383 25.7889445639
81 194.230272163 25.7889445639
82 194.232480496 25.7889167861
83 194.234647163 25.7889723417
84 194.236813829 25.7889167861
85 194.238980497 25.7889723417
86 194.241147164 25.7890001194
87 194.243355497 25.7890278972
88 194.213897143 25.787055675
89 194.21606381 25.787055675
90 194.218272145 25.7871667861
91 194.220397144 25.7871112306
92 194.222605478 25.7871390083
93 194.224855478 25.7871945639
94 194.226980478 25.7871945639
95 194.229147145 25.7871667861
96 194.231397146 25.7872501194
97 194.233563812 25.7871945639
98 194.235688812 25.7872778972
99 194.237938813 25.787305675
100 194.240147146 25.7872778972
101 194.242188813 25.7873612306
102 194.212855459 25.7853612306
103 194.215022126 25.7853334528
104 194.21723046 25.7853890083
105 194.219397127 25.7854723417
106 194.221563794 25.7854723417
107 194.223772127 25.7854445639
108 194.225938793 25.7854445639
109 194.228063794 25.7855001194
110 194.23035546 25.7854723417
111 194.232438795 25.785555675
112 194.234605462 25.7855834528
113 194.236855461 25.785555675
114 194.238980461 25.7855278972
115 194.241272128 25.785555675
116 194.243397128 25.785555675
117 194.213938775 25.7836945639
118 194.216105442 25.7836667861
119 194.218313775 25.7836945639
120 194.220438775 25.7836945639
121 194.222647109 25.7837501194
122 194.224855444 25.7838612306
123 194.226980443 25.7838334528
124 194.229147109 25.7837778972
125 194.23139711 25.7838334528
126 194.233605444 25.7838890083
127 194.235730444 25.7838612306
128 194.237938777 25.7838890083
129 194.240105444 25.7838890083
130 194.242272111 25.7838890083
131 194.212897091 25.7819723417
132 194.215063758 25.7820001194
133 194.217272092 25.782055675
134 194.219438758 25.7820001194
135 194.221605424 25.7820001194
136 194.223772092 25.7820834528
137 194.225980425 25.7820278972
138 194.228147092 25.7820834528
139 194.230355425 25.7820834528
140 194.232522092 25.7821390083
141 194.234730426 25.7821667861
142 194.236855426 25.7821667861
143 194.239063759 25.7821667861
144 194.241272093 25.7821945639
145 194.243397093 25.7822223417
146 194.213980406 25.7801945639
147 194.216147073 25.7802223417
148 194.21831374 25.780305675
149 194.220480407 25.780305675
150 194.222730407 25.7803334528
151 194.224855407 25.7803612306
152 194.22706374 25.7803334528
153 194.229272075 25.7804445639
154 194.231438741 25.7804167861
155 194.233563741 25.7803612306
156 194.235772075 25.7804167861
157 194.237938742 25.7805001194
158 194.240063742 25.7804723417
159 194.242313742 25.7804723417
160 194.212855389 25.7785834528
161 194.215063722 25.778555675
162 194.217313722 25.7785834528
163 194.219438723 25.7786112306
164 194.221688722 25.7785834528
165 194.223813723 25.7786112306
166 194.226022056 25.7786390083
167 194.228188723 25.7786945639
168 194.23035539 25.7787223417
169 194.232605391 25.7787501194
170 194.234688724 25.7787223417
171 194.236897058 25.7787778972
172 194.239063725 25.778805675
173 194.241313723 25.7786945639
174 194.243480391 25.7787501194
175 194.213980371 25.7768890083
176 194.216147038 25.7769167861
177 194.218355372 25.7769167861
178 194.220563704 25.7768612306
179 194.222730372 25.7769445639
180 194.224938706 25.7770278972
181 194.227105373 25.7770001194
182 194.229313706 25.7770278972
183 194.231480372 25.7769723417
184 194.233605373 25.777055675
185 194.235813706 25.7770278972
186 194.237980373 25.7770834528
187 194.240188707 25.7771112306
188 194.242313707 25.7771112306
189 194.212980353 25.7750834528
190 194.21514702 25.7751390083
191 194.217313687 25.7751945639
192 194.219480354 25.7751945639
193 194.221688687 25.7752223417
194 194.223813688 25.7752501194
195 194.226022021 25.7752223417
196 194.228230355 25.775305675
197 194.230355355 25.7752778972
198 194.232605355 25.775305675
199 194.234772022 25.7753890083
200 194.236938689 25.7753334528
201 194.239147022 25.7753612306
202 194.241230356 25.7753612306
203 194.243480356 25.7754445639
204 194.214022002 25.7734445639
205 194.216188669 25.7734167861
206 194.218397003 25.7734723417
207 194.22056367 25.7735001194
208 194.222730337 25.7735278972
209 194.224980337 25.773555675
210 194.227022003 25.7735001194
211 194.229355336 25.7735001194
212 194.23143867 25.773555675
213 194.233688671 25.7736112306
214 194.235772004 25.7736390083
215 194.238022004 25.7736390083
216 194.240272004 25.7736390083
217 194.242397005 25.7736667861
218 194.212980318 25.7716945639
219 194.215146984 25.7717223417
220 194.217396985 25.7717501194
221 194.219438652 25.7717778972
222 194.221688652 25.771805675
223 194.223855319 25.771805675
224 194.226021985 25.7717778972
225 194.228230319 25.7718612306
226 194.230396986 25.7718612306
227 194.232646986 25.7718334528
228 194.234771986 25.7719167861
229 194.23698032 25.7719723417
230 194.239146987 25.7719723417
231 194.24135532 25.7719445639
232 194.24348032 25.7719723417
233 194.214021967 25.7700278972
234 194.216188634 25.770055675
235 194.218438635 25.7701390083
236 194.220646967 25.770055675
237 194.222855302 25.7701667861
238 194.224938634 25.7700834528
239 194.227105301 25.7701390083
240 194.229271968 25.7701390083
241 194.231521968 25.7701390083
242 194.233730302 25.7701667861
243 194.235938636 25.7702223417
244 194.238063636 25.7702223417
245 194.240230303 25.7702778972
246 194.242438636 25.770305675
