1 194.212689211 25.8256390083
2 194.214897544 25.8256112306
3 194.217105878 25.8257223417
4 194.219272545 25.8257223417
5 194.221397545 25.8257501194
6 194.223647545 25.8256945639
7 194.225855879 25.825805675
8 194.227980878 25.8257223417
9 194.230147546 25.8258334528
10 194.232397546 25.825805675
11 194.234522547 25.8258890083
12 194.236689214 25.8258890083
13 194.23885588 25.8258890083
14 194.241022547 25.8258612306
15 194.211689193 25.8238890083
16 194.213772526 25.8239167861
17 194.21598086 25.8239723417
18 194.218147527 25.8240278972
19 194.220314194 25.8240001194
20 194.222564194 25.8239723417
21 194.22473086 25.8239723417
22 194.226897527 25.8240001194
23 194.229064195 25.8240834528
24 194.231189195 25.8240834528
25 194.233439194 25.824055675
26 194.235605862 25.8241112306
27 194.237814195 25.8241390083
28 194.240064195 25.8241390083
29 194.242147529 25.8241390083
30 194.212730842 25.8222223417
31 194.214855842 25.8222501194
32 194.217064175 25.8221945639
33 194.219230843 25.8222778972
34 194.221439176 25.8222501194
35 194.223647509 25.8222778972
36 194.225814177 25.8223890083
37 194.22802251 25.8223890083
38 194.230189176 25.822305675
39 194.232439177 25.8224167861
40 194.234605844 25.8223890083
41 194.236689177 25.8223612306
42 194.238939177 25.8224167861
43 194.241105845 25.8225001194
44 194.211647491 25.8205001194
45 194.213855824 25.8205278972
46 194.216022491 25.8205278972
47 194.218230825 25.820555675
48 194.220397492 25.8205834528
49 194.222522492 25.8205834528
50 194.224772492 25.8205834528
51 194.226980826 25.8206390083
52 194.229147492 25.8206390083
53 194.231355826 25.8206390083
54 194.233522493 25.8206945639
55 194.235647493 25.8206945639
56 194.237814159 25.8206667861
57 194.240022493 25.8207501194
58 194.242230826 25.8206945639
59 194.212772473 25.8188334528
60 194.214980807 25.8188612306
61 194.217189141 25.8188890083
62 194.21931414 25.8188612306
63 194.221439141 25.8189167861
64 194.223689141 25.8188890083
65 194.225855808 25.8189167861
66 194.228064142 25.8189723417
67 194.230189142 25.8190001194
68 194.232397475 25.8190001194
69 194.234647476 25.8190278972
70 194.236814142 25.8190278972
71 194.238980809 25.8190278972
72 194.241189142 25.8190278972
73 194.211689123 25.8171390083
74 194.213814122 25.8171112306
75 194.216022456 25.8171390083
76 194.218272456 25.8171667861
77 194.22048079 25.8171667861
78 194.22260579 25.8171667861
79 194.224814124 25.8172501194
80 194.226939124 25.8172778972
81 194.229147457 25.8172501194
82 194.231397457 25.8172501194
83 194.233564124 25.8172778972
84 194.23573079 25.8172223417
85 194.237855791 25.817305675
86 194.240064125 25.8173334528
87 194.242230792 25.8173612306
88 194.212772437 25.8153612306
89 194.214980771 25.8153890083
90 194.217147439 25.8154723417
91 194.219314105 25.8154445639
92 194.221522439 25.8154723417
93 194.223772439 25.8155001194
94 194.225897439 25.8155278972
95 194.228022439 25.8154723417
96 194.230314106 25.815555675
97 194.232480772 25.8155001194
98 194.234605773 25.8155834528
99 194.236814107 25.8156390083
100 194.23902244 25.8156112306
101 194.241105774 25.8156667861
102 194.21177242 25.8136667861
103 194.213939086 25.8136667861
104 194.216105754 25.8137223417
105 194.218314088 25.8137778972
106 194.220480755 25.813805675
107 194.222647421 25.8137778972
108 194.224855754 25.8137778972
109 194.226980755 25.8138334528
110 194.229230755 25.813805675
111 194.231355755 25.8138612306
112 194.233522422 25.8139167861
113 194.235772422 25.8138612306
114 194.237855755 25.8138612306
115 194.240147422 25.8138890083
116 194.242314089 25.8138890083
117 194.212814069 25.8120001194
118 194.215022402 25.8120001194
119 194.217230736 25.8120001194
120 194.219355736 25.8120001194
121 194.22156407 25.8120834528
122 194.223772404 25.8121667861
123 194.225855737 25.8121390083
124 194.22806407 25.8121112306
125 194.230314071 25.8121667861
126 194.232480738 25.8121945639
127 194.234605738 25.8121945639
128 194.236855738 25.8122223417
129 194.239022405 25.8122223417
130 194.241189071 25.8122223417
131 194.211772385 25.810305675
132 194.213939052 25.8103334528
133 194.216189052 25.8103890083
134 194.218355718 25.810305675
135 194.220522385 25.8103334528
136 194.222689053 25.8104167861
137 194.224855719 25.8103612306
138 194.227064053 25.8104167861
139 194.229272386 25.8104167861
140 194.231439053 25.8104723417
141 194.233647387 25.8105001194
142 194.235772387 25.8105001194
143 194.237939054 25.8105001194
144 194.240189054 25.8105278972
145 194.242314054 25.810555675
146 194.212897366 25.8085278972
147 194.215022367 25.808555675
148 194.217189034 25.8086112306
149 194.219355701 25.8086112306
150 194.221647368 25.8086667861
151 194.223772368 25.8086945639
152 194.225980701 25.8086390083
153 194.228189035 25.8087501194
154 194.230355702 25.8087501194
155 194.232480701 25.8086945639
156 194.234689035 25.8087223417
157 194.236855703 25.808805675
158 194.238980703 25.808805675
159 194.241230703 25.808805675
160 194.211772349 25.8068890083
161 194.213980682 25.8068612306
162 194.216189016 25.8068890083
163 194.218355683 25.8069167861
164 194.220564016 25.8069167861
165 194.222730683 25.8069445639
166 194.224939017 25.8069723417
167 194.227105684 25.8070278972
168 194.229272351 25.8070278972
169 194.231522351 25.8070834528
170 194.233605684 25.8070278972
171 194.235814018 25.8070834528
172 194.237980685 25.8071112306
173 194.240189017 25.8070001194
174 194.242397351 25.8070834528
175 194.212897332 25.8052223417
176 194.215022332 25.8052223417
177 194.217272332 25.8052501194
178 194.219438998 25.8051945639
179 194.221647332 25.8052501194
180 194.223855667 25.8053334528
181 194.226022333 25.805305675
182 194.228230667 25.8053334528
183 194.230355666 25.805305675
184 194.232522334 25.8053890083
185 194.234730667 25.8053612306
186 194.236897334 25.8054167861
187 194.239105668 25.8054445639
188 194.241230667 25.8054167861
189 194.211897313 25.8034167861
190 194.214022314 25.8034445639
191 194.216230648 25.8035001194
192 194.218397314 25.8035278972
193 194.220605648 25.803555675
194 194.222730648 25.8035834528
195 194.224938981 25.803555675
196 194.227105649 25.8036112306
197 194.229272315 25.8036112306
198 194.231480649 25.8036112306
199 194.233688983 25.8037223417
200 194.235855649 25.8036390083
201 194.238063983 25.8036945639
202 194.240147316 25.8036667861
203 194.242397317 25.8037778972
204 194.212897296 25.8017778972
205 194.215105629 25.8017501194
206 194.217272297 25.801805675
207 194.21948063 25.801805675
208 194.221647297 25.8018612306
209 194.223855631 25.8018612306
210 194.225938964 25.8018334528
211 194.22823063 25.801805675
212 194.230355631 25.8018890083
213 194.232605631 25.8019167861
214 194.234647298 25.8019723417
215 194.236938965 25.8019445639
216 194.239147298 25.8019723417
217 194.241313965 25.8019723417
218 194.211855611 25.8000278972
219 194.214063945 25.8000278972
220 194.216313945 25.800055675
221 194.218355612 25.8000834528
222 194.220605612 25.8001112306
223 194.222772279 25.8001390083
224 194.224938946 25.8001112306
225 194.22714728 25.8001667861
226 194.22927228 25.8001667861
227 194.231563946 25.8001667861
228 194.23364728 25.8002223417
229 194.235897281 25.8002778972
230 194.238063948 25.800305675
231 194.240230614 25.8002501194
232 194.242355614 25.8002778972
233 194.212897261 25.7983612306
234 194.215105594 25.7983612306
235 194.217313929 25.7984723417
236 194.219563928 25.7983612306
237 194.221730595 25.7984723417
238 194.223855595 25.7984167861
239 194.226022262 25.7984723417
240 194.228188929 25.7984723417
241 194.230397262 25.7984445639
242 194.232605596 25.7985001194
243 194.234855596 25.7985278972
244 194.236980596 25.798555675
245 194.239147263 25.7986112306
246 194.241355597 25.7986390083
