1 194.213814217 25.8262223417
2 194.215980883 25.8261667861
3 194.218189218 25.8262778972
4 194.220355884 25.8262778972
5 194.222480885 25.826305675
6 194.224730884 25.8262501194
7 194.226939218 25.8263612306
8 194.229064218 25.8262778972
9 194.231230885 25.8263890083
10 194.233480885 25.8263612306
11 194.235605886 25.8264445639
12 194.237772553 25.8264445639
13 194.239939219 25.8264445639
14 194.242147552 25.8264167861
15 194.212814198 25.8244445639
16 194.214855865 25.8244723417
17 194.2170642 25.824555675
18 194.219230867 25.8245834528
19 194.2214392 25.824555675
20 194.223647533 25.8245278972
21 194.225855866 25.8245278972
22 194.227980866 25.824555675
23 194.230147534 25.8246390083
24 194.232272534 25.8246390083
25 194.234522534 25.8246112306
26 194.236730867 25.8246667861
27 194.238897534 25.8246945639
28 194.241147534 25.8246945639
29 194.243230868 25.8246945639
30 194.213855848 25.822805675
31 194.215980848 25.8228334528
32 194.218147514 25.8227501194
33 194.220355848 25.8228334528
34 194.222522515 25.822805675
35 194.224772515 25.8228334528
36 194.226897516 25.8229445639
37 194.22910585 25.8229445639
38 194.231272516 25.8228890083
39 194.233522517 25.8230001194
40 194.235689183 25.8229445639
41 194.237772516 25.8229167861
42 194.240064183 25.8229723417
43 194.242230851 25.823055675
44 194.21273083 25.821055675
45 194.214939164 25.8210834528
46 194.21710583 25.8210834528
47 194.219314164 25.8211112306
48 194.221480831 25.8211390083
49 194.223647498 25.8211667861
50 194.225855831 25.8211390083
51 194.228064165 25.8211945639
52 194.230272498 25.8211945639
53 194.232439165 25.8211945639
54 194.234605832 25.8212501194
55 194.236730832 25.8212501194
56 194.238939165 25.8212223417
57 194.241105833 25.821305675
58 194.243355832 25.8212501194
59 194.213855813 25.8194167861
60 194.216064146 25.8194167861
61 194.21827248 25.8194445639
62 194.220439146 25.8194167861
63 194.22252248 25.8194723417
64 194.22477248 25.8194445639
65 194.226939147 25.8194723417
66 194.229147481 25.8195278972
67 194.231272481 25.8195834528
68 194.233480814 25.819555675
69 194.235772481 25.8195834528
70 194.237897481 25.8195834528
71 194.240064148 25.8196112306
72 194.242314148 25.8195834528
73 194.212772462 25.8176945639
74 194.214939128 25.8176945639
75 194.217105795 25.8176945639
76 194.219355795 25.8177223417
77 194.221564129 25.8177223417
78 194.223730796 25.8177501194
79 194.225897463 25.817805675
80 194.228022463 25.8178334528
81 194.230272463 25.817805675
82 194.232480796 25.817805675
83 194.234647463 25.8178334528
84 194.236855796 25.817805675
85 194.238980797 25.8178612306
86 194.241147464 25.8178890083
87 194.243355797 25.8179167861
88 194.213897443 25.8159445639
89 194.21606411 25.8159445639
90 194.218272444 25.8160278972
91 194.220397444 25.8160001194
92 194.222605778 25.8160278972
93 194.224855778 25.816055675
94 194.226980778 25.8160834528
95 194.229147445 25.816055675
96 194.231397445 25.8161112306
97 194.233564112 25.8160834528
98 194.235689112 25.8161390083
99 194.237939113 25.8161945639
100 194.240147446 25.8161667861
101 194.242189113 25.8162501194
102 194.212855759 25.8142223417
103 194.215022426 25.8142223417
104 194.217230759 25.8142778972
105 194.219397427 25.8143334528
106 194.221564094 25.8143612306
107 194.223772427 25.8143334528
108 194.225939093 25.8143334528
109 194.228064094 25.8143890083
110 194.23035576 25.8143612306
111 194.232439094 25.8144167861
112 194.234605762 25.8144723417
113 194.236855761 25.8144167861
114 194.238980761 25.8144167861
115 194.241272428 25.8144445639
116 194.243397428 25.8144445639
117 194.213897408 25.812555675
118 194.216105742 25.812555675
119 194.218314075 25.8125834528
120 194.220439075 25.8125834528
121 194.222647409 25.8126390083
122 194.224855743 25.8127223417
123 194.226980743 25.8126945639
124 194.229147409 25.8126667861
125 194.23139741 25.8127223417
126 194.233605744 25.8127778972
127 194.235730744 25.8127501194
128 194.237939077 25.8127778972
129 194.240147411 25.8127778972
130 194.242272411 25.8127778972
131 194.212897391 25.8108612306
132 194.215064058 25.8108890083
133 194.217272392 25.8109445639
134 194.219439058 25.8108890083
135 194.221605724 25.8108890083
136 194.223772392 25.8109723417
137 194.225980725 25.8109167861
138 194.228147392 25.8109723417
139 194.230355725 25.8109723417
140 194.232522392 25.8110278972
141 194.234730726 25.811055675
142 194.236855726 25.811055675
143 194.239064059 25.811055675
144 194.241272393 25.8110834528
145 194.243397393 25.8111112306
146 194.213980706 25.8090834528
147 194.216147372 25.8091112306
148 194.21831404 25.8091667861
149 194.220480707 25.8091945639
150 194.222730707 25.8092223417
151 194.224855707 25.8092501194
152 194.22706404 25.8092223417
153 194.229272374 25.809305675
154 194.231439041 25.809305675
155 194.233605707 25.8092501194
156 194.235772374 25.8092778972
157 194.237939042 25.8093612306
158 194.240064042 25.8093612306
159 194.242314042 25.8093612306
160 194.212855688 25.8074445639
161 194.215064022 25.8074445639
162 194.217314022 25.8074445639
163 194.219439022 25.8074723417
164 194.221647355 25.8074723417
165 194.223814022 25.8075001194
166 194.226022356 25.8075278972
167 194.228189023 25.8075834528
168 194.23035569 25.8076112306
169 194.232605691 25.8076390083
170 194.234689023 25.8075834528
171 194.236897357 25.8076390083
172 194.239105691 25.8076945639
173 194.241314023 25.8075834528
174 194.243480691 25.8076390083
175 194.213980671 25.8057778972
176 194.216147338 25.805805675
177 194.218355671 25.805805675
178 194.220564004 25.8057501194
179 194.222730671 25.805805675
180 194.224939006 25.8058890083
181 194.227105672 25.8058612306
182 194.229314006 25.8058890083
183 194.231480672 25.8058612306
184 194.233605673 25.8059445639
185 194.235814006 25.8059167861
186 194.237980673 25.8059723417
187 194.240189007 25.8060001194
188 194.242314007 25.8059723417
189 194.212980652 25.8039723417
190 194.21514732 25.8040278972
191 194.217313987 25.804055675
192 194.219480654 25.8040834528
193 194.221688987 25.8041112306
194 194.223813987 25.8041390083
195 194.226022321 25.8041112306
196 194.228230654 25.8041667861
197 194.230355654 25.8041667861
198 194.232605654 25.8041667861
199 194.234772322 25.8042778972
200 194.236938988 25.8041945639
201 194.239147322 25.8042501194
202 194.241230655 25.8042501194
203 194.243480656 25.8043334528
204 194.213980635 25.8023334528
205 194.216188968 25.802305675
206 194.218397302 25.8023612306
207 194.220563969 25.8023890083
208 194.222730636 25.8024167861
209 194.224980637 25.8024445639
210 194.227022303 25.8023890083
211 194.229355636 25.8023890083
212 194.23143897 25.8024445639
213 194.23368897 25.8024723417
214 194.235772304 25.8025278972
215 194.238022304 25.8025278972
216 194.240272304 25.8025278972
217 194.242397304 25.8025278972
218 194.212980617 25.8005834528
219 194.215147284 25.8005834528
220 194.217397284 25.8006390083
221 194.219438951 25.8006390083
222 194.221688952 25.8006945639
223 194.223855618 25.8006945639
224 194.226022285 25.8006667861
225 194.228230619 25.8007223417
226 194.230397286 25.8007501194
227 194.232647285 25.8007223417
228 194.234772286 25.8007778972
229 194.23698062 25.8008334528
230 194.239147287 25.8008612306
231 194.24135562 25.8008334528
232 194.24348062 25.8008334528
233 194.214022267 25.7989167861
234 194.216188933 25.7989167861
235 194.218438934 25.7990278972
236 194.220647267 25.7989167861
237 194.222855601 25.7990278972
238 194.224938934 25.7989723417
239 194.227105601 25.7990278972
240 194.229272268 25.7990278972
241 194.231522267 25.7990001194
242 194.233730601 25.799055675
243 194.235938935 25.7990834528
244 194.238063935 25.7991112306
245 194.240230603 25.7991667861
246 194.242438936 25.7991945639
