1 191.103574148 16.8236667861
2 191.105615815 16.8236112306
3 191.107699149 16.8237223417
4 191.109740815 16.8237223417
5 191.111740816 16.8237501194
6 191.113865815 16.8236945639
7 191.115949149 16.823805675
8 191.117949149 16.8237223417
9 191.119990816 16.8238334528
10 191.122074149 16.823805675
11 191.124115816 16.8238890083
12 191.126157483 16.8238890083
13 191.128157483 16.8238890083
14 191.130240816 16.8238612306
15 191.102657471 16.8218890083
16 191.104574138 16.8219445639
17 191.106657472 16.8220001194
18 191.108699139 16.822055675
19 191.110740805 16.8220001194
20 191.112865805 16.8220001194
21 191.114907471 16.8219723417
22 191.116907472 16.8220001194
23 191.118949139 16.8221112306
24 191.120949139 16.8221112306
25 191.123074139 16.8220834528
26 191.125115806 16.8221390083
27 191.127199139 16.8221390083
28 191.129282472 16.8221390083
29 191.131282472 16.8221390083
30 191.103615794 16.8202501194
31 191.105615794 16.8202778972
32 191.107699127 16.8201945639
33 191.109740795 16.820305675
34 191.111782461 16.8202501194
35 191.113865794 16.8202778972
36 191.115907462 16.8203890083
37 191.117990795 16.8203890083
38 191.119990795 16.8203334528
39 191.122115795 16.8204445639
40 191.124157462 16.8203890083
41 191.126115795 16.8203890083
42 191.128282462 16.8204167861
43 191.130282462 16.8205001194
44 191.102574117 16.8185001194
45 191.10465745 16.8185278972
46 191.106699117 16.8185278972
47 191.108782451 16.818555675
48 191.110824117 16.8185834528
49 191.112824118 16.8186112306
50 191.114949117 16.8185834528
51 191.116990784 16.8186390083
52 191.119032451 16.8186390083
53 191.121115784 16.8186390083
54 191.123157451 16.8186945639
55 191.125157451 16.8186945639
56 191.127199118 16.8186945639
57 191.129282452 16.8187501194
58 191.131365785 16.8186945639
59 191.103615774 16.8168612306
60 191.105699107 16.8168612306
61 191.10778244 16.8168890083
62 191.109824107 16.8168612306
63 191.111782441 16.8169167861
64 191.11390744 16.8168890083
65 191.115949107 16.8169167861
66 191.117990774 16.8169723417
67 191.120032441 16.8170278972
68 191.122115774 16.8170001194
69 191.124240775 16.8170278972
70 191.126240775 16.8170278972
71 191.128282441 16.817055675
72 191.130365775 16.817055675
73 191.102615763 16.8151390083
74 191.104615763 16.8151390083
75 191.106699096 16.8151390083
76 191.108824097 16.8151667861
77 191.110865763 16.8151945639
78 191.11290743 16.8151945639
79 191.114990764 16.8152501194
80 191.116990764 16.8152778972
81 191.119074097 16.8152778972
82 191.12115743 16.8152501194
83 191.123199097 16.8152778972
84 191.125240764 16.8152501194
85 191.127240764 16.815305675
86 191.129324098 16.8153334528
87 191.131365764 16.8153612306
88 191.103657419 16.8133890083
89 191.105699086 16.8133890083
90 191.10778242 16.8134723417
91 191.109782419 16.8134445639
92 191.111865753 16.8134723417
93 191.113990753 16.8135001194
94 191.115949087 16.8135278972
95 191.117990753 16.8135001194
96 191.120115754 16.8135834528
97 191.12215742 16.8135278972
98 191.12415742 16.8135834528
99 191.126282421 16.8136390083
100 191.128324087 16.8136112306
101 191.130282421 16.8136945639
102 191.102699075 16.8116945639
103 191.104740742 16.8116667861
104 191.106782409 16.8117223417
105 191.108824076 16.8117778972
106 191.110907409 16.811805675
107 191.112949076 16.8117778972
108 191.114990743 16.8117778972
109 191.116990743 16.8118334528
110 191.119157409 16.811805675
111 191.121115743 16.8118612306
112 191.12315741 16.8119167861
113 191.12528241 16.8118612306
114 191.127240743 16.8118612306
115 191.12940741 16.8118890083
116 191.13140741 16.8118890083
117 191.103699065 16.8100278972
118 191.105740732 16.8100001194
119 191.107824065 16.8100278972
120 191.109824065 16.8100278972
121 191.111907399 16.8100834528
122 191.113990733 16.8101667861
123 191.115949066 16.8101667861
124 191.118032399 16.8101112306
125 191.120157399 16.8101667861
126 191.122199066 16.8102223417
127 191.124199066 16.8101945639
128 191.1262824 16.8102223417
129 191.128324066 16.8102223417
130 191.130365733 16.8102223417
131 191.102699055 16.808305675
132 191.104740721 16.8083334528
133 191.106824055 16.8083890083
134 191.108865721 16.8083334528
135 191.110949055 16.8083334528
136 191.112949055 16.8084167861
137 191.115032388 16.8083612306
138 191.117074055 16.8084167861
139 191.119157389 16.8084167861
140 191.121199056 16.8084723417
141 191.123240722 16.8085001194
142 191.125240722 16.8085001194
143 191.127324056 16.8085001194
144 191.129407389 16.8085278972
145 191.13140739 16.808555675
146 191.10374071 16.8065278972
147 191.105782377 16.806555675
148 191.107824044 16.8066112306
149 191.109865711 16.8066390083
150 191.111990711 16.8066667861
151 191.113990711 16.8066945639
152 191.116032378 16.8066667861
153 191.118115712 16.8067501194
154 191.120157378 16.8067501194
155 191.122199045 16.8066945639
156 191.124240712 16.8067501194
157 191.126282379 16.806805675
158 191.128282379 16.806805675
159 191.130407379 16.806805675
160 191.102699034 16.8049167861
161 191.104782367 16.8048890083
162 191.1068657 16.8048890083
163 191.108907367 16.8049445639
164 191.110990701 16.8049167861
165 191.113032367 16.8049445639
166 191.115074034 16.8049723417
167 191.117115701 16.8050278972
168 191.119157368 16.805055675
169 191.121282368 16.8050834528
170 191.123240701 16.8050278972
171 191.125324035 16.8050834528
172 191.127365702 16.8051390083
173 191.129449035 16.8050278972
174 191.131490702 16.8050834528
175 191.10374069 16.8032223417
176 191.105782357 16.8032501194
177 191.10786569 16.8032501194
178 191.109907357 16.8031945639
179 191.11199069 16.8032501194
180 191.114032358 16.8033334528
181 191.116115691 16.8033334528
182 191.118199024 16.8033612306
183 191.120199024 16.803305675
184 191.122199025 16.8033890083
185 191.124282358 16.8033612306
186 191.126324025 16.8034167861
187 191.128407358 16.8034445639
188 191.130407358 16.8034445639
189 191.102824013 16.8014167861
190 191.104824013 16.8014723417
191 191.10686568 16.8015001194
192 191.108949013 16.8015278972
193 191.11099068 16.801555675
194 191.113032347 16.8015834528
195 191.115074013 16.801555675
196 191.117157347 16.8016112306
197 191.119157347 16.8016112306
198 191.121240681 16.8016390083
199 191.123324014 16.8017223417
200 191.125365681 16.8016667861
201 191.127449014 16.8016945639
202 191.129407348 16.8016945639
203 191.131490681 16.8017778972
204 191.103782336 16.7997778972
205 191.105824002 16.7997501194
206 191.107907336 16.799805675
207 191.109949003 16.7998334528
208 191.11199067 16.7998612306
209 191.114074003 16.7998890083
210 191.116032336 16.7998334528
211 191.118199003 16.7998334528
212 191.120157337 16.7998890083
213 191.122282337 16.7999445639
214 191.12424067 16.7999723417
215 191.12636567 16.7999723417
216 191.128449004 16.7999723417
217 191.13049067 16.7999723417
218 191.102782325 16.7980278972
219 191.104865659 16.798055675
220 191.106948992 16.7980834528
221 191.108907326 16.7980834528
222 191.110990659 16.7981390083
223 191.113032326 16.7981390083
224 191.115073992 16.7981112306
225 191.117157326 16.7981945639
226 191.119157326 16.7981945639
227 191.121282326 16.7981667861
228 191.123282326 16.7982223417
229 191.12536566 16.7982778972
230 191.127407327 16.798305675
231 191.12949066 16.7982778972
232 191.13149066 16.7982778972
233 191.103782315 16.7963612306
234 191.105823982 16.7963612306
235 191.107907316 16.7964723417
236 191.110032315 16.7963890083
237 191.112073983 16.7965001194
238 191.114073982 16.7964167861
239 191.116073982 16.7964723417
240 191.118157316 16.7964723417
241 191.120240649 16.7964723417
242 191.122323983 16.7965001194
243 191.124407316 16.796555675
244 191.126407316 16.796555675
245 191.128448983 16.7966112306
246 191.130532317 16.7966390083
