1 191.077448979 16.7958890083
2 191.079490645 16.7958334528
3 191.081573979 16.7959445639
4 191.083615646 16.7959445639
5 191.085615646 16.7959723417
6 191.087740646 16.7959167861
7 191.08982398 16.7960278972
8 191.091823979 16.7959445639
9 191.093865647 16.796055675
10 191.09594898 16.7960278972
11 191.09794898 16.7961112306
12 191.099990647 16.7961112306
13 191.102032314 16.7961112306
14 191.104115647 16.7960834528
15 191.076532301 16.7941112306
16 191.078448968 16.7941390083
17 191.080532302 16.7942223417
18 191.082573969 16.7942501194
19 191.084615635 16.7942223417
20 191.086698969 16.7941945639
21 191.088782302 16.7941945639
22 191.090782302 16.7942223417
23 191.092823969 16.7943334528
24 191.094823969 16.794305675
25 191.096948969 16.7942778972
26 191.098990636 16.7943334528
27 191.10107397 16.7943612306
28 191.103157303 16.7943612306
29 191.105115636 16.7943612306
30 191.077490625 16.7924723417
31 191.079490625 16.7925001194
32 191.081532291 16.7924167861
33 191.083615625 16.7925278972
34 191.085657291 16.7924723417
35 191.087740625 16.7925001194
36 191.089782292 16.7926112306
37 191.091865626 16.7926112306
38 191.093865625 16.792555675
39 191.095990626 16.7926667861
40 191.098032292 16.7926112306
41 191.099990625 16.7925834528
42 191.102115626 16.7926390083
43 191.104157293 16.7927223417
44 191.076448947 16.7907223417
45 191.078532281 16.7907501194
46 191.080573948 16.7907501194
47 191.082657281 16.7907778972
48 191.084698948 16.790805675
49 191.086698948 16.7908334528
50 191.088782281 16.790805675
51 191.090865615 16.7908612306
52 191.092907282 16.7908612306
53 191.094990615 16.7908612306
54 191.097032282 16.7909167861
55 191.099032282 16.7909167861
56 191.101073948 16.7908890083
57 191.103115616 16.7909723417
58 191.105240615 16.7909167861
59 191.077490604 16.7890834528
60 191.079573937 16.7890834528
61 191.081657271 16.7891112306
62 191.083698937 16.7890834528
63 191.085657271 16.7891390083
64 191.087782271 16.7891112306
65 191.089823938 16.7891390083
66 191.091865605 16.7891945639
67 191.093907272 16.7892501194
68 191.095990605 16.7892223417
69 191.098115605 16.7892501194
70 191.100115605 16.7892501194
71 191.102157272 16.7892778972
72 191.104240605 16.7892501194
73 191.076490594 16.7873612306
74 191.078490594 16.7873612306
75 191.080573927 16.7873612306
76 191.08265726 16.7873890083
77 191.084740594 16.7874167861
78 191.086782261 16.7874167861
79 191.088823928 16.7874723417
80 191.090823928 16.7875001194
81 191.092907261 16.7875001194
82 191.095032261 16.7874723417
83 191.097032261 16.7875001194
84 191.099115594 16.7874723417
85 191.101115595 16.7875278972
86 191.103157261 16.787555675
87 191.105240595 16.7875834528
88 191.07753225 16.7856112306
89 191.079573916 16.7856112306
90 191.08165725 16.7856945639
91 191.08365725 16.7856667861
92 191.085740583 16.7856945639
93 191.087865584 16.7857223417
94 191.089823917 16.7857501194
95 191.091865584 16.7857223417
96 191.093990584 16.7857778972
97 191.09603225 16.7857501194
98 191.098032251 16.785805675
99 191.100115584 16.7858612306
100 191.102198918 16.7858334528
101 191.104157251 16.7859167861
102 191.076573906 16.7838890083
103 191.078615572 16.7838890083
104 191.080657239 16.7839445639
105 191.082698906 16.7840001194
106 191.084740573 16.7840278972
107 191.086823906 16.7840001194
108 191.088865573 16.7840001194
109 191.090865573 16.784055675
110 191.092990573 16.7840278972
111 191.094990574 16.7840834528
112 191.096990574 16.7841390083
113 191.09915724 16.7840834528
114 191.101115574 16.7840834528
115 191.10328224 16.7841112306
116 191.10528224 16.7841112306
117 191.077573896 16.7822501194
118 191.079615562 16.7822223417
119 191.081698896 16.7822501194
120 191.083698896 16.7822501194
121 191.085782229 16.782305675
122 191.087865563 16.7823890083
123 191.089823897 16.7823890083
124 191.09190723 16.7823334528
125 191.09403223 16.7823890083
126 191.096073897 16.7824445639
127 191.098073897 16.7824167861
128 191.10015723 16.7824445639
129 191.102198897 16.7824445639
130 191.104240564 16.7824445639
131 191.076573885 16.7805278972
132 191.078615552 16.780555675
133 191.080698886 16.7806112306
134 191.082740552 16.780555675
135 191.084823885 16.780555675
136 191.086823886 16.7806390083
137 191.088865552 16.7805834528
138 191.090948886 16.7806390083
139 191.093032219 16.7806390083
140 191.095073886 16.7806945639
141 191.097115553 16.7807223417
142 191.099115553 16.7807223417
143 191.101198886 16.7807223417
144 191.10328222 16.7807501194
145 191.10528222 16.7807778972
146 191.077615541 16.7787501194
147 191.079657208 16.7787778972
148 191.081698875 16.7788334528
149 191.083698875 16.7788612306
150 191.085823875 16.7788890083
151 191.087865542 16.7789167861
152 191.089907209 16.7788890083
153 191.091990542 16.7789723417
154 191.094032209 16.7789723417
155 191.096073875 16.7789167861
156 191.098115542 16.7789723417
157 191.10015721 16.7790278972
158 191.10215721 16.7790278972
159 191.10428221 16.7790278972
160 191.076573864 16.7771112306
161 191.078657198 16.7771112306
162 191.080740531 16.7771112306
163 191.082782198 16.7771390083
164 191.084865531 16.7771390083
165 191.086865532 16.7771667861
166 191.088948865 16.7771945639
167 191.090990532 16.7772501194
168 191.093032199 16.7772778972
169 191.095157199 16.777305675
170 191.097073865 16.7772501194
171 191.099198866 16.777305675
172 191.101240533 16.7773612306
173 191.103323865 16.7772501194
174 191.105365532 16.777305675
175 191.077615521 16.7754445639
176 191.079657188 16.7754723417
177 191.081740521 16.7754723417
178 191.083782188 16.7754167861
179 191.085865521 16.7754723417
180 191.087907188 16.775555675
181 191.089990522 16.7755278972
182 191.092032189 16.7755834528
183 191.094073855 16.7755278972
184 191.096073855 16.7756112306
185 191.098157189 16.7755834528
186 191.100198856 16.7756390083
187 191.102282189 16.7756667861
188 191.104282189 16.7756390083
189 191.076698843 16.7736390083
190 191.078698844 16.7736945639
191 191.080740511 16.7737223417
192 191.082782177 16.7737501194
193 191.084865511 16.7737778972
194 191.086865511 16.773805675
195 191.088948844 16.7737778972
196 191.090990511 16.7738334528
197 191.093032178 16.7738334528
198 191.095115511 16.7738612306
199 191.097198845 16.7739445639
200 191.099198845 16.7738612306
201 191.101282178 16.7739167861
202 191.103240512 16.7739167861
203 191.105365512 16.7740001194
204 191.077657167 16.7720001194
205 191.079698833 16.7719723417
206 191.081782167 16.7720278972
207 191.083823834 16.772055675
208 191.085823834 16.7720834528
209 191.087948834 16.7721112306
210 191.089907167 16.772055675
211 191.092073834 16.772055675
212 191.094032167 16.7721112306
213 191.096157168 16.7721390083
214 191.098115501 16.7721945639
215 191.100240501 16.7721945639
216 191.102323835 16.7721945639
217 191.104365501 16.7721945639
218 191.076657156 16.7702501194
219 191.078740489 16.7702501194
220 191.080823823 16.770305675
221 191.082782156 16.770305675
222 191.08486549 16.7703612306
223 191.086907157 16.7703612306
224 191.088948823 16.7703334528
225 191.091032157 16.7703890083
226 191.093032157 16.7704167861
227 191.095157157 16.7703890083
228 191.097157157 16.7704445639
229 191.099240491 16.7705001194
230 191.101282158 16.7705278972
231 191.103365491 16.7705001194
232 191.105365491 16.7705001194
233 191.077657146 16.7685834528
234 191.079698813 16.7685834528
235 191.081782147 16.7686945639
236 191.083865479 16.7686112306
237 191.085948813 16.7687223417
238 191.087948813 16.7686390083
239 191.089948813 16.7686945639
240 191.092032147 16.7686945639
241 191.09411548 16.7686667861
242 191.096157147 16.7687223417
243 191.098282147 16.7687501194
244 191.100282147 16.7687778972
245 191.102282147 16.7688334528
246 191.104365481 16.7688612306
