1 191.103574155 16.8247501194
2 191.105615822 16.8247223417
3 191.107699156 16.8248334528
4 191.109740822 16.8248334528
5 191.111740822 16.8248612306
6 191.113865822 16.824805675
7 191.115949156 16.8249167861
8 191.117949156 16.8248334528
9 191.119949156 16.8249445639
10 191.122074156 16.8249167861
11 191.124074157 16.8250001194
12 191.126115823 16.8250001194
13 191.12815749 16.8250001194
14 191.130199156 16.8249723417
15 191.102615811 16.8230001194
16 191.104574145 16.8230278972
17 191.106657478 16.8230834528
18 191.108657479 16.8231390083
19 191.110740812 16.8231112306
20 191.112824145 16.8230834528
21 191.114907478 16.8230834528
22 191.116907478 16.8231112306
23 191.118949146 16.8231945639
24 191.120949146 16.8231945639
25 191.123074145 16.8231667861
26 191.125115812 16.8232223417
27 191.127199146 16.8232501194
28 191.129282479 16.8232501194
29 191.131240813 16.8232501194
30 191.103615801 16.8213334528
31 191.105615801 16.8213612306
32 191.107657467 16.821305675
33 191.109740801 16.8213890083
34 191.111782468 16.8213612306
35 191.113865801 16.8213890083
36 191.115907469 16.8215001194
37 191.117990802 16.8215001194
38 191.119990801 16.8214167861
39 191.122115802 16.8215278972
40 191.124157469 16.8215001194
41 191.126115802 16.8214723417
42 191.128240802 16.8215278972
43 191.130282469 16.8216112306
44 191.102574124 16.8196112306
45 191.104657457 16.8196390083
46 191.106699124 16.8196390083
47 191.108782457 16.8196667861
48 191.110824124 16.8196945639
49 191.112824124 16.8196945639
50 191.114907458 16.8196945639
51 191.116990791 16.8197501194
52 191.119032458 16.8197223417
53 191.121115791 16.8197501194
54 191.123157458 16.819805675
55 191.125157458 16.8197778972
56 191.127199125 16.8197778972
57 191.129240792 16.8198612306
58 191.131365792 16.819805675
59 191.10361578 16.8179445639
60 191.105699114 16.8179723417
61 191.107782447 16.8180001194
62 191.109782447 16.8179723417
63 191.111782447 16.8180278972
64 191.113907447 16.8180001194
65 191.115949114 16.8180278972
66 191.117990781 16.8180834528
67 191.120032448 16.8181112306
68 191.122074114 16.8181112306
69 191.124199115 16.8181390083
70 191.126240781 16.8181390083
71 191.128282448 16.8181390083
72 191.130365781 16.8181390083
73 191.10261577 16.8162501194
74 191.10461577 16.8162223417
75 191.106699103 16.8162501194
76 191.108782437 16.8162778972
77 191.11086577 16.8162778972
78 191.112907437 16.8162778972
79 191.114949104 16.8163612306
80 191.116949104 16.8163612306
81 191.119032437 16.8163612306
82 191.12111577 16.8163612306
83 191.123157437 16.8163890083
84 191.12524077 16.8163334528
85 191.127240771 16.8164167861
86 191.129282438 16.8164445639
87 191.131365771 16.8164723417
88 191.103657426 16.8144723417
89 191.105699092 16.8145001194
90 191.107782426 16.8145834528
91 191.109782426 16.814555675
92 191.11186576 16.8145834528
93 191.11399076 16.8146112306
94 191.115949093 16.8146112306
95 191.11799076 16.8145834528
96 191.12011576 16.8146667861
97 191.122157426 16.8146112306
98 191.124157427 16.8146945639
99 191.126240761 16.8147501194
100 191.128324094 16.8147223417
101 191.130282427 16.8147778972
102 191.102699082 16.8127778972
103 191.104699082 16.8127778972
104 191.106782416 16.8128334528
105 191.108824083 16.8128890083
106 191.110865749 16.8129167861
107 191.112949083 16.8128890083
108 191.114990749 16.8128890083
109 191.11699075 16.8129445639
110 191.119115749 16.8129167861
111 191.12111575 16.8129723417
112 191.12311575 16.8130278972
113 191.125282416 16.8129723417
114 191.12724075 16.8129723417
115 191.129407417 16.8130001194
116 191.131407417 16.8130001194
117 191.103657405 16.8111112306
118 191.105740738 16.8111112306
119 191.107824072 16.8111112306
120 191.109824072 16.8111112306
121 191.111907406 16.8111945639
122 191.113949073 16.8112778972
123 191.115949073 16.8112501194
124 191.118032406 16.8112223417
125 191.120115739 16.8112778972
126 191.122199073 16.811305675
127 191.124199073 16.811305675
128 191.126282406 16.8113334528
129 191.128324073 16.8113334528
130 191.130324073 16.8113334528
131 191.102699061 16.8094167861
132 191.104740728 16.8094445639
133 191.106824062 16.8095001194
134 191.108865728 16.8094167861
135 191.110907395 16.8094445639
136 191.112949062 16.8095278972
137 191.114990728 16.8094723417
138 191.117074062 16.8095278972
139 191.119157395 16.8095278972
140 191.121199062 16.8095834528
141 191.123240729 16.8096112306
142 191.125240729 16.8096112306
143 191.127324063 16.8096112306
144 191.129407396 16.8096390083
145 191.131407396 16.8096667861
146 191.103740717 16.8076390083
147 191.105740717 16.8076667861
148 191.107782384 16.8077223417
149 191.109824051 16.8077223417
150 191.111949051 16.8077501194
151 191.113990718 16.807805675
152 191.116032385 16.8077501194
153 191.118115719 16.8078612306
154 191.120157385 16.8078612306
155 191.122157385 16.807805675
156 191.124240718 16.8078334528
157 191.126282386 16.8079167861
158 191.128282386 16.8079167861
159 191.130407386 16.8079167861
160 191.102699041 16.8060001194
161 191.104740707 16.8059723417
162 191.106865707 16.8060001194
163 191.108865707 16.8060278972
164 191.110949041 16.8060278972
165 191.112990708 16.806055675
166 191.115074041 16.806055675
167 191.117115708 16.8061390083
168 191.119157375 16.8061390083
169 191.121282375 16.8061945639
170 191.123199041 16.8061390083
171 191.125282375 16.8061945639
172 191.127365709 16.8062223417
173 191.129407375 16.8061112306
174 191.131490708 16.8061667861
175 191.103740697 16.8043334528
176 191.105782364 16.8043334528
177 191.107865697 16.8043612306
178 191.109907364 16.804305675
179 191.111990697 16.8043612306
180 191.114032364 16.8044445639
181 191.116115698 16.8044167861
182 191.118157364 16.8044445639
183 191.120199031 16.8044167861
184 191.122199031 16.8045001194
185 191.124282364 16.8044445639
186 191.126324032 16.8045278972
187 191.128407365 16.804555675
188 191.130407365 16.8045278972
189 191.102824019 16.8025278972
190 191.10482402 16.802555675
191 191.106865687 16.8026112306
192 191.108907353 16.8026112306
193 191.110990687 16.8026667861
194 191.112990687 16.8026945639
195 191.11507402 16.8026667861
196 191.117115687 16.8027223417
197 191.119157354 16.8027223417
198 191.121240687 16.8027223417
199 191.123324021 16.802805675
200 191.125324021 16.8027501194
201 191.127407354 16.8027778972
202 191.129365688 16.8027778972
203 191.131490688 16.8028890083
204 191.103740676 16.8008890083
205 191.105824009 16.8008612306
206 191.107865676 16.8009167861
207 191.109907343 16.8009167861
208 191.11194901 16.8009723417
209 191.11407401 16.8009723417
210 191.116032343 16.8009445639
211 191.11819901 16.8009167861
212 191.120157343 16.8010001194
213 191.122282344 16.8010278972
214 191.124240677 16.8010834528
215 191.126365677 16.801055675
216 191.128449011 16.8010834528
217 191.130490677 16.8010834528
218 191.102782332 16.7991390083
219 191.104865665 16.7991390083
220 191.106948999 16.7991667861
221 191.108865666 16.7991945639
222 191.110990666 16.7992223417
223 191.113032333 16.7992501194
224 191.115073999 16.7992223417
225 191.117157333 16.7992778972
226 191.119157333 16.7992778972
227 191.121282333 16.7992778972
228 191.123282333 16.7993334528
229 191.125365667 16.7993890083
230 191.127407334 16.7994167861
231 191.129490667 16.7993612306
232 191.131490667 16.7993890083
233 191.103740655 16.7974723417
234 191.105823989 16.7974723417
235 191.107907323 16.7975834528
236 191.109990655 16.7974723417
237 191.112073989 16.7975834528
238 191.114073989 16.7975278972
239 191.116073989 16.7975834528
240 191.118115656 16.7975834528
241 191.120240656 16.797555675
242 191.122282323 16.7976112306
243 191.124407323 16.7976390083
244 191.126407323 16.7976667861
245 191.128407323 16.7977223417
246 191.130490657 16.7977501194
