1 248.372132338 57.2670278972
2 248.375757335 57.2669723417
3 248.379465674 57.2670834528
4 248.383049008 57.2670834528
5 248.386590676 57.2671112306
6 248.390382339 57.267055675
7 248.394049012 57.2671667861
8 248.397590674 57.2670834528
9 248.401174014 57.2671945639
10 248.404882346 57.2671667861
11 248.408465684 57.2672501194
12 248.412090684 57.2672501194
13 248.415674017 57.2672501194
14 248.419299015 57.2672223417
15 248.370465572 57.2652501194
16 248.373923909 57.265305675
17 248.377590579 57.2653612306
18 248.381173915 57.2654167861
19 248.384840579 57.2653612306
20 248.388548912 57.2653612306
21 248.39217391 57.2653334528
22 248.395757245 57.2653612306
23 248.399382251 57.2654723417
24 248.402882251 57.2654723417
25 248.40663225 57.2654445639
26 248.41029892 57.2655001194
27 248.41392392 57.2655001194
28 248.41767392 57.2655001194
29 248.421132253 57.2655001194
30 248.372215481 57.2636112306
31 248.375757149 57.2636390083
32 248.379382145 57.263555675
33 248.383048818 57.2636667861
34 248.386673814 57.2636112306
35 248.390382149 57.2636390083
36 248.393965489 57.2637501194
37 248.397632156 57.2637501194
38 248.401215486 57.2636945639
39 248.404965492 57.263805675
40 248.408590489 57.2637501194
41 248.412048822 57.2637501194
42 248.41584049 57.2637778972
43 248.419423828 57.2638612306
44 248.370340384 57.2618612306
45 248.374048719 57.2618890083
46 248.377632052 57.2618890083
47 248.381340387 57.2619167861
48 248.384965388 57.2619445639
49 248.388507057 57.2619723417
50 248.392215388 57.2619445639
51 248.395923725 57.2620001194
52 248.399507058 57.2620001194
53 248.403215392 57.2620001194
54 248.406798728 57.262055675
55 248.410340395 57.262055675
56 248.413965393 57.2620278972
57 248.417590398 57.2621112306
58 248.421340395 57.262055675
59 248.372215293 57.2602223417
60 248.375881959 57.2602223417
61 248.379590294 57.2602501194
62 248.383173626 57.2602223417
63 248.386673629 57.2602778972
64 248.390423628 57.2602501194
65 248.394048629 57.2602778972
66 248.397673632 57.2603334528
67 248.401256969 57.2603890083
68 248.404923634 57.2603612306
69 248.408673635 57.2603890083
70 248.412298635 57.2603890083
71 248.41588197 57.2604167861
72 248.419548635 57.2603890083
73 248.370465197 57.2585001194
74 248.374006864 57.2585001194
75 248.37767353 57.2585001194
76 248.381381865 57.2585278972
77 248.385048533 57.258555675
78 248.388631867 57.258555675
79 248.392298536 57.2586112306
80 248.395840205 57.2586390083
81 248.399548538 57.2586390083
82 248.403215203 57.2586112306
83 248.406840205 57.2586390083
84 248.410465203 57.2586112306
85 248.41404854 57.2586667861
86 248.417673541 57.2586945639
87 248.421298543 57.2587223417
88 248.372256766 57.2567501194
89 248.375881766 57.2567501194
90 248.379590104 57.2568334528
91 248.383173436 57.256805675
92 248.386798438 57.2568334528
93 248.390548439 57.2568612306
94 248.394090107 57.2568890083
95 248.397673439 57.2568612306
96 248.401423444 57.2569445639
97 248.405048441 57.2568890083
98 248.40859011 57.2569445639
99 248.412298447 57.2570001194
100 248.415965112 57.2569723417
101 248.41942345 57.257055675
102 248.370590004 57.2550278972
103 248.374173337 57.2550278972
104 248.377840007 57.2550834528
105 248.38146501 57.2551390083
106 248.385090012 57.2551667861
107 248.38871501 57.2551390083
108 248.39234001 57.2551390083
109 248.395923346 57.2551945639
110 248.399673345 57.2551667861
111 248.40317335 57.2552501194
112 248.406756684 57.2552778972
113 248.410548348 57.2552223417
114 248.414048348 57.2552223417
115 248.417840016 57.2552501194
116 248.421381683 57.2552501194
117 248.372339913 57.2533890083
118 248.376006578 57.2533612306
119 248.379673246 57.2533890083
120 248.383214913 57.2533890083
121 248.386881583 57.2534445639
122 248.390548254 57.2535278972
123 248.394048254 57.2535278972
124 248.397714917 57.2534723417
125 248.40146492 57.2535278972
126 248.405089924 57.2535834528
127 248.408631589 57.253555675
128 248.412339924 57.2535834528
129 248.415964924 57.2535834528
130 248.41950659 57.2535834528
131 248.370631484 57.2516667861
132 248.374214819 57.2516945639
133 248.377923155 57.2517501194
134 248.381548152 57.2516945639
135 248.385173152 57.2516945639
136 248.388714823 57.2517778972
137 248.392381487 57.2517223417
138 248.39600649 57.2517778972
139 248.399714823 57.2517778972
140 248.403339826 57.2518334528
141 248.406964828 57.2518612306
142 248.410506495 57.2518612306
143 248.414173161 57.2518612306
144 248.417881496 57.2518890083
145 248.421423164 57.2519167861
146 248.372464718 57.2498890083
147 248.376006386 57.2499167861
148 248.37963139 57.2499723417
149 248.383256391 57.2500001194
150 248.387006393 57.2500278972
151 248.390548061 57.250055675
152 248.394214726 57.2500278972
153 248.397881397 57.2501112306
154 248.401506397 57.2501112306
155 248.405089727 57.250055675
156 248.408714731 57.2501112306
157 248.412298067 57.2501667861
158 248.415839734 57.2501667861
159 248.4196314 57.2501667861
160 248.370589627 57.2482501194
161 248.374256294 57.2482501194
162 248.377964627 57.2482501194
163 248.381547964 57.248305675
164 248.385256295 57.2482778972
165 248.38883963 57.248305675
166 248.392506298 57.2483334528
167 248.396131302 57.2483890083
168 248.399714636 57.2484167861
169 248.403464638 57.2484445639
170 248.406881302 57.2483890083
171 248.410589638 57.2484445639
172 248.414214641 57.2485001194
173 248.417922968 57.2483890083
174 248.421547971 57.2484445639
175 248.372464535 57.2465834528
176 248.376047869 57.2466112306
177 248.379756203 57.2466112306
178 248.3833812 57.246555675
179 248.387006203 57.2466112306
180 248.390672874 57.2466945639
181 248.394297874 57.2466945639
182 248.398006209 57.2467223417
183 248.401547873 57.2466667861
184 248.40513121 57.2467501194
185 248.408797876 57.2467223417
186 248.412422879 57.2467778972
187 248.416089547 57.246805675
188 248.419631212 57.2467778972
189 248.370797768 57.2447778972
190 248.374381104 57.2448334528
191 248.378006106 57.2448612306
192 248.381631107 57.2448890083
193 248.385256109 57.2449167861
194 248.388839444 57.2449445639
195 248.392506109 57.2449167861
196 248.396131113 57.2450001194
197 248.399714445 57.2449723417
198 248.40342278 57.2450001194
199 248.407089451 57.2450834528
200 248.410672781 57.2450278972
201 248.41433945 57.245055675
202 248.417797783 57.245055675
203 248.421547788 57.2451390083
204 248.372464343 57.2431390083
205 248.376131008 57.2431112306
206 248.379797678 57.2431667861
207 248.383381013 57.2431945639
208 248.387006015 57.2432223417
209 248.390714349 57.2432501194
210 248.39417268 57.2431945639
211 248.398006013 57.2431945639
212 248.401506016 57.2432501194
213 248.405256019 57.243305675
214 248.408714354 57.2433334528
215 248.412464354 57.2433334528
216 248.416172687 57.2433334528
217 248.419756021 57.2433334528
218 248.370755913 57.2413890083
219 248.374422581 57.2414167861
220 248.378130916 57.2414445639
221 248.381547582 57.2414445639
222 248.385297586 57.2415001194
223 248.388880919 57.2415001194
224 248.392505917 57.2414723417
225 248.396172589 57.241555675
226 248.399755922 57.241555675
227 248.40350592 57.2415278972
228 248.407005923 57.2415834528
229 248.41071426 57.2416390083
230 248.414339261 57.2416667861
231 248.41796426 57.2416390083
232 248.421505927 57.2416390083
233 248.37250582 57.2397223417
234 248.37613082 57.2397223417
235 248.37983916 57.2398334528
236 248.383547488 57.2397501194
237 248.387214161 57.2398612306
238 248.390714157 57.2397778972
239 248.394297493 57.2398334528
240 248.397922493 57.2398334528
241 248.401630826 57.2398334528
242 248.405297494 57.2398612306
243 248.409005831 57.2399167861
244 248.412505831 57.2399167861
245 248.416130834 57.2399723417
246 248.419797502 57.2400001194
