1 248.372214066 57.2381390083
2 248.375839064 57.2381112306
3 248.379505737 57.2382223417
4 248.38308907 57.2382223417
5 248.386630738 57.2382501194
6 248.390422402 57.2381945639
7 248.394089075 57.238305675
8 248.397630737 57.2382223417
9 248.401214076 57.2383334528
10 248.404922408 57.238305675
11 248.408505746 57.2383890083
12 248.412089079 57.2383890083
13 248.415714079 57.2383890083
14 248.419339078 57.2383612306
15 248.370547302 57.2363890083
16 248.374005637 57.2364167861
17 248.37763064 57.2364723417
18 248.381213976 57.2365278972
19 248.384880641 57.2365001194
20 248.388588973 57.2364723417
21 248.392213973 57.2364723417
22 248.395797308 57.2365001194
23 248.399422312 57.2365834528
24 248.402922312 57.2365834528
25 248.406672311 57.236555675
26 248.410338981 57.2366112306
27 248.413963982 57.2366390083
28 248.417672316 57.2366390083
29 248.421172316 57.2366390083
30 248.372297209 57.2347223417
31 248.375838877 57.2347501194
32 248.379463874 57.2346945639
33 248.383088879 57.2347778972
34 248.386755542 57.2347223417
35 248.390422212 57.2347778972
36 248.394005552 57.2348890083
37 248.397672218 57.2348890083
38 248.401255547 57.234805675
39 248.405005553 57.2349167861
40 248.408588885 57.2348890083
41 248.412088884 57.2348612306
42 248.415880553 57.2349167861
43 248.41946389 57.2349723417
44 248.370422114 57.2330001194
45 248.374088782 57.2330278972
46 248.377713782 57.2330278972
47 248.38138045 57.233055675
48 248.385005451 57.2330834528
49 248.388547118 57.2330834528
50 248.392297118 57.2330834528
51 248.395963788 57.2331390083
52 248.399588786 57.2331112306
53 248.403255455 57.2331390083
54 248.406838791 57.2331945639
55 248.410380456 57.2331667861
56 248.414005456 57.2331667861
57 248.417630461 57.2332501194
58 248.421338791 57.2331945639
59 248.372297021 57.2313334528
60 248.375963688 57.2313334528
61 248.379630357 57.2313890083
62 248.383213689 57.2313612306
63 248.386713692 57.2314167861
64 248.390463689 57.2313612306
65 248.394088692 57.2314167861
66 248.397713695 57.2314723417
67 248.40129703 57.2315001194
68 248.404963697 57.2315001194
69 248.408713698 57.2315278972
70 248.412297032 57.2315278972
71 248.415922032 57.2315278972
72 248.419588698 57.2315278972
73 248.370546927 57.2296390083
74 248.374088592 57.2296112306
75 248.377713594 57.2296390083
76 248.381463594 57.2296390083
77 248.385130262 57.2296667861
78 248.388713595 57.2296667861
79 248.3923386 57.2297501194
80 248.395880266 57.2297501194
81 248.3995886 57.2297501194
82 248.403255266 57.2297501194
83 248.406880268 57.2297778972
84 248.410505265 57.2297223417
85 248.414088603 57.229805675
86 248.417713603 57.229805675
87 248.421338606 57.2298612306
88 248.372338495 57.2278612306
89 248.375963497 57.2278890083
90 248.379630168 57.2279723417
91 248.383213498 57.2279167861
92 248.386880168 57.2279723417
93 248.390588503 57.2280001194
94 248.394130169 57.2280001194
95 248.397713501 57.2279723417
96 248.401463506 57.228055675
97 248.405088503 57.2280001194
98 248.408630174 57.2280834528
99 248.41233851 57.2281390083
100 248.416005176 57.2281112306
101 248.419421845 57.2281667861
102 248.370671734 57.2261667861
103 248.374255068 57.2261667861
104 248.377880071 57.2262223417
105 248.381505074 57.2262778972
106 248.385130075 57.226305675
107 248.388755072 57.2262501194
108 248.392380074 57.2262778972
109 248.39596341 57.2263334528
110 248.399713409 57.226305675
111 248.403213412 57.2263612306
112 248.406796748 57.2264167861
113 248.410588412 57.2263612306
114 248.414046744 57.2263334528
115 248.41788008 57.2263890083
116 248.421421747 57.2263890083
117 248.372379975 57.2245001194
118 248.376046642 57.2245001194
119 248.379713308 57.2245001194
120 248.383254975 57.2245001194
121 248.386963313 57.2245834528
122 248.390588318 57.2246667861
123 248.394129983 57.2246390083
124 248.397754981 57.2246112306
125 248.401504983 57.2246390083
126 248.405129986 57.2246945639
127 248.408671653 57.2246945639
128 248.412379987 57.2247223417
129 248.416004987 57.2247223417
130 248.419546654 57.2247223417
131 248.370671548 57.222805675
132 248.374296549 57.2228334528
133 248.377963219 57.2228890083
134 248.381588214 57.222805675
135 248.385213216 57.2228334528
136 248.388796554 57.2229167861
137 248.392421551 57.2228612306
138 248.396046554 57.2229167861
139 248.399754887 57.2229167861
140 248.40337989 57.2229723417
141 248.40700489 57.2229723417
142 248.410546559 57.2230001194
143 248.414213225 57.2230001194
144 248.41792156 57.2230278972
145 248.421463228 57.223055675
146 248.372546448 57.2210001194
147 248.376088117 57.221055675
148 248.379671454 57.2211112306
149 248.383296454 57.2211112306
150 248.387046455 57.2211390083
151 248.390588125 57.2211945639
152 248.394254789 57.2211390083
153 248.397963128 57.2212501194
154 248.401546462 57.2212501194
155 248.405129792 57.2211945639
156 248.408754793 57.2212223417
157 248.412338131 57.221305675
158 248.415879798 57.221305675
159 248.419671463 57.2212778972
160 248.370629692 57.2193890083
161 248.374296357 57.2193612306
162 248.378046358 57.2193890083
163 248.381629693 57.2194167861
164 248.38529636 57.2194167861
165 248.388879695 57.2194445639
166 248.392546361 57.2194445639
167 248.396171366 57.2195278972
168 248.399754699 57.2195278972
169 248.403504702 57.2195834528
170 248.406921366 57.2195278972
171 248.410629702 57.2195834528
172 248.414254704 57.2196112306
173 248.417921364 57.2195001194
174 248.421588034 57.219555675
175 248.372504599 57.2177223417
176 248.376087933 57.2177223417
177 248.379796267 57.2177501194
178 248.383421264 57.2176945639
179 248.387087934 57.2177501194
180 248.390712939 57.2178334528
181 248.394337937 57.217805675
182 248.398046272 57.2178334528
183 248.401587937 57.217805675
184 248.405171275 57.2178890083
185 248.408837939 57.2178334528
186 248.412462943 57.2179167861
187 248.416129612 57.2179445639
188 248.41962961 57.2179167861
189 248.370879499 57.2159167861
190 248.374421167 57.2159445639
191 248.37804617 57.2160001194
192 248.38167117 57.2160001194
193 248.38533784 57.216055675
194 248.388879507 57.216055675
195 248.392546173 57.216055675
196 248.396171177 57.2161112306
197 248.39975451 57.2161112306
198 248.403462843 57.2161112306
199 248.407129514 57.2161945639
200 248.410712845 57.2161390083
201 248.414379513 57.2161667861
202 248.417837846 57.2161667861
203 248.421587852 57.2162778972
204 248.372546073 57.2142501194
205 248.376171073 57.2142501194
206 248.379837743 57.214305675
207 248.383462743 57.214305675
208 248.387046079 57.2143612306
209 248.390754413 57.2143612306
210 248.394212745 57.2143334528
211 248.398046076 57.214305675
212 248.401546081 57.2143890083
213 248.405296083 57.2144167861
214 248.408712752 57.2144723417
215 248.412462751 57.2144445639
216 248.416212752 57.2144723417
217 248.419796086 57.2144723417
218 248.370837645 57.2125278972
219 248.374462645 57.2125278972
220 248.378170979 57.212555675
221 248.381629314 57.2125834528
222 248.385337649 57.2126112306
223 248.388920984 57.2126390083
224 248.392545982 57.2126112306
225 248.396254319 57.2126667861
226 248.399795986 57.2126667861
227 248.403545986 57.2126667861
228 248.407045989 57.2127223417
229 248.410754325 57.2127778972
230 248.414379327 57.212805675
231 248.418004324 57.2127501194
232 248.421545992 57.2127778972
233 248.372545885 57.2108612306
234 248.376212552 57.2108612306
235 248.379879225 57.2109723417
236 248.383587552 57.2108612306
237 248.387254225 57.2109723417
238 248.390754222 57.2109167861
239 248.394337558 57.2109723417
240 248.397962558 57.2109723417
241 248.40167089 57.2109445639
242 248.40533756 57.2110001194
243 248.409004228 57.2110278972
244 248.412545896 57.211055675
245 248.416129233 57.2111112306
246 248.419837568 57.2111390083
