1 194.213813928 25.7984167861
2 194.215980594 25.7983890083
3 194.218188929 25.7985001194
4 194.220355596 25.7985001194
5 194.222480596 25.7985278972
6 194.224730595 25.7984723417
7 194.22693893 25.7985834528
8 194.229063929 25.7985001194
9 194.231230597 25.7986112306
10 194.233480596 25.7985834528
11 194.235605597 25.7986667861
12 194.237772264 25.7986667861
13 194.239938931 25.7986667861
14 194.242105597 25.7986390083
15 194.212772243 25.7966667861
16 194.214855577 25.7966945639
17 194.217063911 25.7967501194
18 194.219230578 25.796805675
19 194.221397244 25.7967778972
20 194.223647244 25.7967501194
21 194.225813911 25.7967501194
22 194.227980578 25.7967778972
23 194.230147245 25.7968612306
24 194.232272245 25.7968612306
25 194.234522245 25.7968334528
26 194.236688912 25.7968890083
27 194.238897246 25.7969167861
28 194.241147246 25.7969167861
29 194.243230579 25.7969167861
30 194.21385556 25.7950278972
31 194.21598056 25.7950278972
32 194.218147226 25.7949723417
33 194.22035556 25.795055675
34 194.222522226 25.7950278972
35 194.22473056 25.795055675
36 194.226897228 25.7951667861
37 194.229105561 25.7951667861
38 194.231272227 25.7950834528
39 194.233522228 25.7952223417
40 194.235688894 25.7951667861
41 194.237772227 25.7951390083
42 194.240022228 25.7951945639
43 194.242188895 25.7952778972
44 194.212730541 25.7932778972
45 194.214938875 25.793305675
46 194.217105542 25.793305675
47 194.219313875 25.7933334528
48 194.221480542 25.7933612306
49 194.223605543 25.7933890083
50 194.225855542 25.7933612306
51 194.228063876 25.7934167861
52 194.230230543 25.7934167861
53 194.232438876 25.7934167861
54 194.234605543 25.7934723417
55 194.236730543 25.7934723417
56 194.23889721 25.7934445639
57 194.241105544 25.7935278972
58 194.243313877 25.7934723417
59 194.213855524 25.7916390083
60 194.216063858 25.7916390083
61 194.218272191 25.7916667861
62 194.220397191 25.7916390083
63 194.222522192 25.7916945639
64 194.224772191 25.7916667861
65 194.226938858 25.7916945639
66 194.229147192 25.7917501194
67 194.231272193 25.7917778972
68 194.233480526 25.7917778972
69 194.235730526 25.791805675
70 194.237897193 25.791805675
71 194.240063859 25.791805675
72 194.242272193 25.791805675
73 194.212772173 25.7899167861
74 194.214897173 25.7898890083
75 194.217105507 25.7899167861
76 194.219355507 25.7899445639
77 194.22156384 25.7899445639
78 194.22368884 25.7899723417
79 194.225897174 25.7900278972
80 194.228022175 25.790055675
81 194.230230508 25.7900278972
82 194.232480508 25.7900278972
83 194.234647175 25.790055675
84 194.236813841 25.7900001194
85 194.238938842 25.7900834528
86 194.241147175 25.7901112306
87 194.243313842 25.7901390083
88 194.213855488 25.7881667861
89 194.216063822 25.7881667861
90 194.218272156 25.7882501194
91 194.220397156 25.7882223417
92 194.222605489 25.7882501194
93 194.22485549 25.7882778972
94 194.22698049 25.788305675
95 194.229105489 25.7882501194
96 194.231397157 25.7883334528
97 194.233563823 25.788305675
98 194.235688824 25.7883612306
99 194.237897158 25.7884167861
100 194.240105491 25.7883890083
101 194.242188825 25.7884445639
102 194.21285547 25.7864445639
103 194.215022137 25.7864445639
104 194.217230471 25.7865001194
105 194.219397138 25.786555675
106 194.221563805 25.7865834528
107 194.223730472 25.786555675
108 194.225938805 25.786555675
109 194.228063806 25.7866112306
110 194.230313805 25.7865834528
111 194.232438806 25.7866390083
112 194.234605473 25.7866945639
113 194.236855473 25.7866390083
114 194.238938806 25.7866390083
115 194.241230473 25.7866667861
116 194.243355473 25.7866667861
117 194.21389712 25.7847778972
118 194.216105453 25.7847778972
119 194.218313787 25.784805675
120 194.220438787 25.784805675
121 194.222647121 25.7848612306
122 194.224855455 25.7849445639
123 194.226938788 25.7849167861
124 194.229147121 25.7848890083
125 194.231397122 25.7849445639
126 194.233563789 25.7850001194
127 194.235688789 25.7849723417
128 194.237938789 25.7850001194
129 194.240105456 25.7850001194
130 194.242272122 25.7850001194
131 194.212855436 25.7830834528
132 194.215063769 25.7831112306
133 194.217272103 25.7831667861
134 194.219438769 25.7830834528
135 194.221605436 25.7831112306
136 194.223772103 25.7831945639
137 194.22593877 25.7831390083
138 194.228147103 25.7831945639
139 194.230355437 25.7831945639
140 194.232522104 25.7832501194
141 194.234730438 25.7832778972
142 194.236855438 25.7832778972
143 194.239022104 25.7832778972
144 194.241272105 25.783305675
145 194.243397105 25.7833334528
146 194.213980417 25.781305675
147 194.216105417 25.7813334528
148 194.218272085 25.7813890083
149 194.220438751 25.7813890083
150 194.222730419 25.7814445639
151 194.224855419 25.7814723417
152 194.227063752 25.7814445639
153 194.229272086 25.7815278972
154 194.231438753 25.7815278972
155 194.233563752 25.7814723417
156 194.235772086 25.7815001194
157 194.237938753 25.7815834528
158 194.240063753 25.7815834528
159 194.242313753 25.7815834528
160 194.2128554 25.7796667861
161 194.215063733 25.7796390083
162 194.217272067 25.7796667861
163 194.219438734 25.7796945639
164 194.221647067 25.7796945639
165 194.223813734 25.7797223417
166 194.226022068 25.7797501194
167 194.228188735 25.779805675
168 194.230355402 25.779805675
169 194.232605402 25.7798612306
170 194.234688735 25.779805675
171 194.236897069 25.7798612306
172 194.239063736 25.7799167861
173 194.241272068 25.7797778972
174 194.243480402 25.7798612306
175 194.213980383 25.7780001194
176 194.21614705 25.7780001194
177 194.218355383 25.7780278972
178 194.220522049 25.7779723417
179 194.222730383 25.7780278972
180 194.224938717 25.7781112306
181 194.227105384 25.7780834528
182 194.229313717 25.7781112306
183 194.231480384 25.7780834528
184 194.233605385 25.7781667861
185 194.235813718 25.7781390083
186 194.237980385 25.7781945639
187 194.240188719 25.7782223417
188 194.242313718 25.7781945639
189 194.212980364 25.7761945639
190 194.215147031 25.7762223417
191 194.217313698 25.7762778972
192 194.219480365 25.776305675
193 194.221688699 25.7763334528
194 194.223813699 25.7763612306
195 194.226022032 25.7763334528
196 194.2281887 25.7763890083
197 194.230355366 25.7763890083
198 194.2325637 25.7763890083
199 194.234772034 25.7765001194
200 194.2369387 25.7764167861
201 194.239147034 25.7764723417
202 194.241230367 25.7764445639
203 194.243480368 25.776555675
204 194.213980347 25.774555675
205 194.21618868 25.7745278972
206 194.218397014 25.7745834528
207 194.220563681 25.7746112306
208 194.222730348 25.7746390083
209 194.224938681 25.7746390083
210 194.227022014 25.7746112306
211 194.229313681 25.7746112306
212 194.231438682 25.7746667861
213 194.233688682 25.7746945639
214 194.235730349 25.7747501194
215 194.238022016 25.7747501194
216 194.240230349 25.7747501194
217 194.242397016 25.7747501194
218 194.212938662 25.772805675
219 194.215146996 25.772805675
220 194.217396996 25.7728612306
221 194.219438663 25.7728612306
222 194.221688663 25.7728890083
223 194.22385533 25.7729167861
224 194.226021997 25.7728890083
225 194.22823033 25.7729445639
226 194.230355331 25.7729723417
227 194.232646997 25.7729445639
228 194.234730331 25.7730001194
229 194.236980332 25.773055675
230 194.239146999 25.7730834528
231 194.241313665 25.7730278972
232 194.243438665 25.773055675
233 194.213980312 25.7711390083
234 194.216188645 25.7711390083
235 194.21839698 25.7712501194
236 194.220646978 25.7711390083
237 194.222855313 25.7712501194
238 194.224938646 25.7711945639
239 194.227105313 25.7712501194
240 194.22927198 25.7712501194
241 194.231480313 25.7712223417
242 194.233688647 25.7712778972
243 194.235938647 25.771305675
244 194.238063647 25.7713334528
245 194.240230314 25.7713890083
246 194.242438648 25.7714167861
