1 191.076407315 16.7964167861
2 191.078448982 16.7963890083
3 191.080532316 16.7965001194
4 191.082573983 16.7965001194
5 191.084573983 16.7965001194
6 191.086698982 16.7964723417
7 191.088782316 16.7965834528
8 191.090782316 16.7964723417
9 191.092823983 16.7966112306
10 191.094907316 16.7965834528
11 191.096948983 16.7966390083
12 191.098948984 16.7966667861
13 191.10099065 16.7966390083
14 191.103073983 16.7966390083
15 191.075490638 16.7946390083
16 191.077407305 16.7946945639
17 191.079490639 16.7947501194
18 191.081532306 16.794805675
19 191.083573972 16.7947501194
20 191.085657305 16.7947501194
21 191.087740638 16.7947223417
22 191.089740639 16.7947778972
23 191.091782306 16.7948612306
24 191.093782306 16.7948612306
25 191.095907306 16.7948334528
26 191.097948973 16.7948890083
27 191.100032306 16.7949167861
28 191.10211564 16.7949167861
29 191.104073973 16.7949167861
30 191.076448961 16.7930001194
31 191.078448961 16.7930278972
32 191.080532294 16.7929723417
33 191.082573962 16.793055675
34 191.084615628 16.7930001194
35 191.086698961 16.7930278972
36 191.088740629 16.7931390083
37 191.090823962 16.7931390083
38 191.092823962 16.7930834528
39 191.094948962 16.7931945639
40 191.096990629 16.7931667861
41 191.098948962 16.7931390083
42 191.101073962 16.7931945639
43 191.103115629 16.7932501194
44 191.075407284 16.7912778972
45 191.077490618 16.791305675
46 191.079532284 16.7912778972
47 191.081615618 16.791305675
48 191.083657285 16.7913612306
49 191.085657285 16.7913612306
50 191.087740618 16.7913612306
51 191.089823952 16.7914167861
52 191.091865618 16.7913890083
53 191.093948952 16.7914167861
54 191.095990618 16.7914445639
55 191.097990618 16.7914445639
56 191.100032285 16.7914445639
57 191.102073952 16.7915278972
58 191.104198952 16.7914723417
59 191.076448941 16.7896112306
60 191.078532274 16.7896112306
61 191.080615608 16.7896667861
62 191.082657274 16.7896390083
63 191.084615608 16.7896945639
64 191.086740607 16.7896390083
65 191.088782274 16.7896945639
66 191.090823941 16.7897223417
67 191.092865608 16.7897778972
68 191.094948942 16.7897778972
69 191.097073942 16.789805675
70 191.099073942 16.789805675
71 191.101115608 16.789805675
72 191.103198942 16.789805675
73 191.07544893 16.7878890083
74 191.07744893 16.7878890083
75 191.079532264 16.7879167861
76 191.081615597 16.7879167861
77 191.08369893 16.7879445639
78 191.085740597 16.7879445639
79 191.087782264 16.7880278972
80 191.089782264 16.7880278972
81 191.091865598 16.7880278972
82 191.093990598 16.7880278972
83 191.095990598 16.788055675
84 191.098073931 16.7880001194
85 191.100073931 16.788055675
86 191.102115598 16.7880834528
87 191.104198932 16.7881390083
88 191.076490586 16.7861390083
89 191.078532253 16.7861667861
90 191.080615587 16.7862501194
91 191.082615586 16.7861945639
92 191.08469892 16.7862223417
93 191.08682392 16.7862778972
94 191.088782254 16.7862778972
95 191.09082392 16.7862501194
96 191.092948921 16.7863334528
97 191.094990587 16.7862778972
98 191.096990588 16.7863612306
99 191.099115588 16.7864167861
100 191.101157254 16.7863612306
101 191.103115588 16.7864445639
102 191.075532242 16.7844445639
103 191.077573909 16.7844167861
104 191.079615576 16.7844723417
105 191.081657243 16.784555675
106 191.08369891 16.784555675
107 191.085782243 16.7845278972
108 191.08782391 16.7845278972
109 191.08982391 16.7846112306
110 191.09194891 16.7845834528
111 191.09394891 16.7846390083
112 191.095948911 16.7846945639
113 191.098115577 16.7846390083
114 191.10007391 16.7846112306
115 191.102240577 16.7846667861
116 191.104240577 16.7846667861
117 191.076532232 16.7827778972
118 191.078573899 16.7827778972
119 191.080657232 16.7827778972
120 191.082657232 16.7827778972
121 191.084740566 16.7828612306
122 191.0868239 16.7829445639
123 191.088782233 16.7829167861
124 191.090865566 16.7828890083
125 191.092990567 16.7829167861
126 191.095032234 16.7829723417
127 191.097032233 16.7829445639
128 191.099115567 16.7830001194
129 191.101157234 16.7830001194
130 191.1031989 16.7830001194
131 191.075532222 16.7810834528
132 191.077573889 16.7811112306
133 191.079657222 16.7811390083
134 191.081698889 16.7810834528
135 191.083782222 16.7811112306
136 191.085782223 16.7811667861
137 191.087865556 16.7811390083
138 191.089907223 16.7811945639
139 191.091990556 16.7811667861
140 191.094032223 16.7812223417
141 191.09607389 16.7812501194
142 191.09807389 16.7812501194
143 191.100157223 16.7812501194
144 191.102240557 16.781305675
145 191.104240557 16.781305675
146 191.076573878 16.7792778972
147 191.078615545 16.7793334528
148 191.080657212 16.7793890083
149 191.082657212 16.7793890083
150 191.084782212 16.7794167861
151 191.086823879 16.7794723417
152 191.088865545 16.7794167861
153 191.090948879 16.7795278972
154 191.092990546 16.7795001194
155 191.095032212 16.7794723417
156 191.097073879 16.7795001194
157 191.099115546 16.7795834528
158 191.101115546 16.779555675
159 191.103240546 16.779555675
160 191.075532201 16.7776667861
161 191.077615534 16.7776390083
162 191.079698868 16.7776667861
163 191.081740535 16.7776945639
164 191.083823868 16.7776945639
165 191.085823868 16.7777223417
166 191.087907202 16.7777223417
167 191.089948869 16.7777778972
168 191.091990535 16.777805675
169 191.094115536 16.7778612306
170 191.096032202 16.777805675
171 191.098157202 16.7778612306
172 191.100198869 16.7778890083
173 191.102282202 16.7777778972
174 191.104323869 16.7778334528
175 191.076573858 16.7760001194
176 191.078615524 16.7760001194
177 191.080698858 16.7760278972
178 191.082740524 16.7759723417
179 191.084823858 16.7760278972
180 191.086865525 16.7761112306
181 191.088948858 16.7760834528
182 191.091032192 16.7761112306
183 191.093032192 16.7760834528
184 191.095032192 16.7761390083
185 191.097115525 16.7761112306
186 191.099157192 16.7761667861
187 191.101240526 16.7762223417
188 191.103240526 16.7761945639
189 191.07565718 16.7741667861
190 191.07765718 16.7742223417
191 191.079698847 16.7742778972
192 191.081740514 16.7742778972
193 191.083823848 16.7743334528
194 191.085823848 16.7743334528
195 191.087907181 16.774305675
196 191.089948848 16.7743890083
197 191.091990514 16.7743612306
198 191.094073848 16.7743890083
199 191.096157182 16.7744723417
200 191.098157181 16.7744167861
201 191.100240515 16.7744445639
202 191.102198848 16.7744445639
203 191.104323849 16.774555675
204 191.076615503 16.7725278972
205 191.07865717 16.7725278972
206 191.080740503 16.772555675
207 191.08278217 16.7725834528
208 191.084823837 16.7726112306
209 191.086907171 16.7726390083
210 191.088865504 16.7725834528
211 191.09103217 16.7725834528
212 191.092990504 16.7726390083
213 191.095115504 16.7726945639
214 191.097073838 16.7727223417
215 191.099198838 16.7727223417
216 191.101282171 16.7727501194
217 191.103323838 16.7727501194
218 191.075615493 16.770805675
219 191.077698826 16.770805675
220 191.07978216 16.7708334528
221 191.081740493 16.7708612306
222 191.083823827 16.7708890083
223 191.085865493 16.7708890083
224 191.08790716 16.7708890083
225 191.089990494 16.7709445639
226 191.091990494 16.7709445639
227 191.094115494 16.7709445639
228 191.096115494 16.7710001194
229 191.098198828 16.771055675
230 191.100240494 16.7710834528
231 191.102323827 16.7710278972
232 191.104323828 16.771055675
233 191.076615483 16.7691390083
234 191.078657149 16.7691390083
235 191.080740483 16.7692223417
236 191.082823816 16.7691390083
237 191.08490715 16.7692501194
238 191.086907149 16.7691667861
239 191.08890715 16.7692223417
240 191.090990483 16.7692501194
241 191.093073816 16.7692223417
242 191.095115483 16.7692778972
243 191.097240484 16.769305675
244 191.099240484 16.7693334528
245 191.101240484 16.7693612306
246 191.103323817 16.7693890083
