1 248.421672428 57.2386667861
2 248.425297425 57.2386112306
3 248.429005766 57.2387501194
4 248.432589099 57.2387501194
5 248.436089099 57.2387501194
6 248.439880765 57.2387223417
7 248.443547437 57.2388334528
8 248.447089098 57.2387223417
9 248.450672439 57.2388612306
10 248.454380771 57.2388334528
11 248.457964107 57.2388890083
12 248.461589109 57.2389167861
13 248.46517244 57.2388890083
14 248.46879744 57.2388890083
15 248.420005663 57.2368890083
16 248.423463999 57.2369445639
17 248.427130669 57.2370001194
18 248.430714005 57.237055675
19 248.434339002 57.2370001194
20 248.438047336 57.2370001194
21 248.441672334 57.2369723417
22 248.44525567 57.2370278972
23 248.448880675 57.2371112306
24 248.452422342 57.2371112306
25 248.45617234 57.2370834528
26 248.459797343 57.2371390083
27 248.463422345 57.2371667861
28 248.467172345 57.2371667861
29 248.470630678 57.2371667861
30 248.421755572 57.2352501194
31 248.42529724 57.2352778972
32 248.428922237 57.2352223417
33 248.432547242 57.235305675
34 248.436213905 57.2352501194
35 248.439880573 57.2352778972
36 248.443505579 57.2353890083
37 248.447130579 57.2353890083
38 248.45071391 57.2353334528
39 248.454463916 57.2354445639
40 248.458088914 57.2354167861
41 248.461547246 57.2353890083
42 248.465338916 57.2354445639
43 248.468922252 57.2355001194
44 248.419880475 57.2335001194
45 248.423588809 57.2335278972
46 248.427172143 57.2335278972
47 248.430838811 57.233555675
48 248.434463814 57.2336112306
49 248.438005481 57.2336112306
50 248.441755481 57.2336112306
51 248.445422151 57.2336667861
52 248.449047149 57.2336390083
53 248.452713817 57.2336667861
54 248.456297152 57.2336945639
55 248.459838819 57.2336945639
56 248.463463819 57.2336945639
57 248.467088823 57.2337778972
58 248.47083882 57.2337223417
59 248.421755384 57.2318612306
60 248.42542205 57.2318612306
61 248.429130387 57.2319167861
62 248.432713719 57.2318890083
63 248.436213722 57.2319445639
64 248.439922052 57.2318890083
65 248.443547053 57.2319167861
66 248.447213723 57.2319723417
67 248.450755393 57.2320278972
68 248.45442206 57.2320278972
69 248.458172061 57.232055675
70 248.461797061 57.232055675
71 248.465380394 57.232055675
72 248.469047061 57.232055675
73 248.420005288 57.2301390083
74 248.423546955 57.2301390083
75 248.427213623 57.2301667861
76 248.430921956 57.2301667861
77 248.434588624 57.2301945639
78 248.438171958 57.2301945639
79 248.441838629 57.2302778972
80 248.445380296 57.2302778972
81 248.449046962 57.2302778972
82 248.452755296 57.2302778972
83 248.456338631 57.230305675
84 248.460005294 57.2302501194
85 248.463546964 57.230305675
86 248.467171966 57.2303334528
87 248.470796969 57.2303890083
88 248.421796858 57.2283890083
89 248.425421858 57.2283890083
90 248.42908853 57.2285001194
91 248.432671861 57.2284445639
92 248.436338529 57.2284723417
93 248.440088532 57.2285278972
94 248.443588532 57.2285278972
95 248.447171864 57.2285001194
96 248.450963535 57.2285834528
97 248.454546865 57.2285278972
98 248.458088537 57.2286112306
99 248.461796873 57.2286667861
100 248.465463537 57.2286112306
101 248.468921875 57.2286945639
102 248.420130097 57.2266945639
103 248.423713429 57.2266667861
104 248.427380098 57.2267223417
105 248.430963436 57.226805675
106 248.434588436 57.226805675
107 248.438213435 57.2267778972
108 248.441880102 57.2267778972
109 248.445421773 57.2268612306
110 248.449171771 57.2268334528
111 248.452671774 57.2268890083
112 248.456255111 57.2269445639
113 248.460046774 57.2268890083
114 248.463546773 57.2268612306
115 248.467338441 57.2268890083
116 248.470880109 57.2269167861
117 248.421880004 57.2250278972
118 248.425505004 57.2250278972
119 248.429171671 57.2250278972
120 248.432755004 57.2250278972
121 248.436421676 57.2251112306
122 248.44004668 57.2251945639
123 248.443588345 57.2251667861
124 248.447213344 57.2251390083
125 248.450963345 57.2251667861
126 248.454588349 57.2252223417
127 248.458130014 57.2251945639
128 248.46183835 57.2252501194
129 248.46546335 57.2252501194
130 248.469005017 57.2252501194
131 248.420171577 57.2233334528
132 248.423754912 57.2233612306
133 248.427463247 57.2233890083
134 248.431046577 57.2233334528
135 248.434671579 57.2233612306
136 248.438254915 57.2234167861
137 248.44192158 57.2233890083
138 248.445546583 57.2234445639
139 248.449213248 57.2234167861
140 248.452838251 57.2234723417
141 248.456463253 57.2235001194
142 248.46000492 57.2235001194
143 248.463671586 57.2235001194
144 248.467379923 57.223555675
145 248.470921589 57.223555675
146 248.42200481 57.2215278972
147 248.42554648 57.2215834528
148 248.429171483 57.2216390083
149 248.432754816 57.2216390083
150 248.436504818 57.2216667861
151 248.440088154 57.2217223417
152 248.443713151 57.2216667861
153 248.447421491 57.2217778972
154 248.451004823 57.2217501194
155 248.454588154 57.2217223417
156 248.458213156 57.2217501194
157 248.461796494 57.2218334528
158 248.465338159 57.221805675
159 248.469129826 57.221805675
160 248.420129721 57.2199167861
161 248.423796386 57.2198890083
162 248.427504721 57.2199167861
163 248.431088056 57.2199445639
164 248.434754722 57.2199445639
165 248.438338057 57.2199723417
166 248.442046391 57.2199723417
167 248.445629727 57.2200278972
168 248.449254729 57.220055675
169 248.452963065 57.2201112306
170 248.456421395 57.220055675
171 248.460088065 57.2201112306
172 248.463713067 57.2201390083
173 248.467421394 57.2200278972
174 248.471046397 57.2200834528
175 248.421962962 57.2182501194
176 248.425587962 57.2182501194
177 248.429296297 57.2182778972
178 248.432921294 57.2182223417
179 248.436546297 57.2182778972
180 248.440171301 57.2183612306
181 248.443837966 57.2183334528
182 248.447504635 57.2183612306
183 248.4510463 57.2183334528
184 248.454629636 57.2183890083
185 248.458296301 57.2183612306
186 248.461921304 57.2184167861
187 248.465587974 57.2184723417
188 248.469129639 57.2184445639
189 248.42033786 57.2164167861
190 248.423921197 57.2164723417
191 248.427504533 57.2165278972
192 248.431129533 57.2165278972
193 248.434796203 57.2165834528
194 248.438379536 57.2165834528
195 248.442004535 57.216555675
196 248.445671206 57.2166390083
197 248.449254538 57.2166112306
198 248.452921206 57.2166390083
199 248.456587877 57.2167223417
200 248.460171207 57.2166667861
201 248.463837876 57.2166945639
202 248.467296209 57.2166945639
203 248.471046215 57.216805675
204 248.422004436 57.2147778972
205 248.425629436 57.2147778972
206 248.429296104 57.214805675
207 248.432921106 57.2148334528
208 248.436504441 57.2148612306
209 248.440254442 57.2148890083
210 248.443671106 57.2148334528
211 248.447546106 57.2148334528
212 248.451004442 57.2148890083
213 248.454754445 57.2149445639
214 248.45821278 57.2149723417
215 248.46196278 57.2149723417
216 248.465671115 57.2150001194
217 248.469254448 57.2150001194
218 248.420296006 57.2130278972
219 248.423962674 57.213055675
220 248.427671009 57.2130834528
221 248.431087677 57.2131112306
222 248.434796012 57.2131390083
223 248.438379345 57.2131390083
224 248.442004345 57.2131390083
225 248.445712681 57.2131945639
226 248.449254348 57.2131945639
227 248.453004348 57.2131945639
228 248.456504351 57.2132501194
229 248.460212688 57.213305675
230 248.463837689 57.2133334528
231 248.467462686 57.2132778972
232 248.471004354 57.213305675
233 248.422004248 57.2113890083
234 248.425670915 57.2113890083
235 248.429379253 57.2114723417
236 248.433045915 57.2113890083
237 248.436712588 57.2115001194
238 248.440212583 57.2114167861
239 248.443795919 57.2114723417
240 248.447420921 57.2115001194
241 248.451129253 57.2114723417
242 248.454795922 57.2115278972
243 248.458504257 57.211555675
244 248.462045926 57.2115834528
245 248.46562926 57.2116112306
246 248.469295929 57.2116390083
