1 194.182938917 25.7973334528
2 194.185105583 25.7972778972
3 194.187355584 25.7973890083
4 194.189480584 25.7974167861
5 194.191605584 25.7974167861
6 194.19389725 25.7973612306
7 194.196105585 25.7974723417
8 194.198230584 25.7973890083
9 194.200355586 25.7975278972
10 194.202605585 25.7974723417
11 194.204772252 25.797555675
12 194.206938919 25.797555675
13 194.209105586 25.797555675
14 194.211272252 25.797555675
15 194.181938898 25.795555675
16 194.184022232 25.7956112306
17 194.186230566 25.7956667861
18 194.188355567 25.7957223417
19 194.1905639 25.7956667861
20 194.1928139 25.7956667861
21 194.194980566 25.7956390083
22 194.197147233 25.7956667861
23 194.199313901 25.7957778972
24 194.201397234 25.7957778972
25 194.2036889 25.7957501194
26 194.205855568 25.795805675
27 194.208063901 25.795805675
28 194.210272234 25.795805675
29 194.212397234 25.795805675
30 194.182980548 25.7939167861
31 194.185105548 25.7939445639
32 194.187313881 25.7938890083
33 194.189480549 25.7939723417
34 194.191688881 25.7939167861
35 194.193897215 25.7939445639
36 194.196063883 25.794055675
37 194.198272216 25.794055675
38 194.200397216 25.7940001194
39 194.202647217 25.7941112306
40 194.204813883 25.794055675
41 194.206897216 25.794055675
42 194.209188883 25.7941112306
43 194.211355551 25.7941667861
44 194.18185553 25.7921667861
45 194.184063863 25.7921945639
46 194.18623053 25.7921945639
47 194.18848053 25.7922223417
48 194.190647197 25.7922501194
49 194.192772198 25.7922778972
50 194.195022197 25.7922501194
51 194.197230531 25.792305675
52 194.199397198 25.792305675
53 194.201605531 25.792305675
54 194.203730532 25.7923612306
55 194.205897199 25.7923612306
56 194.208063865 25.7923612306
57 194.210230532 25.7924167861
58 194.212480532 25.7923612306
59 194.182980513 25.7905278972
60 194.185188846 25.7905278972
61 194.18739718 25.7905834528
62 194.189563846 25.790555675
63 194.191688847 25.7906112306
64 194.19389718 25.790555675
65 194.196105513 25.7905834528
66 194.198272181 25.7906390083
67 194.200438848 25.7906945639
68 194.202647181 25.7906667861
69 194.204897181 25.7906945639
70 194.207063848 25.7906945639
71 194.209230515 25.7907223417
72 194.211438848 25.7907223417
73 194.181938828 25.788805675
74 194.184063828 25.788805675
75 194.186272162 25.788805675
76 194.188480495 25.7888334528
77 194.190688829 25.7888612306
78 194.192855496 25.7888612306
79 194.195063829 25.7889167861
80 194.19718883 25.7889445639
81 194.199397163 25.7889445639
82 194.201605496 25.7889167861
83 194.203772163 25.7889723417
84 194.205980496 25.7889167861
85 194.208105497 25.7889723417
86 194.210272164 25.7890001194
87 194.212480497 25.7890278972
88 194.183022143 25.787055675
89 194.18518881 25.787055675
90 194.187397145 25.7871667861
91 194.189563811 25.7871112306
92 194.191772144 25.7871390083
93 194.194022145 25.7871945639
94 194.196105478 25.7871945639
95 194.198272145 25.7871667861
96 194.200522146 25.7872501194
97 194.202730478 25.7871945639
98 194.204855479 25.7872778972
99 194.207063813 25.787305675
100 194.209272146 25.7872778972
101 194.21135548 25.7873612306
102 194.182022126 25.7853612306
103 194.184147126 25.7853334528
104 194.18635546 25.7853890083
105 194.188522127 25.7854723417
106 194.19073046 25.7854723417
107 194.192897127 25.7854445639
108 194.195063793 25.7854445639
109 194.197230461 25.7855001194
110 194.19948046 25.7854723417
111 194.201605461 25.785555675
112 194.203730462 25.7855834528
113 194.206022128 25.785555675
114 194.208105461 25.7855278972
115 194.210397128 25.785555675
116 194.212522128 25.785555675
117 194.183063775 25.7836945639
118 194.185272108 25.7836667861
119 194.187438775 25.7836945639
120 194.189605442 25.7836945639
121 194.191813776 25.7837501194
122 194.193980444 25.7838612306
123 194.196105443 25.7838334528
124 194.198313776 25.7837778972
125 194.200563777 25.7838334528
126 194.202730444 25.7838890083
127 194.204855444 25.7838612306
128 194.207105444 25.7838890083
129 194.209272111 25.7838890083
130 194.211397111 25.7838890083
131 194.182022091 25.7819723417
132 194.184188758 25.7820001194
133 194.186397092 25.782055675
134 194.188563758 25.7820001194
135 194.190772091 25.7820001194
136 194.192897092 25.7820834528
137 194.195105425 25.7820278972
138 194.197272092 25.7820834528
139 194.199522092 25.7820834528
140 194.201688759 25.7821390083
141 194.203855426 25.7821667861
142 194.205980426 25.7821667861
143 194.208188759 25.7821667861
144 194.210397093 25.7821945639
145 194.21256376 25.7822223417
146 194.183147072 25.7801945639
147 194.185272073 25.7802223417
148 194.18743874 25.780305675
149 194.189605407 25.780305675
150 194.191855407 25.7803334528
151 194.194022074 25.7803612306
152 194.19618874 25.7803334528
153 194.198397075 25.7804445639
154 194.200563741 25.7804167861
155 194.202730407 25.7803612306
156 194.204897075 25.7804167861
157 194.207063742 25.7805001194
158 194.209188742 25.7804723417
159 194.211480409 25.7804723417
160 194.182022056 25.7785834528
161 194.184188722 25.778555675
162 194.186438722 25.7785834528
163 194.188605389 25.7786112306
164 194.190813722 25.7785834528
165 194.192980389 25.7786112306
166 194.195188723 25.7786390083
167 194.19735539 25.7786945639
168 194.199522057 25.7787223417
169 194.201772057 25.7787501194
170 194.203813724 25.7787223417
171 194.206063724 25.7787778972
172 194.208230391 25.778805675
173 194.210438723 25.7786945639
174 194.212605391 25.7787501194
175 194.183105371 25.7768890083
176 194.185272038 25.7769167861
177 194.187522038 25.7769167861
178 194.189688704 25.7768612306
179 194.191897039 25.7769445639
180 194.194063706 25.7770278972
181 194.196272039 25.7770001194
182 194.198480373 25.7770278972
183 194.200605372 25.7769723417
184 194.20277204 25.777055675
185 194.204980373 25.7770278972
186 194.20714704 25.7770834528
187 194.209355374 25.7771112306
188 194.211480374 25.7771112306
189 194.182147019 25.7750834528
190 194.18427202 25.7751390083
191 194.186438687 25.7751945639
192 194.18864702 25.7751945639
193 194.190813687 25.7752223417
194 194.192980354 25.7752501194
195 194.195188687 25.7752223417
196 194.197355355 25.775305675
197 194.199522021 25.7752778972
198 194.201730355 25.775305675
199 194.203938689 25.7753890083
200 194.206063689 25.7753334528
201 194.208313689 25.7753612306
202 194.210397022 25.7753612306
203 194.212647023 25.7754445639
204 194.183147002 25.7734445639
205 194.185313669 25.7734167861
206 194.187522003 25.7734723417
207 194.18968867 25.7735001194
208 194.191855337 25.7735278972
209 194.194105337 25.773555675
210 194.19618867 25.7735001194
211 194.198480336 25.7735001194
212 194.20056367 25.773555675
213 194.202855337 25.7736112306
214 194.204897004 25.7736390083
215 194.207147004 25.7736390083
216 194.209397004 25.7736390083
217 194.211563671 25.7736667861
218 194.182105318 25.7716945639
219 194.184313651 25.7717223417
220 194.186521985 25.7717501194
221 194.188605318 25.7717778972
222 194.190855319 25.771805675
223 194.192980319 25.771805675
224 194.195146985 25.7717778972
225 194.197396986 25.7718612306
226 194.199521986 25.7718612306
227 194.201771986 25.7718334528
228 194.203896986 25.7719167861
229 194.20610532 25.7719723417
230 194.208271987 25.7719723417
231 194.21048032 25.7719445639
232 194.21260532 25.7719723417
233 194.183146967 25.7700278972
234 194.185355301 25.770055675
235 194.187563635 25.7701390083
236 194.189771967 25.770055675
237 194.191980302 25.7701667861
238 194.194105301 25.7700834528
239 194.196230301 25.7701390083
240 194.198438635 25.7701390083
241 194.200646968 25.7701390083
242 194.202855302 25.7701667861
243 194.205063636 25.7702223417
244 194.207188636 25.7702223417
245 194.209355303 25.7702778972
246 194.211563636 25.770305675
