# #cluster, tile, dither, fiber, Q, redshift, redshift_err
c203p83+41p0 NE 1 14 1 0.20192 0.0003
c203p83+41p0 NE 1 111 1 0.11775 0.00013
c203p83+41p0 NE 1 154 0 0.22139 0.00017
c203p83+41p0 NE 1 242 2 0.24788 0.00017
c203p83+41p0 NE 2 6 1 0.16906 0.00021
c203p83+41p0 NE 2 14 0 0.04031 0.00027
c203p83+41p0 NE 2 63 0 0.23811 0.0001
c203p83+41p0 NE 3 22 0 0.23857 0.00027
c203p83+41p0 NE 3 25 0 0.14439 0.00012
c203p83+41p0 NE 3 73 0 0.0779 6e-05
c203p83+41p0 NE 3 106 0 0.22354 0.00016
c203p83+41p0 NE 3 147 0 0.238 0.00015
c203p83+41p0 NE 3 185 1 0.18865 0.00017
c203p83+41p0 NE 3 206 1 0.22736 7e-05
c203p83+41p0 NE 3 210 1 0.22415 0.0001
c203p83+41p0 NW 1 67 2 0.33751 0.00016
c203p83+41p0 NW 1 127 0 0.23771 0.00014
c203p83+41p0 NW 1 158 2 0.26915 0.00017
c203p83+41p0 NW 1 167 0 0.23334 0.00024
c203p83+41p0 NW 2 27 0 0.15116 0.00024
c203p83+41p0 NW 2 63 0 0.16379 9e-05
c203p83+41p0 NW 2 73 1 0.24024 0.00012
c203p83+41p0 NW 2 165 0 0.23937 0.00012
c203p83+41p0 NW 2 171 1 0.16166 0.00025
c203p83+41p0 NW 2 173 0 0.1039 0.00022
c203p83+41p0 NW 2 182 2 0.32557 0.00019
c203p83+41p0 NW 2 220 0 0.29939 0.00021
c203p83+41p0 NW 2 239 1 0.23159 0.00019
c203p83+41p0 NW 3 20 2 0.05987 0.00023
c203p83+41p0 NW 3 124 2 0.226 0.00012
c203p83+41p0 NW 3 142 0 0.22332 0.00016
c203p83+41p0 NW 3 228 2 0.41111 0.00021
c203p83+41p0 SE 1 27 1 0.22952 0.00035
c203p83+41p0 SE 1 46 0 0.22933 0.00022
c203p83+41p0 SE 1 86 1 0.22554 0.00023
c203p83+41p0 SE 1 123 0 0.23068 0.00021
c203p83+41p0 SE 1 129 0 0.12818 0.00022
c203p83+41p0 SE 1 169 2 0.32559 0.00016
c203p83+41p0 SE 1 191 2 0.32452 0.00021
c203p83+41p0 SE 1 191 2 0.32453 0.00021
c203p83+41p0 SE 1 237 2 0.34872 0.00012
c203p83+41p0 SE 2 164 0 0.29375 0.00011
c203p83+41p0 SE 3 157 0 0.17007 6e-05
c203p83+41p0 SE 3 171 0 0.23995 0.00026
c203p83+41p0 SE 3 198 1 0.11766 0.00018
c203p83+41p0 SW 1 41 0 0.22306 0.00022
c203p83+41p0 SW 1 114 1 0.24927 0.00032
c203p83+41p0 SW 1 224 0 0.12759 0.00026
c203p83+41p0 SW 1 227 0 0.2328 0.00017
c203p83+41p0 SW 1 232 2 0.29936 0.00017
c203p83+41p0 SW 1 245 1 0.22114 0.00028
c203p83+41p0 SW 1 246 1 0.197 0.00024
c203p83+41p0 SW 2 24 1 0.22254 0.0002
c203p83+41p0 SW 2 29 0 0.24054 9e-05
c203p83+41p0 SW 2 39 0 0.22629 0.00022
c203p83+41p0 SW 2 53 0 0.24117 0.00012
c203p83+41p0 SW 2 59 1 0.23337 0.00022
c203p83+41p0 SW 2 65 0 0.31564 0.00032
c203p83+41p0 SW 2 86 0 0.22357 0.00016
c203p83+41p0 SW 2 90 0 0.23542 0.0002
c203p83+41p0 SW 2 181 2 0.16232 0.00021
c203p83+41p0 SW 3 26 0 0.22501 7e-05
c203p83+41p0 SW 3 37 0 0.24276 0.00022
c203p83+41p0 SW 3 65 0 0.2362 0.00012
c203p83+41p0 SW 3 73 0 0.23066 0.00015
c203p83+41p0 SW 3 92 2 0.21117 0.00027
c203p83+41p0 SW 3 179 2 0.00092 0.00032
c210p27+2p87 NE 1 6 0 0.24785 0.00017
c210p27+2p87 NE 1 16 1 0.31583 0.00017
c210p27+2p87 NE 1 102 2 -0.00043 4e-05
c210p27+2p87 NE 1 123 1 0.23254 0.00025
c210p27+2p87 NE 1 211 2 0.20052 0.00021
c210p27+2p87 NE 2 29 2 0.38264 0.00012
c210p27+2p87 NE 2 43 1 0.20393 7e-05
c210p27+2p87 NE 2 64 1 0.28763 0.00023
c210p27+2p87 NE 2 222 0 0.25174 0.00019
c210p27+2p87 NE 3 63 0 0.25978 0.00023
c210p27+2p87 NE 3 65 0 0.25405 0.00018
c210p27+2p87 NE 3 79 1 0.21924 0.00014
c210p27+2p87 NE 3 114 1 0.26057 0.00017
c210p27+2p87 NE 3 131 2 0.52631 0.00011
c210p27+2p87 NE 3 198 0 0.25158 0.00024
c210p27+2p87 NE 3 237 1 0.31097 0.00011
c210p27+2p87 NW 1 23 1 0.23177 0.00015
c210p27+2p87 NW 1 65 2 0.23177 0.00015
c210p27+2p87 NW 1 65 2 0.23177 0.00015
c210p27+2p87 NW 1 92 0 0.21085 0.00025
c210p27+2p87 NW 1 105 0 0.25035 0.00019
c210p27+2p87 NW 1 111 0 0.24583 0.00022
c210p27+2p87 NW 1 115 2 -0.00035 6e-05
c210p27+2p87 NW 2 103 1 0.16419 0.0003
c210p27+2p87 NW 2 119 1 0.30842 0.00027
c210p27+2p87 NW 2 127 1 0.27232 8e-05
c210p27+2p87 NW 2 143 2 0.36811 0.00012
c210p27+2p87 NW 3 13 1 0.24917 0.00017
c210p27+2p87 NW 3 62 1 0.3932 0.00014
c210p27+2p87 NW 3 95 1 0.23634 0.0001
c210p27+2p87 NW 3 98 1 0.47835 5e-05
c210p27+2p87 NW 3 138 0 0.2557 0.00021
c210p27+2p87 NW 3 168 0 0.23212 0.00014
c210p27+2p87 NW 3 211 1 0.14634 0.00018
c210p27+2p87 SE 1 2 2 0.5 0.001
c210p27+2p87 SE 1 90 1 0.26391 0.00019
c210p27+2p87 SE 1 158 2 0.28763 9e-05
c210p27+2p87 SE 1 213 2 0.41016 0.00027
c210p27+2p87 SE 1 213 2 0.41016 0.00027
c210p27+2p87 SE 1 234 1 0.28295 0.00018
c210p27+2p87 SE 2 50 2 0.5 0.001
c210p27+2p87 SE 2 56 1 0.22489 0.00016
c210p27+2p87 SE 2 71 2 0.22489 0.00016
c210p27+2p87 SE 2 72 0 0.3193 0.00017
c210p27+2p87 SE 2 167 2 0.3193 0.00017
c210p27+2p87 SE 2 173 2 0.01723 0.00021
c210p27+2p87 SE 3 28 2 0.47279 4e-05
c210p27+2p87 SE 3 37 2 0.47279 4e-05
c210p27+2p87 SE 3 37 2 0.47279 4e-05
c210p27+2p87 SE 3 103 1 0.24366 0.00014
c210p27+2p87 SE 3 127 1 0.27265 0.00015
c210p27+2p87 SE 3 131 2 0.26829 9e-05
c210p27+2p87 SW 1 57 0 0.16149 0.00019
c210p27+2p87 SW 1 144 0 0.26697 0.00025
c210p27+2p87 SW 2 58 1 0.25812 0.00012
c210p27+2p87 SW 2 65 1 0.41272 0.00018
c210p27+2p87 SW 2 98 1 0.25488 0.00022
c210p27+2p87 SW 2 148 1 0.15483 0.00025
c210p27+2p87 SW 2 231 1 0.33287 0.00013
c210p27+2p87 SW 3 1 2 0.5 0.001
c210p27+2p87 SW 3 72 2 0.5 0.001
c210p27+2p87 SW 3 77 2 0.4404 9e-05
c210p27+2p87 SW 3 128 1 0.26279 0.00032
c210p27+2p87 SW 3 169 1 0.40346 0.00012
c210p27+2p87 SW 3 187 1 0.16283 0.00011
c210p27+2p87 SW 3 202 0 0.23554 0.00016
c210p27+2p87 SW 3 246 1 0.22066 0.00013
c234p2+24p4 NE 1 78 1 0.32276 9e-05
c234p2+24p4 NE 1 124 0 0.23234 0.0004
c234p2+24p4 NE 1 208 0 0.18809 6e-05
c234p2+24p4 NE 2 11 2 0.30488 0.00021
c234p2+24p4 NE 2 153 0 0.233 0.00015
c234p2+24p4 NE 2 232 2 0.238 9e-05
c234p2+24p4 NE 3 23 0 0.12748 4e-05
c234p2+24p4 NE 3 55 1 0.21147 0.00011
c234p2+24p4 NE 3 181 1 0.18742 8e-05
c234p2+24p4 NE 3 182 0 0.12295 0.00031
c234p2+24p4 NE 3 191 0 0.23136 0.00023
c234p2+24p4 NE 3 198 0 0.22691 0.00021
c234p2+24p4 NE 3 210 1 0.26566 8e-05
c234p2+24p4 NE 3 219 0 0.22614 0.00014
c234p2+24p4 NW 1 116 0 0.22779 0.00019
c234p2+24p4 NW 1 148 0 0.22245 0.00013
c234p2+24p4 NW 2 26 1 0.22978 5e-05
c234p2+24p4 NW 3 44 1 0.33425 0.00014
c234p2+24p4 NW 3 210 0 0.22853 0.00017
c234p2+24p4 SE 1 48 0 0.22144 0.00017
c234p2+24p4 SE 1 64 1 0.21242 0.00012
c234p2+24p4 SE 1 221 2 0.08023 0.00028
c234p2+24p4 SE 2 80 0 0.22792 0.00017
c234p2+24p4 SE 2 83 1 0.20353 0.00019
c234p2+24p4 SE 2 95 0 0.22131 0.00019
c234p2+24p4 SE 2 166 2 0.28107 0.00021
c234p2+24p4 SE 2 239 2 0.1887 0.00014
c234p2+24p4 SE 3 108 0 0.22343 0.00018
c234p2+24p4 SW 1 15 2 0.0 0.00018
c234p2+24p4 SW 1 66 2 0.12473 0.00014
c234p2+24p4 SW 1 142 0 0.25455 0.00012
c234p2+24p4 SW 2 185 0 0.22403 0.00018
c234p2+24p4 SW 2 246 2 0.223 0.00015
c234p2+24p4 SW 3 65 1 0.22014 7e-05
c234p2+24p4 SW 3 181 1 0.227 0.00022
c234p2+24p4 SW 3 191 1 0.225 0.00013
c234p2+24p4 SW 3 210 2 0.01257 0.00043
c250p08+46p7 NE 1 34 0 0.10144 0.00029
c250p08+46p7 NE 1 110 0 0.23332 5e-05
c250p08+46p7 NE 1 133 0 0.22382 8e-05
c250p08+46p7 NE 1 156 0 0.2099 0.00011
c250p08+46p7 NE 1 183 0 0.22479 0.00019
c250p08+46p7 NE 1 211 0 0.22867 8e-05
c250p08+46p7 NE 2 32 2 0.23102 0.00027
c250p08+46p7 NE 2 65 1 0.18134 0.00018
c250p08+46p7 NE 2 81 0 0.23243 0.00014
c250p08+46p7 NE 2 95 0 0.22638 8e-05
c250p08+46p7 NE 2 116 2 0.09796 0.00012
c250p08+46p7 NE 2 122 0 0.20792 0.00015
c250p08+46p7 NE 2 136 0 0.21799 0.00019
c250p08+46p7 NE 2 195 0 0.22891 0.00019
c250p08+46p7 NE 3 37 0 0.22286 0.00021
c250p08+46p7 NE 3 120 0 0.2216 0.00017
c250p08+46p7 NE 3 181 0 0.21909 8e-05
c250p08+46p7 NE 3 184 0 0.21103 0.00016
c250p08+46p7 NW 1 34 0 0.22316 0.00012
c250p08+46p7 NW 1 50 0 0.2289 0.00016
c250p08+46p7 NW 1 79 0 0.22968 7e-05
c250p08+46p7 NW 1 81 1 0.22487 0.00021
c250p08+46p7 NW 1 128 1 0.22809 0.00014
c250p08+46p7 NW 1 215 1 0.258 0.00025
c250p08+46p7 NW 2 33 1 0.22283 0.0001
c250p08+46p7 NW 2 56 1 0.23498 0.00015
c250p08+46p7 NW 2 70 1 0.21673 0.00018
c250p08+46p7 NW 2 81 0 0.22515 0.00014
c250p08+46p7 NW 2 156 0 0.2281 0.00017
c250p08+46p7 NW 2 163 2 0.31577 8e-05
c250p08+46p7 NW 3 33 0 0.22494 0.0002
c250p08+46p7 NW 3 65 1 0.13193 6e-05
c250p08+46p7 NW 3 74 1 0.17349 0.00012
c250p08+46p7 NW 3 122 0 0.22701 0.00013
c250p08+46p7 NW 3 144 1 0.20795 0.00021
c250p08+46p7 NW 3 149 1 0.08443 0.00018
c250p08+46p7 NW 3 189 2 0.49826 9e-05
c250p08+46p7 NW 3 194 2 0.18319 0.0001
c250p08+46p7 NW 3 223 2 0.23475 0.0001
c250p08+46p7 SE 1 4 0 0.23406 0.00011
c250p08+46p7 SE 1 50 1 0.23764 0.00016
c250p08+46p7 SE 1 107 0 0.18662 0.00012
c250p08+46p7 SE 1 136 2 0.13247 0.0002
c250p08+46p7 SE 1 147 0 0.18642 7e-05
c250p08+46p7 SE 1 211 0 0.23247 0.00011
c250p08+46p7 SE 1 214 0 0.22715 0.00019
c250p08+46p7 SE 2 69 2 0.318 8e-05
c250p08+46p7 SE 2 113 0 0.22211 0.00017
c250p08+46p7 SE 2 165 1 0.21102 0.00014
c250p08+46p7 SE 2 172 2 0.03433 0.00025
c250p08+46p7 SE 3 18 0 0.23473 0.00012
c250p08+46p7 SE 3 77 0 0.18924 6e-05
c250p08+46p7 SE 3 118 0 0.22381 0.00021
c250p08+46p7 SE 3 176 0 0.21666 8e-05
c250p08+46p7 SW 1 15 2 0.42525 0.0001
c250p08+46p7 SW 1 51 2 0.25253 0.00017
c250p08+46p7 SW 1 122 0 0.23401 7e-05
c250p08+46p7 SW 1 243 1 0.22781 0.00018
c250p08+46p7 SW 1 246 0 0.1874 0.00022
c250p08+46p7 SW 2 98 0 0.22434 0.00013
c250p08+46p7 SW 3 22 0 0.11073 0.00011
c260p61+32p13 NE 1 21 0 0.10144 0.00041
c260p61+32p13 NE 1 29 0 0.23209 7e-05
c260p61+32p13 NE 2 32 0 0.22 0.00016
c260p61+32p13 NE 2 62 1 0.22457 7e-05
c260p61+32p13 NE 2 179 1 0.23318 0.00019
c260p61+32p13 NE 3 42 1 0.23184 9e-05
c260p61+32p13 NE 3 73 0 0.20842 7e-05
c260p61+32p13 NE 3 84 2 0.27136 0.00016
c260p61+32p13 NE 3 98 1 0.21002 0.00033
c260p61+32p13 NE 3 102 0 0.16829 9e-05
c260p61+32p13 NE 3 128 1 0.23154 9e-05
c260p61+32p13 NE 3 145 2 0.0321 0.00026
c260p61+32p13 NE 3 167 1 0.29088 0.00024
c260p61+32p13 NE 3 171 2 0.03509 0.00027
c260p61+32p13 NE 3 219 0 0.2226 0.00016
c260p61+32p13 NW 1 102 0 0.22279 0.00013
c260p61+32p13 NW 1 200 1 0.27443 9e-05
c260p61+32p13 NW 1 205 0 0.2275 9e-05
c260p61+32p13 NW 2 68 1 0.27979 0.00018
c260p61+32p13 NW 2 116 0 0.16848 0.00011
c260p61+32p13 NW 2 129 2 0.12572 0.00015
c260p61+32p13 NW 2 148 0 0.22448 9e-05
c260p61+32p13 NW 2 161 0 0.22032 0.0002
c260p61+32p13 NW 2 163 0 0.21432 0.00013
c260p61+32p13 NW 2 184 2 0.27676 8e-05
c260p61+32p13 NW 3 26 0 0.16801 0.00028
c260p61+32p13 NW 3 50 0 0.22595 0.0002
c260p61+32p13 NW 3 125 2 0.32877 0.00012
c260p61+32p13 NW 3 139 2 0.2912 0.00015
c260p61+32p13 NW 3 175 2 0.29932 0.00014
c260p61+32p13 NW 3 184 1 0.26281 0.00014
c260p61+32p13 NW 3 206 1 0.21854 8e-05
c260p61+32p13 NW 3 231 2 0.22667 0.00015
c260p61+32p13 SE 1 13 2 0.234 0.00011
c260p61+32p13 SE 1 202 1 0.22026 0.00012
c260p61+32p13 SE 2 66 2 0.29754 0.00021
c260p61+32p13 SE 2 91 2 0.2135 0.00013
c260p61+32p13 SE 2 91 0 0.2135 0.00013
c260p61+32p13 SE 2 155 2 0.16989 8e-05
c260p61+32p13 SE 2 189 1 0.28967 0.00025
c260p61+32p13 SE 2 226 1 0.24818 8e-05
c260p61+32p13 SE 3 45 0 0.22098 0.00031
c260p61+32p13 SE 3 171 0 0.2261 5e-05
c260p61+32p13 SE 3 184 2 0.26303 0.00013
c260p61+32p13 SE 3 185 2 0.31475 8e-05
c260p61+32p13 SW 1 140 2 0.29778 0.00016
c260p61+32p13 SW 1 160 0 0.22622 9e-05
c260p61+32p13 SW 1 183 2 0.11953 0.00013
c260p61+32p13 SW 1 203 0 0.2256 0.00016
c260p61+32p13 SW 1 214 1 0.23343 0.00014
c260p61+32p13 SW 2 121 0 0.22934 0.00016
c260p61+32p13 SW 3 5 0 0.1781 0.00024
c260p61+32p13 SW 3 23 0 0.17714 6e-05
c260p61+32p13 SW 3 53 1 0.35931 6e-05
c260p61+32p13 SW 3 58 0 0.22378 0.00014
c260p61+32p13 SW 3 89 0 0.22581 0.00013
c260p61+32p13 SW 3 144 1 0.22919 0.00015
c260p61+32p13 SW 3 146 0 0.2258 0.00012
c260p61+32p13 SW 3 162 1 0.38405 0.00015
c260p61+32p13 SW 3 221 0 0.2242 0.00016
c260p61+32p13 SW 3 236 1 0.18514 8e-05
