1 203.826704705 41.0261668056
2 203.829329707 41.02611125
3 203.832038036 41.0262223611
4 203.834663037 41.0261945833
5 203.837246371 41.0261945833
6 203.839996373 41.0261390278
7 203.842663035 41.0262501389
8 203.845246373 41.0261390278
9 203.847871369 41.0262501389
10 203.850579704 41.0261945833
11 203.853163035 41.0262501389
12 203.855829702 41.0262501389
13 203.858413036 41.0262223611
14 203.861079704 41.0261945833
15 203.825454773 41.0243890278
16 203.827996438 41.0244168056
17 203.830663103 41.0244723611
18 203.833288102 41.0245001389
19 203.83595477 41.0244445833
20 203.838663105 41.0244168056
21 203.841288106 41.0243890278
22 203.843913105 41.0244168056
23 203.846538102 41.0245001389
24 203.849121436 41.0244723611
25 203.851829772 41.0244168056
26 203.854496436 41.0244723611
27 203.857163103 41.0244723611
28 203.859871436 41.0244723611
29 203.862413104 41.0244445833
30 203.826746503 41.0227223611
31 203.829288169 41.0227223611
32 203.831954839 41.0226390278
33 203.834621503 41.0227223611
34 203.837288171 41.0226668056
35 203.839954838 41.0226668056
36 203.842579834 41.0227779167
37 203.845246502 41.0227501389
38 203.847871504 41.0226945833
39 203.850579834 41.0227779167
40 203.853204836 41.0227223611
41 203.855746504 41.0226945833
42 203.858496502 41.0227501389
43 203.861163167 41.0227779167
44 203.825371569 41.0209723611
45 203.828038236 41.0209723611
46 203.830663236 41.0209723611
47 203.833371569 41.0209723611
48 203.835996568 41.0210001389
49 203.838579901 41.0210001389
50 203.841288236 41.0209723611
51 203.843996567 41.0210279167
52 203.846621569 41.0209723611
53 203.849288235 41.0210001389
54 203.851913234 41.0210279167
55 203.854496568 41.0210001389
56 203.857121569 41.0209723611
57 203.859788234 41.0210279167
58 203.862496569 41.0209723611
59 203.826704967 41.0192779167
60 203.829371634 41.0192779167
61 203.832079966 41.0193056944
62 203.8346633 41.0192779167
63 203.837246632 41.0193056944
64 203.839954968 41.0192501389
65 203.842579967 41.0192779167
66 203.845246632 41.0193056944
67 203.84787163 41.01936125
68 203.850538299 41.0193056944
69 203.853288298 41.0193334722
70 203.855913298 41.0193334722
71 203.858538298 41.0193334722
72 203.861204966 41.0193056944
73 203.825413366 41.0175556944
74 203.8279967 41.0175279167
75 203.830663366 41.0175556944
76 203.833371699 41.0175556944
77 203.836038366 41.0175556944
78 203.838663366 41.0175556944
79 203.84133003 41.01761125
80 203.843913364 41.01761125
81 203.846580031 41.0175834722
82 203.849288366 41.0175556944
83 203.851913365 41.0175834722
84 203.854580033 41.0175279167
85 203.857163366 41.0175556944
86 203.859830031 41.0175834722
87 203.86245503 41.01761125
88 203.8267051 41.0157779167
89 203.8293301 41.0157779167
90 203.83203843 41.01586125
91 203.834621766 41.0158056944
92 203.837288432 41.0158056944
93 203.840038431 41.0158334722
94 203.842580098 41.0158334722
95 203.845205099 41.0158056944
96 203.847955097 41.01586125
97 203.850580099 41.0158056944
98 203.85316343 41.01586125
99 203.855871762 41.0158890278
100 203.85853843 41.01586125
101 203.861080095 41.0159168056
102 203.825455164 41.0140834722
103 203.828080166 41.0140279167
104 203.830746831 41.0140834722
105 203.833371829 41.0141390278
106 203.836038496 41.0141390278
107 203.838663498 41.0140834722
108 203.841330164 41.0140834722
109 203.843913496 41.0141390278
110 203.846663498 41.0140834722
111 203.849205162 41.0141390278
112 203.851830161 41.0141668056
113 203.854580163 41.01411125
114 203.857121831 41.0140834722
115 203.859913497 41.01411125
116 203.862496831 41.0140834722
117 203.826705229 41.0123890278
118 203.829371896 41.01236125
119 203.832038563 41.01236125
120 203.834663564 41.0123334722
121 203.837330229 41.0123890278
122 203.839996892 41.0124723611
123 203.84253856 41.0124445833
124 203.845205229 41.0123890278
125 203.847955228 41.0124168056
126 203.850580225 41.0124723611
127 203.853163561 41.0124168056
128 203.855871893 41.0124445833
129 203.85853856 41.0124445833
130 203.861121894 41.0124168056
131 203.825455294 41.0106668056
132 203.828080293 41.0106945833
133 203.830788625 41.0107223611
134 203.833413628 41.0106390278
135 203.836038628 41.0106390278
136 203.838663626 41.0106945833
137 203.841330295 41.0106390278
138 203.843955293 41.0106945833
139 203.846663627 41.0106668056
140 203.849288626 41.0106945833
141 203.851955292 41.0107223611
142 203.854538626 41.0106945833
143 203.857205293 41.0106945833
144 203.859913625 41.0107223611
145 203.862496959 41.0107223611
146 203.826788696 41.00886125
147 203.829372028 41.0088890278
148 203.831997027 41.0089168056
149 203.834622027 41.0089168056
150 203.837372026 41.0089445833
151 203.839955358 41.0089723611
152 203.842622027 41.0089168056
153 203.845330357 41.0090001389
154 203.847955358 41.0089723611
155 203.850538694 41.0089168056
156 203.85320536 41.0089445833
157 203.855830357 41.0090001389
158 203.858413692 41.0089723611
159 203.861163693 41.0089445833
160 203.825372092 41.0072223611
161 203.828080426 41.0071945833
162 203.830788759 41.0071945833
163 203.833372092 41.0072223611
164 203.836080426 41.0071945833
165 203.838705426 41.0071945833
166 203.841372093 41.0071945833
167 203.843997091 41.0072501389
168 203.846622091 41.0072501389
169 203.849372089 41.0072779167
170 203.851872092 41.0072223611
171 203.854580423 41.0072779167
172 203.857205423 41.0072779167
173 203.859872094 41.0071668056
174 203.862538758 41.0072223611
175 203.826747156 41.0055279167
176 203.829372156 41.0055279167
177 203.832038823 41.0055279167
178 203.834705492 41.0054445833
179 203.837372157 41.0055001389
180 203.840038821 41.0055834722
181 203.842663823 41.0055279167
182 203.845372155 41.0055556944
183 203.84795549 41.0055001389
184 203.850580488 41.0055556944
185 203.853247156 41.0055279167
186 203.855872155 41.0055556944
187 203.858538821 41.0055834722
188 203.861122155 41.0055556944
189 203.825538892 41.0036945833
190 203.828122225 41.0037223611
191 203.830747222 41.0037779167
192 203.833413889 41.0037779167
193 203.836080555 41.0038056944
194 203.838663888 41.0038056944
195 203.841330557 41.0037501389
196 203.843997221 41.0038056944
197 203.846622222 41.0037779167
198 203.849288888 41.0038056944
199 203.851955553 41.00386125
200 203.854580555 41.0038056944
201 203.857247221 41.0038056944
202 203.859788888 41.0038056944
203 203.862538885 41.0038890278
204 203.826705622 41.0020279167
205 203.82937229 41.0020001389
206 203.832038956 41.0020279167
207 203.834663955 41.0020556944
208 203.837330621 41.0020556944
209 203.840038953 41.0020834722
210 203.842538957 41.0020001389
211 203.845330623 41.0020001389
212 203.847872288 41.0020556944
213 203.850622287 41.0020834722
214 203.853122286 41.00211125
215 203.855872287 41.0020834722
216 203.85858062 41.0020834722
217 203.86120562 41.0020834722
218 203.825455689 41.0002779167
219 203.828122355 41.0002779167
220 203.830830688 41.0003056944
221 203.833330688 41.0003056944
222 203.83603902 41.0003334722
223 203.83866402 41.0003334722
224 203.841289022 41.0002779167
225 203.843997353 41.0003334722
226 203.846580687 41.0003334722
227 203.849330688 41.0003056944
228 203.851872352 41.00036125
229 203.854580684 41.0003890278
230 203.857205683 41.0004168056
231 203.859872353 41.0003334722
232 203.862455686 41.00036125
233 203.826705753 40.9985834722
234 203.82937242 40.9985834722
235 203.832039083 40.9986668056
236 203.834747421 40.9985556944
237 203.837414083 40.9986668056
238 203.83999742 40.9985834722
239 203.842580752 40.99861125
240 203.845247419 40.99861125
241 203.847955753 40.9985834722
242 203.850622419 40.99861125
243 203.853289084 40.9986390278
244 203.855872418 40.9986390278
245 203.858497417 40.9986668056
246 203.861205749 40.9986945833
