1 203.826705729 40.9992223611
2 203.829330731 40.9991668056
3 203.832039061 40.9992501389
4 203.834664061 40.9992501389
5 203.837247394 40.9992501389
6 203.839997396 40.9991945833
7 203.84266406 40.9992779167
8 203.845247396 40.9991945833
9 203.847872392 40.9993056944
10 203.850580728 40.9992501389
11 203.853164059 40.9993056944
12 203.855789059 40.9993056944
13 203.85841406 40.9992779167
14 203.861080728 40.9992501389
15 203.825497463 40.9974445833
16 203.827997462 40.9974723611
17 203.830664127 40.9975001389
18 203.833289125 40.9975556944
19 203.835955794 40.9975001389
20 203.838664129 40.9974723611
21 203.84128913 40.9974445833
22 203.84391413 40.9974445833
23 203.846539126 40.9975279167
24 203.84912246 40.9975279167
25 203.851830795 40.9974723611
26 203.85449746 40.9975279167
27 203.857164126 40.9975279167
28 203.859872461 40.9975001389
29 203.862414127 40.9975001389
30 203.826747527 40.9957501389
31 203.82933086 40.9957779167
32 203.831955863 40.9956945833
33 203.834622526 40.9957779167
34 203.837289195 40.9957223611
35 203.839955862 40.9957223611
36 203.842580857 40.9958334722
37 203.845247525 40.9958056944
38 203.847872527 40.9957501389
39 203.850580857 40.9958334722
40 203.85320586 40.9957779167
41 203.855747527 40.9957501389
42 203.858497526 40.9957779167
43 203.861122524 40.9958334722
44 203.825372594 40.9940001389
45 203.828039259 40.9940279167
46 203.83066426 40.9940001389
47 203.833372593 40.9940279167
48 203.835997592 40.9940556944
49 203.838580925 40.9940556944
50 203.841289259 40.9940279167
51 203.843997592 40.9940556944
52 203.846622593 40.9940279167
53 203.849289259 40.9940279167
54 203.851914258 40.9940556944
55 203.854497592 40.9940556944
56 203.857122593 40.9940279167
57 203.859789257 40.9940834722
58 203.862497593 40.9940279167
59 203.82670599 40.9923334722
60 203.829372657 40.9923334722
61 203.832080989 40.99236125
62 203.834664325 40.9923056944
63 203.837247656 40.99236125
64 203.839955991 40.9923056944
65 203.84258099 40.9923334722
66 203.845247656 40.99236125
67 203.847872655 40.9923890278
68 203.850539323 40.99236125
69 203.853289321 40.9923890278
70 203.855914323 40.99236125
71 203.858497656 40.99236125
72 203.861205989 40.99236125
73 203.825414389 40.99061125
74 203.827997723 40.9905834722
75 203.83066439 40.9905834722
76 203.833372723 40.9905834722
77 203.836039389 40.99061125
78 203.83866439 40.9905834722
79 203.841331054 40.9906668056
80 203.843914387 40.9906668056
81 203.846581055 40.9906390278
82 203.849289389 40.99061125
83 203.851914388 40.9906390278
84 203.854581058 40.9905556944
85 203.857164389 40.99061125
86 203.859789388 40.9906390278
87 203.862456054 40.9906668056
88 203.826706123 40.9888334722
89 203.82937279 40.9888334722
90 203.832039453 40.9889168056
91 203.834622789 40.98886125
92 203.837289455 40.98886125
93 203.840039454 40.9888890278
94 203.842581121 40.9888890278
95 203.845206122 40.98886125
96 203.84795612 40.9889168056
97 203.850581122 40.98886125
98 203.853164453 40.9889168056
99 203.855872786 40.9889445833
100 203.858539454 40.9888890278
101 203.861081118 40.9889723611
102 203.825456188 40.98711125
103 203.82808119 40.9870834722
104 203.830747854 40.9871390278
105 203.833372852 40.9871945833
106 203.836039519 40.9871945833
107 203.838664521 40.9871390278
108 203.841331187 40.9871390278
109 203.843914519 40.9871945833
110 203.846664521 40.9871390278
111 203.849206185 40.9871945833
112 203.851831184 40.9872223611
113 203.854581186 40.9871668056
114 203.857122854 40.9871390278
115 203.85991452 40.9871668056
116 203.862497854 40.9871390278
117 203.826706252 40.9854445833
118 203.829372919 40.9854168056
119 203.832081253 40.9854168056
120 203.834664587 40.9853890278
121 203.837331252 40.9854445833
122 203.839997915 40.9855279167
123 203.842539583 40.9855001389
124 203.845206252 40.9854445833
125 203.847956251 40.9854723611
126 203.85058125 40.9855001389
127 203.853164584 40.9854723611
128 203.855872916 40.9855001389
129 203.858497916 40.9855001389
130 203.861122917 40.9854723611
131 203.825456317 40.9837223611
132 203.828081317 40.9837223611
133 203.830789648 40.9837779167
134 203.833414651 40.9836945833
135 203.836039651 40.9836945833
136 203.838664649 40.9837501389
137 203.841331318 40.9836945833
138 203.843956317 40.9837223611
139 203.84666465 40.9837223611
140 203.849289649 40.9837501389
141 203.851956315 40.9837779167
142 203.854539649 40.9837501389
143 203.857206316 40.9837501389
144 203.859872983 40.9837501389
145 203.862497982 40.9837779167
146 203.826789719 40.9819168056
147 203.829373051 40.9819445833
148 203.83199805 40.9819723611
149 203.83462305 40.9819723611
150 203.837373049 40.9820001389
151 203.839956381 40.9820279167
152 203.84262305 40.9819723611
153 203.84533138 40.9820556944
154 203.847956381 40.9820279167
155 203.850539717 40.9819723611
156 203.853206383 40.9819723611
157 203.85583138 40.9820556944
158 203.858414715 40.9820279167
159 203.861164716 40.9820001389
160 203.825414781 40.9802779167
161 203.828081449 40.9802501389
162 203.830789782 40.9802501389
163 203.833414782 40.9802501389
164 203.836081449 40.9802501389
165 203.838706449 40.9802501389
166 203.841373115 40.9802501389
167 203.843998113 40.9803056944
168 203.846623113 40.9803056944
169 203.849373112 40.9803334722
170 203.851873114 40.9802779167
171 203.854581447 40.9803056944
172 203.857206446 40.9803334722
173 203.859873116 40.9802223611
174 203.862539782 40.9802501389
175 203.826748179 40.9785834722
176 203.829373179 40.9785834722
177 203.832081512 40.9785834722
178 203.834706515 40.9785001389
179 203.83737318 40.9785556944
180 203.840039843 40.9786390278
181 203.842664845 40.9785834722
182 203.845373178 40.97861125
183 203.847956513 40.9785556944
184 203.850539844 40.97861125
185 203.85324818 40.9785556944
186 203.855873178 40.97861125
187 203.858539843 40.9786390278
188 203.861123178 40.97861125
189 203.825539915 40.9767501389
190 203.828123247 40.9767779167
191 203.830748245 40.9768334722
192 203.833414913 40.9768056944
193 203.836081578 40.9768334722
194 203.838664911 40.97686125
195 203.841331579 40.9768056944
196 203.843998244 40.97686125
197 203.846623245 40.9768334722
198 203.849289912 40.9768334722
199 203.851956575 40.9769168056
200 203.854581578 40.9768334722
201 203.857248244 40.97686125
202 203.859789912 40.9768334722
203 203.862498241 40.9769445833
204 203.826748311 40.9750834722
205 203.829373312 40.9750556944
206 203.832039978 40.9750834722
207 203.834706644 40.97511125
208 203.837331644 40.97511125
209 203.840039977 40.97511125
210 203.842539979 40.9750556944
211 203.845331646 40.9750556944
212 203.847873311 40.9750834722
213 203.85062331 40.97511125
214 203.853123309 40.9751390278
215 203.855873309 40.9751390278
216 203.858581643 40.9751390278
217 203.861206644 40.97511125
218 203.825456711 40.9733334722
219 203.828123378 40.9733334722
220 203.83083171 40.97336125
221 203.83333171 40.97336125
222 203.836040042 40.9733890278
223 203.838665043 40.97336125
224 203.841290044 40.9733334722
225 203.843998376 40.9733890278
226 203.846581709 40.9733890278
227 203.84933171 40.97336125
228 203.851873376 40.9733890278
229 203.854581707 40.9734445833
230 203.857206707 40.9734445833
231 203.859873376 40.9733890278
232 203.862456709 40.9733890278
233 203.826706775 40.9716390278
234 203.829373442 40.9716390278
235 203.832081772 40.9717223611
236 203.834748443 40.97161125
237 203.837415106 40.9717223611
238 203.839998442 40.9716390278
239 203.842581774 40.9716668056
240 203.845248441 40.9716668056
241 203.847956775 40.9716390278
242 203.850623441 40.9716668056
243 203.853290107 40.9716945833
244 203.85587344 40.9716945833
245 203.858498439 40.9717223611
246 203.861206771 40.9717501389
