1 203.828038017 41.0267223611
2 203.830663019 41.0266668056
3 203.833371348 41.0267779167
4 203.835996349 41.0267501389
5 203.838579683 41.0267501389
6 203.841329685 41.0266945833
7 203.843996347 41.0268056944
8 203.846579685 41.0266945833
9 203.849204681 41.0268056944
10 203.851913016 41.0267501389
11 203.854496347 41.0268056944
12 203.857163014 41.0268056944
13 203.859746348 41.0267779167
14 203.862413016 41.0267501389
15 203.826788085 41.0249445833
16 203.82932975 41.0249723611
17 203.831996415 41.0250279167
18 203.834621414 41.0250556944
19 203.837288083 41.0250001389
20 203.839996417 41.0249723611
21 203.842621418 41.0249445833
22 203.845246417 41.0249723611
23 203.847871414 41.0250556944
24 203.850454748 41.0250279167
25 203.853163083 41.0250001389
26 203.855829748 41.0250279167
27 203.858496415 41.0250279167
28 203.861204748 41.0250279167
29 203.863746416 41.0250001389
30 203.828079815 41.0232779167
31 203.830663148 41.0232779167
32 203.83328815 41.0232223611
33 203.835954815 41.0232779167
34 203.838621484 41.0232223611
35 203.841288149 41.0232501389
36 203.843913146 41.0233334722
37 203.846579813 41.0233334722
38 203.849204816 41.0232501389
39 203.851913146 41.0233334722
40 203.854579815 41.0232779167
41 203.857079816 41.0232501389
42 203.85987148 41.0233056944
43 203.862496478 41.02336125
44 203.826704881 41.0215279167
45 203.829371548 41.0215279167
46 203.831996548 41.0215279167
47 203.834704881 41.0215279167
48 203.83732988 41.0215556944
49 203.839913214 41.0215556944
50 203.842621548 41.0215279167
51 203.845329879 41.0215834722
52 203.84795488 41.0215556944
53 203.850621547 41.0215556944
54 203.853246546 41.0215834722
55 203.85582988 41.0215556944
56 203.858454881 41.0215279167
57 203.861121545 41.02161125
58 203.863829881 41.0215279167
59 203.828038278 41.01986125
60 203.830704946 41.0198334722
61 203.833413278 41.01986125
62 203.835996612 41.0198334722
63 203.838579945 41.01986125
64 203.84128828 41.0198056944
65 203.843913279 41.0198334722
66 203.846579945 41.01986125
67 203.849204943 41.0199168056
68 203.85187161 41.0198890278
69 203.85462161 41.0198890278
70 203.85724661 41.0198890278
71 203.85987161 41.0198890278
72 203.862538278 41.01986125
73 203.826746678 41.01811125
74 203.829330011 41.01811125
75 203.831996678 41.01811125
76 203.834705011 41.01811125
77 203.837371678 41.01811125
78 203.839996678 41.01811125
79 203.842663342 41.0181668056
80 203.845246676 41.0181668056
81 203.847913344 41.0181390278
82 203.850621678 41.01811125
83 203.853246677 41.0181390278
84 203.855913346 41.0180834722
85 203.858496678 41.01811125
86 203.861163344 41.0181390278
87 203.863788342 41.0181668056
88 203.828038412 41.0163334722
89 203.830663412 41.0163334722
90 203.833371742 41.0164168056
91 203.835955078 41.01636125
92 203.838621744 41.01636125
93 203.841371742 41.0164168056
94 203.84391341 41.0163890278
95 203.846538411 41.01636125
96 203.849288409 41.0164168056
97 203.851913411 41.01636125
98 203.854496742 41.0164168056
99 203.857205075 41.0164445833
100 203.859871742 41.0164168056
101 203.862413407 41.0164723611
102 203.826788477 41.0146390278
103 203.829413478 41.01461125
104 203.832080143 41.0146390278
105 203.834705141 41.0146945833
106 203.837371808 41.0146945833
107 203.839996809 41.0146668056
108 203.842663477 41.0146390278
109 203.845246808 41.0146945833
110 203.84799681 41.0146390278
111 203.850538474 41.0146945833
112 203.853163472 41.0147501389
113 203.855913475 41.0146668056
114 203.858455143 41.0146390278
115 203.861246809 41.0146668056
116 203.863830142 41.0146668056
117 203.828038541 41.0129445833
118 203.830705209 41.0129168056
119 203.833371875 41.0129168056
120 203.835996875 41.0129168056
121 203.838663541 41.0129445833
122 203.841330204 41.0130279167
123 203.843871872 41.0130001389
124 203.846538541 41.0129445833
125 203.84928854 41.0129723611
126 203.851913538 41.0130279167
127 203.854496873 41.0129723611
128 203.857205205 41.0130001389
129 203.859871872 41.0130001389
130 203.862455207 41.0129723611
131 203.826788606 41.0112223611
132 203.829413605 41.0112501389
133 203.832121938 41.0112779167
134 203.834746941 41.0111945833
135 203.837371941 41.0111945833
136 203.839996939 41.0112501389
137 203.842663607 41.0111945833
138 203.845288605 41.0112501389
139 203.84799694 41.0112223611
140 203.850621938 41.0112779167
141 203.853288604 41.0112779167
142 203.855871939 41.0112501389
143 203.858538605 41.0112501389
144 203.861246938 41.0112779167
145 203.863830271 41.0112779167
146 203.828122008 41.0094168056
147 203.830705341 41.0094445833
148 203.833330339 41.0094723611
149 203.835955339 41.0094723611
150 203.838705338 41.0095001389
151 203.841288671 41.0095279167
152 203.843955339 41.0094723611
153 203.84666367 41.0095556944
154 203.849288671 41.0095279167
155 203.851872006 41.0094723611
156 203.854538672 41.0095001389
157 203.85716367 41.0095556944
158 203.859747004 41.0095279167
159 203.862497004 41.0095279167
160 203.826747071 41.0077779167
161 203.829413738 41.0077501389
162 203.832122072 41.0077501389
163 203.834705404 41.0077779167
164 203.837413738 41.0077501389
165 203.840038738 41.0077501389
166 203.842705404 41.0077779167
167 203.845330403 41.0078056944
168 203.847955403 41.0078056944
169 203.850705402 41.0078334722
170 203.853205404 41.0077779167
171 203.855913735 41.0078334722
172 203.858538734 41.00786125
173 203.861205406 41.0077223611
174 203.863872071 41.0077779167
175 203.828080468 41.0060834722
176 203.830705468 41.0060834722
177 203.833372135 41.0060834722
178 203.836038804 41.0060279167
179 203.838705469 41.0060556944
180 203.841372133 41.0061390278
181 203.843997135 41.0060834722
182 203.846705467 41.00611125
183 203.849288803 41.0060556944
184 203.8519138 41.00611125
185 203.854580468 41.0060834722
186 203.857205467 41.00611125
187 203.859872133 41.0061390278
188 203.862455467 41.00611125
189 203.826872204 41.0042501389
190 203.829455536 41.0043056944
191 203.832080535 41.0043334722
192 203.834747201 41.0043334722
193 203.837413867 41.00436125
194 203.8399972 41.00436125
195 203.842663868 41.0043334722
196 203.845330534 41.00436125
197 203.847955535 41.0043334722
198 203.8506222 41.00436125
199 203.853288865 41.0044168056
200 203.855913867 41.00436125
201 203.8586222 41.00436125
202 203.8611222 41.00436125
203 203.863872197 41.0044445833
204 203.828038934 41.0025834722
205 203.830705602 41.0025556944
206 203.833372267 41.00261125
207 203.835997267 41.00261125
208 203.838663933 41.00261125
209 203.841372266 41.0026390278
210 203.843872268 41.0025834722
211 203.846663936 41.0025556944
212 203.8492056 41.00261125
213 203.851955599 41.0026390278
214 203.854455598 41.0026668056
215 203.857205599 41.0026390278
216 203.859913932 41.0026390278
217 203.862538932 41.0026390278
218 203.826789001 41.0008334722
219 203.829455668 41.0008334722
220 203.832164 41.00086125
221 203.834664 41.00086125
222 203.837372332 41.0008890278
223 203.839997332 41.0008890278
224 203.842622334 41.0008334722
225 203.845330665 41.0008890278
226 203.847913999 41.0008890278
227 203.850664 41.00086125
228 203.853205664 41.0009168056
229 203.855913997 41.0009445833
230 203.858538996 41.0009723611
231 203.861205665 41.0008890278
232 203.863788998 41.0009168056
233 203.828039064 40.9991668056
234 203.830705732 40.9991390278
235 203.833372395 40.9992223611
236 203.836080733 40.99911125
237 203.838747395 40.9992223611
238 203.841330732 40.9991390278
239 203.843914064 40.9991668056
240 203.846580731 40.9991668056
241 203.849289065 40.9991390278
242 203.851955731 40.9991668056
243 203.854664063 40.9991945833
244 203.85720573 40.9991945833
245 203.859830728 40.9992501389
246 203.862539061 40.9992501389
