1 203.791079705 41.0261668056
2 203.793704707 41.02611125
3 203.796413036 41.0262223611
4 203.799038036 41.0262223611
5 203.80162137 41.0262223611
6 203.804371373 41.0261390278
7 203.807038035 41.0262501389
8 203.809621373 41.0261390278
9 203.812246369 41.0262501389
10 203.814954704 41.0261945833
11 203.817538034 41.0262779167
12 203.820204701 41.0262779167
13 203.822788035 41.0262501389
14 203.825454703 41.0262223611
15 203.789871439 41.0243890278
16 203.792371438 41.0244168056
17 203.795038103 41.0244723611
18 203.797663102 41.0245001389
19 203.80032977 41.0244445833
20 203.803038105 41.0244168056
21 203.805663106 41.0243890278
22 203.808288105 41.0244168056
23 203.810913102 41.0245001389
24 203.813496436 41.0244723611
25 203.81620477 41.0244445833
26 203.818871436 41.0244723611
27 203.821538103 41.0244723611
28 203.824246436 41.0244723611
29 203.826788103 41.0244723611
30 203.791121503 41.0227223611
31 203.793704835 41.0227501389
32 203.796329838 41.0226668056
33 203.798996503 41.0227223611
34 203.801663171 41.0226668056
35 203.804329837 41.0226945833
36 203.806954834 41.0227779167
37 203.809621501 41.0227779167
38 203.812246504 41.0226945833
39 203.814954833 41.0228056944
40 203.817621502 41.0227501389
41 203.820163169 41.0227223611
42 203.822913168 41.0227501389
43 203.825538166 41.0228056944
44 203.789746569 41.0209723611
45 203.792413236 41.0209723611
46 203.795038236 41.0209723611
47 203.797746569 41.0209723611
48 203.800371568 41.0210001389
49 203.802954901 41.0210001389
50 203.805663236 41.0209723611
51 203.808371567 41.0210279167
52 203.810996568 41.0210001389
53 203.813663235 41.0210001389
54 203.816288234 41.0210279167
55 203.818871568 41.0210001389
56 203.821496568 41.0210001389
57 203.824163233 41.0210556944
58 203.826871569 41.0209723611
59 203.791079966 41.0193056944
60 203.793746634 41.0192779167
61 203.796454965 41.0193334722
62 203.7990383 41.0192779167
63 203.801621631 41.0193334722
64 203.804329968 41.0192501389
65 203.806996634 41.0192779167
66 203.809621631 41.0193334722
67 203.81224663 41.01936125
68 203.814913298 41.0193334722
69 203.817663298 41.0193334722
70 203.820288298 41.0193334722
71 203.822913298 41.0193334722
72 203.825579966 41.0193056944
73 203.789788365 41.0175834722
74 203.792371699 41.0175556944
75 203.795038366 41.0175556944
76 203.797746699 41.0175556944
77 203.800413366 41.0175556944
78 203.803038366 41.0175556944
79 203.80570503 41.01761125
80 203.808288364 41.01761125
81 203.810955031 41.0175834722
82 203.813663365 41.0175834722
83 203.816288365 41.0175834722
84 203.818955033 41.0175279167
85 203.821538365 41.0175834722
86 203.824205031 41.0175834722
87 203.82683003 41.01761125
88 203.791080099 41.0158056944
89 203.793746767 41.0157779167
90 203.79641343 41.01586125
91 203.798996766 41.0158056944
92 203.801663431 41.0158334722
93 203.80441343 41.01586125
94 203.806955097 41.01586125
95 203.809580099 41.0158056944
96 203.812330097 41.01586125
97 203.814996766 41.0158056944
98 203.817580097 41.01586125
99 203.820246761 41.0159168056
100 203.82291343 41.01586125
101 203.825455095 41.0159168056
102 203.789830164 41.0140834722
103 203.792455165 41.0140556944
104 203.795121831 41.0140834722
105 203.797746829 41.0141390278
106 203.800413494 41.0141668056
107 203.803038497 41.01411125
108 203.805705164 41.0140834722
109 203.808288496 41.0141390278
110 203.811038497 41.01411125
111 203.813580161 41.0141668056
112 203.81620516 41.0141945833
113 203.818955162 41.0141390278
114 203.821496831 41.0140834722
115 203.824288497 41.01411125
116 203.82687183 41.01411125
117 203.791080229 41.0123890278
118 203.793746896 41.01236125
119 203.79645523 41.01236125
120 203.799038563 41.01236125
121 203.801705228 41.0124168056
122 203.804371891 41.0125001389
123 203.806955227 41.0124445833
124 203.809580229 41.0123890278
125 203.812330227 41.0124445833
126 203.814955225 41.0124723611
127 203.81753856 41.0124445833
128 203.820246893 41.0124445833
129 203.82291356 41.0124445833
130 203.825496893 41.0124445833
131 203.789830294 41.0106668056
132 203.792455293 41.0106945833
133 203.795163625 41.0107223611
134 203.797788628 41.0106390278
135 203.800413628 41.0106390278
136 203.803038625 41.0107223611
137 203.805705294 41.0106668056
138 203.808330293 41.0106945833
139 203.811038627 41.0106668056
140 203.813663625 41.0107223611
141 203.816330292 41.0107223611
142 203.818913625 41.0107223611
143 203.821580293 41.0106945833
144 203.824288625 41.0107223611
145 203.826871959 41.0107223611
146 203.791163696 41.00886125
147 203.793747028 41.0088890278
148 203.796372026 41.0089445833
149 203.798997026 41.0089445833
150 203.801747026 41.0089445833
151 203.804330358 41.0089723611
152 203.806997027 41.0089168056
153 203.809705357 41.0090001389
154 203.812330358 41.0089723611
155 203.814913694 41.0089168056
156 203.81758036 41.0089445833
157 203.820205357 41.0090001389
158 203.822788691 41.0090001389
159 203.825538692 41.0089723611
160 203.789788758 41.0072223611
161 203.792455426 41.0071945833
162 203.795163759 41.0071945833
163 203.797788758 41.0072223611
164 203.800455426 41.0071945833
165 203.803080425 41.0072223611
166 203.805747092 41.0072223611
167 203.808372091 41.0072501389
168 203.810997089 41.0072779167
169 203.813747088 41.0073056944
170 203.816247091 41.0072501389
171 203.818955423 41.0072779167
172 203.821580422 41.0073056944
173 203.824247094 41.0071668056
174 203.826913758 41.0072223611
175 203.791122156 41.0055279167
176 203.793747156 41.0055279167
177 203.796455489 41.0055279167
178 203.799080491 41.0054723611
179 203.801747156 41.0055279167
180 203.804413821 41.0055834722
181 203.807038822 41.0055556944
182 203.809747155 41.0055556944
183 203.81233049 41.0055001389
184 203.814955487 41.0055834722
185 203.817622156 41.0055279167
186 203.820247154 41.0055834722
187 203.822913821 41.0055834722
188 203.825497155 41.0055556944
189 203.789913891 41.0037223611
190 203.792497223 41.0037501389
191 203.795122222 41.0037779167
192 203.797788889 41.0037779167
193 203.800455555 41.0038056944
194 203.803038888 41.0038056944
195 203.805705556 41.0037779167
196 203.80837222 41.0038334722
197 203.810997221 41.0038056944
198 203.813663888 41.0038056944
199 203.816330552 41.0038890278
200 203.818955555 41.0038056944
201 203.821663887 41.0038334722
202 203.824163888 41.0038056944
203 203.826913885 41.0038890278
204 203.791122288 41.0020556944
205 203.793747289 41.0020279167
206 203.796413955 41.0020556944
207 203.799080621 41.0020556944
208 203.80170562 41.0020834722
209 203.804413953 41.0020834722
210 203.806913956 41.0020279167
211 203.809705623 41.0020001389
212 203.812247288 41.0020556944
213 203.814997287 41.0020834722
214 203.817497286 41.00211125
215 203.820247287 41.0020834722
216 203.82295562 41.0020834722
217 203.82558062 41.0020834722
218 203.789830689 41.0002779167
219 203.792497355 41.0002779167
220 203.795205688 41.0003056944
221 203.797705688 41.0003056944
222 203.80041402 41.0003334722
223 203.80303902 41.0003334722
224 203.805664021 41.0003056944
225 203.808372352 41.00036125
226 203.810955687 41.0003334722
227 203.813705688 41.0003056944
228 203.816289019 41.00036125
229 203.818955684 41.0003890278
230 203.821580683 41.0004168056
231 203.824247352 41.00036125
232 203.826830686 41.00036125
233 203.791080752 40.99861125
234 203.79374742 40.9985834722
235 203.796455749 40.9986945833
236 203.79912242 40.9985834722
237 203.801789083 40.9986668056
238 203.80437242 40.9985834722
239 203.806955751 40.9986390278
240 203.809622419 40.99861125
241 203.812330753 40.9985834722
242 203.814997419 40.99861125
243 203.817705751 40.9986390278
244 203.820247418 40.9986390278
245 203.822872415 40.9986945833
246 203.825580749 40.9986945833
