1 203.792413059 41.02561125
2 203.795079728 41.0255556944
3 203.797746391 41.0256668056
4 203.800371391 41.0256668056
5 203.802954724 41.0256668056
6 203.805704727 41.0255834722
7 203.80837139 41.0256945833
8 203.810954727 41.0255834722
9 203.813579723 41.0256945833
10 203.816288057 41.0256668056
11 203.818913055 41.0257223611
12 203.821538055 41.0257223611
13 203.824163056 41.0256945833
14 203.826788057 41.0256668056
15 203.791204794 41.0238334722
16 203.793704793 41.02386125
17 203.796371457 41.0239168056
18 203.798996456 41.0239445833
19 203.801663125 41.0238890278
20 203.804371459 41.02386125
21 203.80699646 41.0238334722
22 203.809621459 41.02386125
23 203.812246456 41.0239445833
24 203.814829791 41.0239168056
25 203.817538125 41.0238890278
26 203.820204791 41.0239168056
27 203.822871457 41.0239168056
28 203.825579791 41.0239168056
29 203.828121457 41.0239168056
30 203.792454857 41.0221668056
31 203.795038189 41.0221945833
32 203.797663193 41.02211125
33 203.800329856 41.0221945833
34 203.802996526 41.02211125
35 203.805663191 41.0221390278
36 203.808288188 41.0222223611
37 203.810954855 41.0222223611
38 203.813579858 41.0221390278
39 203.816329854 41.0222501389
40 203.818954856 41.0221945833
41 203.821496524 41.0221668056
42 203.824246523 41.0221945833
43 203.826871521 41.0222501389
44 203.791079924 41.0204168056
45 203.793746589 41.0204445833
46 203.79637159 41.0204168056
47 203.799079923 41.0204445833
48 203.801704923 41.0204445833
49 203.804288256 41.0204445833
50 203.80699659 41.0204168056
51 203.809704921 41.0204723611
52 203.812329923 41.0204445833
53 203.814996589 41.0204445833
54 203.817621588 41.0204723611
55 203.820204923 41.0204445833
56 203.822871589 41.0204445833
57 203.825496587 41.0205001389
58 203.828204924 41.0204168056
59 203.79241332 41.0187501389
60 203.795079988 41.0187223611
61 203.797788319 41.0187779167
62 203.800413321 41.0187223611
63 203.802954986 41.0187779167
64 203.805663321 41.0187223611
65 203.808329988 41.0187223611
66 203.810954986 41.0187779167
67 203.813579985 41.0188056944
68 203.816246653 41.0187779167
69 203.818996653 41.0187779167
70 203.821621653 41.0187779167
71 203.824246653 41.0187779167
72 203.82691332 41.0187501389
73 203.791121719 41.0170279167
74 203.793705053 41.0170001389
75 203.79637172 41.0170001389
76 203.799080053 41.0170001389
77 203.80174672 41.0170001389
78 203.80437172 41.0170001389
79 203.807038385 41.0170556944
80 203.809621718 41.0170556944
81 203.812288386 41.0170279167
82 203.814996719 41.0170279167
83 203.817621719 41.0170279167
84 203.820288388 41.0169723611
85 203.822871719 41.0170279167
86 203.825538386 41.0170279167
87 203.828163385 41.0170556944
88 203.792413453 41.0152501389
89 203.795080121 41.0152223611
90 203.797746785 41.0153056944
91 203.800371787 41.0152501389
92 203.803038452 41.0152779167
93 203.805746785 41.0153056944
94 203.808330118 41.0153056944
95 203.810913453 41.0152501389
96 203.813663451 41.0153056944
97 203.81633012 41.0152501389
98 203.818913451 41.0153056944
99 203.821580116 41.01536125
100 203.824288451 41.0153056944
101 203.826788449 41.01536125
102 203.791163519 41.0135279167
103 203.79378852 41.0135001389
104 203.796455185 41.0135279167
105 203.799080183 41.0135834722
106 203.801746849 41.01361125
107 203.804371851 41.0135556944
108 203.807038519 41.0135279167
109 203.80962185 41.0135834722
110 203.812371851 41.0135556944
111 203.814913516 41.01361125
112 203.817538515 41.0136390278
113 203.820288517 41.0135834722
114 203.822830185 41.0135279167
115 203.825621851 41.0135556944
116 203.828205184 41.0135556944
117 203.79245525 41.0118334722
118 203.795080251 41.0118056944
119 203.797788584 41.0118056944
120 203.800371917 41.0118056944
121 203.803038582 41.01186125
122 203.805705246 41.0119445833
123 203.808288581 41.0118890278
124 203.810913583 41.0118334722
125 203.813663581 41.0118890278
126 203.816330247 41.0119168056
127 203.818871914 41.0118890278
128 203.821621914 41.0118890278
129 203.824246914 41.0118890278
130 203.826830248 41.0118890278
131 203.791163649 41.01011125
132 203.793788647 41.0101390278
133 203.79649698 41.0101668056
134 203.799121983 41.0100834722
135 203.801788649 41.01011125
136 203.80437198 41.0101668056
137 203.807038649 41.01011125
138 203.809663647 41.0101390278
139 203.812371982 41.01011125
140 203.81499698 41.0101668056
141 203.817663646 41.0101668056
142 203.82024698 41.0101668056
143 203.822913647 41.0101390278
144 203.82562198 41.0101668056
145 203.828205313 41.0101668056
146 203.79249705 41.0083056944
147 203.795080383 41.0083334722
148 203.797705381 41.0083890278
149 203.800330381 41.0083890278
150 203.803080381 41.0083890278
151 203.805663713 41.0084168056
152 203.808372048 41.00836125
153 203.811038712 41.0084445833
154 203.813663713 41.0084168056
155 203.816247048 41.00836125
156 203.818913714 41.0083890278
157 203.821538711 41.0084723611
158 203.824122045 41.0084445833
159 203.826872046 41.0084168056
160 203.791122113 41.0066668056
161 203.79378878 41.0066390278
162 203.796497114 41.0066390278
163 203.799122113 41.0066668056
164 203.80178878 41.0066390278
165 203.804413779 41.0066668056
166 203.807080446 41.0066668056
167 203.809705444 41.0067223611
168 203.812372111 41.0067223611
169 203.815080443 41.0067501389
170 203.817580445 41.0066945833
171 203.820288777 41.0067223611
172 203.822913776 41.0067501389
173 203.825622115 41.00661125
174 203.828247113 41.0066668056
175 203.79245551 41.0049723611
176 203.79508051 41.0049723611
177 203.797788844 41.0049723611
178 203.800413846 41.0049168056
179 203.80308051 41.0049723611
180 203.805747175 41.0050279167
181 203.808372176 41.0050001389
182 203.811080509 41.0050001389
183 203.813663845 41.0049445833
184 203.816288842 41.0050279167
185 203.81895551 41.0049723611
186 203.821580508 41.0050279167
187 203.824288842 41.0050279167
188 203.826830509 41.0050001389
189 203.791247246 41.0031668056
190 203.793830578 41.0031945833
191 203.796455577 41.0032223611
192 203.799122244 41.0032223611
193 203.801788909 41.0032501389
194 203.804372242 41.0032501389
195 203.80703891 41.0032223611
196 203.809705575 41.0032779167
197 203.812330576 41.0032501389
198 203.814997242 41.0032501389
199 203.817663906 41.0033334722
200 203.820288909 41.0032501389
201 203.822997241 41.0032779167
202 203.825497242 41.0032501389
203 203.828247239 41.0033334722
204 203.792455642 41.0015001389
205 203.795080643 41.0014723611
206 203.797747309 41.0015001389
207 203.800413976 41.0015001389
208 203.803038975 41.0015279167
209 203.805747308 41.0015279167
210 203.80824731 41.0014723611
211 203.811038978 41.0014445833
212 203.813622309 41.0015001389
213 203.816330641 41.0015279167
214 203.81883064 41.0015556944
215 203.821580641 41.0015279167
216 203.824288975 41.0015279167
217 203.826913975 41.0015279167
218 203.791164042 40.9997501389
219 203.79383071 40.9997223611
220 203.796539042 40.9997501389
221 203.799039042 40.9997501389
222 203.801747374 40.9997779167
223 203.804372374 40.9997779167
224 203.806997375 40.9997501389
225 203.809705707 40.9998056944
226 203.812289041 40.9997779167
227 203.815039042 40.9997501389
228 203.817622373 40.9998056944
229 203.820289038 40.99986125
230 203.822955704 40.99986125
231 203.825580707 40.9998056944
232 203.82816404 40.9998056944
233 203.792414106 40.9980556944
234 203.795080773 40.9980556944
235 203.797789103 40.9981390278
236 203.800455774 40.9980279167
237 203.803122438 40.99811125
238 203.805705774 40.9980279167
239 203.808289105 40.9980834722
240 203.810955772 40.9980834722
241 203.813664107 40.9980279167
242 203.816330772 40.9980834722
243 203.819039105 40.9980834722
244 203.821622438 40.99811125
245 203.824247437 40.9981390278
246 203.826914103 40.9981390278
