1 203.791080729 40.9992223611
2 203.793747398 40.9991668056
3 203.79641406 40.9992779167
4 203.79903906 40.9992779167
5 203.801622393 40.9992779167
6 203.804372396 40.9991945833
7 203.807039059 40.9993056944
8 203.809622396 40.9991945833
9 203.812247392 40.9993056944
10 203.814955727 40.9992779167
11 203.817539058 40.9993334722
12 203.820205725 40.9993334722
13 203.822789059 40.9993056944
14 203.825455727 40.9992779167
15 203.789872463 40.9974445833
16 203.792372462 40.9974723611
17 203.795039126 40.9975279167
18 203.797664125 40.9975556944
19 203.800330794 40.9975001389
20 203.803039129 40.9974723611
21 203.80566413 40.9974445833
22 203.808289129 40.9974723611
23 203.810914125 40.9975556944
24 203.813497459 40.9975556944
25 203.816205794 40.9975001389
26 203.818872459 40.9975556944
27 203.821539125 40.9975556944
28 203.82424746 40.9975279167
29 203.826789126 40.9975279167
30 203.791122526 40.9957779167
31 203.793705858 40.9958056944
32 203.796330862 40.9957223611
33 203.798997525 40.9958056944
34 203.801664195 40.9957223611
35 203.804330861 40.9957501389
36 203.806955856 40.99586125
37 203.809622524 40.9958334722
38 203.812247527 40.9957501389
39 203.814955856 40.99586125
40 203.817622525 40.9958056944
41 203.820122526 40.9957779167
42 203.822872525 40.9958056944
43 203.825497523 40.99586125
44 203.789747593 40.9940279167
45 203.792414258 40.9940556944
46 203.795039259 40.9940279167
47 203.797747592 40.9940556944
48 203.800372592 40.9940556944
49 203.802955925 40.9940556944
50 203.805664259 40.9940279167
51 203.808372591 40.9940834722
52 203.810997592 40.9940556944
53 203.813664258 40.9940556944
54 203.816289257 40.9940834722
55 203.818872591 40.9940834722
56 203.821497592 40.9940556944
57 203.824164256 40.99411125
58 203.826872593 40.9940279167
59 203.791080989 40.99236125
60 203.793747656 40.99236125
61 203.796455988 40.9923890278
62 203.79908099 40.9923334722
63 203.801622655 40.9923890278
64 203.80433099 40.9923334722
65 203.806997657 40.9923334722
66 203.809622655 40.9923890278
67 203.812247654 40.9924168056
68 203.814914321 40.9923890278
69 203.817664321 40.9923890278
70 203.820289321 40.9923890278
71 203.822914321 40.9923890278
72 203.825580989 40.99236125
73 203.789789388 40.9906390278
74 203.792372722 40.99061125
75 203.795039389 40.99061125
76 203.797747722 40.99061125
77 203.800414389 40.99061125
78 203.803039389 40.99061125
79 203.805706054 40.9906668056
80 203.808289387 40.9906668056
81 203.810956054 40.9906668056
82 203.813664388 40.9906390278
83 203.816289388 40.9906390278
84 203.818956057 40.9905834722
85 203.821539388 40.9906390278
86 203.824206055 40.9906390278
87 203.826831054 40.9906668056
88 203.791081122 40.98886125
89 203.793747789 40.98886125
90 203.796414453 40.9889168056
91 203.799039455 40.98886125
92 203.801706121 40.9888890278
93 203.804414453 40.9889168056
94 203.80695612 40.9889168056
95 203.809581122 40.98886125
96 203.812331119 40.9889445833
97 203.814956122 40.98886125
98 203.817539452 40.9889445833
99 203.820247784 40.9889723611
100 203.822914453 40.9889168056
101 203.825456118 40.9889723611
102 203.789831187 40.9871390278
103 203.792456188 40.98711125
104 203.795122853 40.9871668056
105 203.797747851 40.9872223611
106 203.800414518 40.9872223611
107 203.80303952 40.9871668056
108 203.805706186 40.9871668056
109 203.808289519 40.9871945833
110 203.81103952 40.9871668056
111 203.813581184 40.9872223611
112 203.816206183 40.9872501389
113 203.818956185 40.9871945833
114 203.821497853 40.9871668056
115 203.82428952 40.9871668056
116 203.826872853 40.9871668056
117 203.791122918 40.9854445833
118 203.793747919 40.9854168056
119 203.796456253 40.9854168056
120 203.799039586 40.9854168056
121 203.801706251 40.9854723611
122 203.804372914 40.9855556944
123 203.80695625 40.9855001389
124 203.809581251 40.9854723611
125 203.81233125 40.9855001389
126 203.814956249 40.9855279167
127 203.817539583 40.9855001389
128 203.820247915 40.9855279167
129 203.822914583 40.9855001389
130 203.825497916 40.9855001389
131 203.789831316 40.9837501389
132 203.792456316 40.9837501389
133 203.795164648 40.9837779167
134 203.797789651 40.9836945833
135 203.800456317 40.9837223611
136 203.803039648 40.9837779167
137 203.805706317 40.9837223611
138 203.808331316 40.9837501389
139 203.81103965 40.9837223611
140 203.813664648 40.9837779167
141 203.816331315 40.9837779167
142 203.818914648 40.9837779167
143 203.821581316 40.9837501389
144 203.824289648 40.9837779167
145 203.826872982 40.9837779167
146 203.791164719 40.9819168056
147 203.793748051 40.9819445833
148 203.796373049 40.9820001389
149 203.798998049 40.9820001389
150 203.801748049 40.9820001389
151 203.804331381 40.9820279167
152 203.80699805 40.9819723611
153 203.80970638 40.9820556944
154 203.812331381 40.9820279167
155 203.814914717 40.9819723611
156 203.817581382 40.9820001389
157 203.820206379 40.9820834722
158 203.822789714 40.9820556944
159 203.825539715 40.9820279167
160 203.78978978 40.9803056944
161 203.792456449 40.9802501389
162 203.795164782 40.9802501389
163 203.797789781 40.9802779167
164 203.800456449 40.9802501389
165 203.803081448 40.9802779167
166 203.805748114 40.9802779167
167 203.808373112 40.9803334722
168 203.810998112 40.9803334722
169 203.813748111 40.98036125
170 203.816248113 40.9803056944
171 203.818956446 40.9803334722
172 203.821581445 40.98036125
173 203.824248116 40.9802223611
174 203.826914781 40.9802779167
175 203.791123178 40.97861125
176 203.793748179 40.9785834722
177 203.796456512 40.9785834722
178 203.799081514 40.9785279167
179 203.801748179 40.9785834722
180 203.804414843 40.9786390278
181 203.807039844 40.97861125
182 203.809748178 40.97861125
183 203.812331513 40.9785556944
184 203.81495651 40.9786390278
185 203.817623179 40.9785834722
186 203.820248177 40.9786390278
187 203.822914842 40.9786668056
188 203.825498178 40.97861125
189 203.789914914 40.9767779167
190 203.792498246 40.9768056944
191 203.795123245 40.9768334722
192 203.797789912 40.9768334722
193 203.800456577 40.97686125
194 203.803039911 40.97686125
195 203.805706578 40.9768334722
196 203.808373243 40.9768890278
197 203.810998244 40.97686125
198 203.813664911 40.97686125
199 203.816331574 40.9769445833
200 203.818956577 40.97686125
201 203.821623243 40.9768890278
202 203.824164911 40.97686125
203 203.826914907 40.9769445833
204 203.79112331 40.97511125
205 203.793748311 40.9750834722
206 203.796414977 40.97511125
207 203.799081644 40.97511125
208 203.801706643 40.9751390278
209 203.804414976 40.9751390278
210 203.806914978 40.9750834722
211 203.809706646 40.9750556944
212 203.81224831 40.97511125
213 203.814998309 40.9751390278
214 203.817498308 40.9751668056
215 203.820248309 40.9751390278
216 203.822956643 40.9751390278
217 203.825581643 40.9751390278
218 203.78983171 40.97336125
219 203.792498377 40.97336125
220 203.79520671 40.97336125
221 203.797706709 40.9733890278
222 203.800415042 40.9733890278
223 203.803040042 40.9733890278
224 203.805665043 40.97336125
225 203.808373375 40.9734168056
226 203.810956709 40.9733890278
227 203.81370671 40.97336125
228 203.816248375 40.9734168056
229 203.818956706 40.9734723611
230 203.821581706 40.9734723611
231 203.824248375 40.9734168056
232 203.826831708 40.9734168056
233 203.791081774 40.9716668056
234 203.793748441 40.9716668056
235 203.796456771 40.9717501389
236 203.799123442 40.9716390278
237 203.801790106 40.9717223611
238 203.804373442 40.9716390278
239 203.806956773 40.9716945833
240 203.80962344 40.9716945833
241 203.812331775 40.9716390278
242 203.81499844 40.9716945833
243 203.817706773 40.9716945833
244 203.820248439 40.9717223611
245 203.822873438 40.9717501389
246 203.825581771 40.9717501389
