1 203.828038059 41.02561125
2 203.830663062 41.0255556944
3 203.833371391 41.0256668056
4 203.835996392 41.0256390278
5 203.838579725 41.0256390278
6 203.841329727 41.0255834722
7 203.84399639 41.0256945833
8 203.846579727 41.0255834722
9 203.849204723 41.0256945833
10 203.851913058 41.0256390278
11 203.85449639 41.0256945833
12 203.857163056 41.0256945833
13 203.859746391 41.0256668056
14 203.862413058 41.0256390278
15 203.826829794 41.0238334722
16 203.829329793 41.02386125
17 203.831996457 41.0239168056
18 203.834621456 41.0239445833
19 203.837288125 41.0238890278
20 203.839996459 41.02386125
21 203.84262146 41.0238334722
22 203.845246459 41.02386125
23 203.847871456 41.0239445833
24 203.850454791 41.0239168056
25 203.853163126 41.02386125
26 203.855829791 41.0239168056
27 203.858496457 41.0239168056
28 203.861204791 41.0239168056
29 203.863746458 41.0238890278
30 203.828079857 41.0221668056
31 203.83066319 41.0221668056
32 203.833288194 41.0220834722
33 203.835954857 41.0221668056
34 203.838621526 41.02211125
35 203.841288191 41.0221390278
36 203.843913188 41.0222223611
37 203.846579855 41.0222223611
38 203.849204858 41.0221390278
39 203.851913188 41.0222223611
40 203.854579857 41.0221668056
41 203.857121525 41.0221390278
42 203.859871523 41.0221945833
43 203.862496521 41.0222501389
44 203.826704924 41.0204168056
45 203.82937159 41.0204168056
46 203.83199659 41.0204168056
47 203.834704924 41.0204168056
48 203.837329923 41.0204445833
49 203.839913256 41.0204445833
50 203.84262159 41.0204168056
51 203.845329921 41.0204723611
52 203.847954923 41.0204445833
53 203.850621589 41.0204445833
54 203.853246588 41.0204723611
55 203.855829923 41.0204445833
56 203.858454924 41.0204168056
57 203.861121588 41.0204723611
58 203.863829924 41.0204168056
59 203.828038321 41.0187223611
60 203.830704988 41.0187223611
61 203.83341332 41.0187501389
62 203.835996655 41.0187223611
63 203.838579987 41.0187501389
64 203.841288322 41.0186945833
65 203.843954988 41.0187223611
66 203.846579987 41.0187501389
67 203.849204985 41.0188056944
68 203.851871654 41.0187501389
69 203.854621653 41.0187779167
70 203.857246653 41.0187779167
71 203.859871653 41.0187779167
72 203.86253832 41.0187501389
73 203.82674672 41.0170001389
74 203.829330053 41.0170001389
75 203.83199672 41.0170001389
76 203.834705053 41.0170001389
77 203.83737172 41.0170001389
78 203.83999672 41.0170001389
79 203.842663385 41.0170556944
80 203.845246718 41.0170556944
81 203.847913386 41.0170279167
82 203.85062172 41.0170001389
83 203.853246719 41.0170279167
84 203.855913388 41.0169723611
85 203.85849672 41.0170001389
86 203.861163386 41.0170279167
87 203.863788385 41.0170556944
88 203.828038454 41.0152223611
89 203.830705121 41.0152223611
90 203.833371785 41.0153056944
91 203.83595512 41.0152501389
92 203.838621787 41.0152501389
93 203.841371786 41.0152779167
94 203.843913452 41.0152779167
95 203.846538453 41.0152501389
96 203.849288451 41.0153056944
97 203.85195512 41.0152501389
98 203.854538451 41.0153056944
99 203.857205117 41.0153334722
100 203.859871785 41.0153056944
101 203.862413449 41.01536125
102 203.826788519 41.0135279167
103 203.829413521 41.0134723611
104 203.832080185 41.0135279167
105 203.834705183 41.0135834722
106 203.83737185 41.0135834722
107 203.839996851 41.0135556944
108 203.842663519 41.0135279167
109 203.84524685 41.0135834722
110 203.847996852 41.0135279167
111 203.850538517 41.0135834722
112 203.853163516 41.01361125
113 203.855913518 41.0135556944
114 203.858455185 41.0135279167
115 203.861246851 41.0135556944
116 203.863830185 41.0135279167
117 203.828038583 41.0118334722
118 203.830705251 41.0118056944
119 203.833413584 41.0118056944
120 203.835996917 41.0118056944
121 203.838663583 41.0118334722
122 203.841330247 41.0119168056
123 203.843913581 41.0118890278
124 203.846538583 41.0118334722
125 203.849288582 41.01186125
126 203.85191358 41.0119168056
127 203.854496915 41.01186125
128 203.857205248 41.0118890278
129 203.859871914 41.0118890278
130 203.862455249 41.01186125
131 203.826788649 41.01011125
132 203.829413647 41.0101390278
133 203.83212198 41.0101668056
134 203.834746983 41.0100834722
135 203.837371983 41.0100834722
136 203.839996981 41.0101390278
137 203.84266365 41.0100834722
138 203.845288647 41.0101390278
139 203.847996982 41.01011125
140 203.850621981 41.0101390278
141 203.853288646 41.0101668056
142 203.855871981 41.0101390278
143 203.858538647 41.0101390278
144 203.86124698 41.0101668056
145 203.863830313 41.0101668056
146 203.82812205 41.0083056944
147 203.830705383 41.0083334722
148 203.833330382 41.00836125
149 203.835955382 41.00836125
150 203.838705381 41.0083890278
151 203.841288713 41.0084168056
152 203.843955382 41.00836125
153 203.846663712 41.0084445833
154 203.849288713 41.0084168056
155 203.851872048 41.00836125
156 203.854538714 41.0083890278
157 203.857163712 41.0084445833
158 203.859747046 41.0084168056
159 203.862497046 41.0084168056
160 203.826747113 41.0066668056
161 203.82941378 41.0066390278
162 203.832122114 41.0066390278
163 203.834747113 41.0066668056
164 203.83741378 41.0066390278
165 203.84003878 41.0066390278
166 203.842705447 41.0066390278
167 203.845330445 41.0066945833
168 203.847955445 41.0066945833
169 203.850705444 41.0067223611
170 203.853205446 41.0066668056
171 203.855913777 41.0067223611
172 203.858538776 41.0067501389
173 203.861205448 41.00661125
174 203.863872113 41.0066668056
175 203.82808051 41.0049723611
176 203.83070551 41.0049723611
177 203.833413844 41.0049723611
178 203.836038847 41.0048890278
179 203.838705511 41.0049445833
180 203.841372175 41.0050279167
181 203.843997177 41.0049723611
182 203.846705509 41.0050001389
183 203.849288845 41.0049445833
184 203.851913843 41.0050001389
185 203.85458051 41.0049723611
186 203.857205509 41.0050001389
187 203.859872175 41.0050279167
188 203.862455509 41.0050001389
189 203.826872247 41.0031390278
190 203.829455578 41.0031945833
191 203.832080577 41.0032223611
192 203.834747244 41.0032223611
193 203.837413909 41.0032501389
194 203.839997242 41.0032501389
195 203.842663911 41.0031945833
196 203.845330576 41.0032501389
197 203.847955577 41.0032223611
198 203.850622242 41.0032501389
199 203.853288907 41.0033056944
200 203.855913909 41.0032501389
201 203.858622242 41.0032501389
202 203.861122242 41.0032501389
203 203.863872239 41.0033334722
204 203.828080643 41.0014723611
205 203.830705644 41.0014445833
206 203.83337231 41.0014723611
207 203.836038976 41.0015001389
208 203.838663976 41.0015001389
209 203.841372308 41.0015279167
210 203.843872311 41.0014445833
211 203.846663978 41.0014445833
212 203.849205642 41.0015001389
213 203.851955641 41.0015279167
214 203.85445564 41.0015556944
215 203.857205641 41.0015279167
216 203.859913975 41.0015279167
217 203.862538975 41.0015279167
218 203.826789043 40.9997223611
219 203.82945571 40.9997223611
220 203.832164042 40.9997501389
221 203.834664042 40.9997501389
222 203.837372374 40.9997779167
223 203.839997374 40.9997779167
224 203.842622376 40.9997223611
225 203.845330708 40.9997779167
226 203.847914041 40.9997779167
227 203.850664042 40.9997501389
228 203.853247373 40.9998056944
229 203.855914039 40.9998334722
230 203.858539038 40.99986125
231 203.861205708 40.9997779167
232 203.86378904 40.9998056944
233 203.828039106 40.9980556944
234 203.830705774 40.9980279167
235 203.833414104 40.99811125
236 203.836080775 40.9980001389
237 203.838747438 40.99811125
238 203.841330774 40.9980279167
239 203.843914106 40.9980556944
240 203.846580773 40.9980556944
241 203.849289107 40.9980279167
242 203.851955773 40.9980556944
243 203.854664105 40.9980834722
244 203.857205772 40.9980834722
245 203.859830771 40.99811125
246 203.862539103 40.9981390278
