1 203.79241404 40.9998056944
2 203.79508071 40.9997223611
3 203.797747372 40.9998334722
4 203.800372372 40.9998334722
5 203.802955706 40.9998334722
6 203.805705708 40.9997779167
7 203.808372371 40.99986125
8 203.810955709 40.9997501389
9 203.813580704 40.99986125
10 203.816289039 40.9998334722
11 203.81887237 40.9998890278
12 203.821539037 40.9998890278
13 203.824122371 40.99986125
14 203.826789039 40.9998334722
15 203.791205775 40.9980001389
16 203.793705773 40.9980556944
17 203.796372439 40.9980834722
18 203.798997437 40.9981390278
19 203.801664106 40.9980556944
20 203.80437244 40.9980556944
21 203.806997442 40.9980001389
22 203.809622441 40.9980279167
23 203.812247438 40.99811125
24 203.814830771 40.99811125
25 203.817539106 40.9980556944
26 203.820205771 40.99811125
27 203.822872438 40.99811125
28 203.825580772 40.9980834722
29 203.828122439 40.9980834722
30 203.792455838 40.9963334722
31 203.795039171 40.99636125
32 203.797664174 40.9962779167
33 203.800330837 40.99636125
34 203.802997507 40.9962779167
35 203.805664173 40.9963056944
36 203.808289169 40.9964168056
37 203.810955836 40.9963890278
38 203.813580839 40.9963056944
39 203.816289169 40.9964168056
40 203.818955837 40.99636125
41 203.821455838 40.9963334722
42 203.824205837 40.99636125
43 203.826872502 40.9964168056
44 203.791080905 40.9945834722
45 203.79374757 40.99461125
46 203.796372572 40.9945834722
47 203.799080904 40.99461125
48 203.801705903 40.9946390278
49 203.804289237 40.99461125
50 203.806997572 40.9945834722
51 203.809705903 40.9946390278
52 203.812330904 40.99461125
53 203.81499757 40.99461125
54 203.817622569 40.9946390278
55 203.820205903 40.9946390278
56 203.822830904 40.99461125
57 203.825497568 40.9946668056
58 203.828205904 40.99461125
59 203.792414301 40.9929168056
60 203.795080968 40.9929168056
61 203.7977893 40.9929445833
62 203.800414303 40.9928890278
63 203.802955967 40.9929445833
64 203.805664303 40.9928890278
65 203.808330969 40.9928890278
66 203.810955967 40.9929445833
67 203.813580966 40.9929723611
68 203.816247634 40.9929445833
69 203.818997633 40.9929723611
70 203.821622634 40.9929445833
71 203.824247634 40.9929445833
72 203.826914301 40.9929168056
73 203.7911227 40.9911945833
74 203.793706035 40.9911668056
75 203.796372701 40.9911668056
76 203.799081035 40.9911668056
77 203.8017477 40.9911945833
78 203.804372701 40.9911668056
79 203.807039366 40.9912223611
80 203.809622699 40.9912223611
81 203.812289366 40.9912223611
82 203.8149977 40.9911945833
83 203.817622699 40.9912223611
84 203.820289369 40.9911390278
85 203.8228727 40.9911945833
86 203.825539367 40.9911945833
87 203.828164366 40.9912223611
88 203.792414434 40.9894168056
89 203.795081101 40.9894168056
90 203.797747764 40.9895001389
91 203.800372768 40.9894168056
92 203.803039433 40.9894445833
93 203.805747766 40.9894723611
94 203.808289432 40.9894723611
95 203.810914434 40.9894168056
96 203.813664431 40.9895001389
97 203.816289434 40.9894168056
98 203.818872764 40.9895001389
99 203.821581097 40.9895279167
100 203.824247766 40.9894723611
101 203.82678943 40.9895279167
102 203.7911645 40.9876945833
103 203.793789501 40.9876668056
104 203.796456165 40.9877223611
105 203.799081163 40.9877779167
106 203.80174783 40.9877779167
107 203.804372832 40.9877223611
108 203.807039499 40.9877223611
109 203.80962283 40.9877779167
110 203.812372832 40.9877223611
111 203.814914496 40.9877779167
112 203.817539495 40.9878056944
113 203.820289498 40.9877501389
114 203.822831165 40.9877223611
115 203.825622832 40.9877223611
116 203.828206165 40.9877223611
117 203.792456231 40.9860001389
118 203.795081232 40.9859723611
119 203.797789564 40.9860001389
120 203.800372898 40.9859723611
121 203.803039563 40.9860279167
122 203.805706226 40.98611125
123 203.808289561 40.9860834722
124 203.810914563 40.9860279167
125 203.813664562 40.9860556944
126 203.816289561 40.9860834722
127 203.818872895 40.9860556944
128 203.821581227 40.9860834722
129 203.824247895 40.9860556944
130 203.826831229 40.9860556944
131 203.791164628 40.9843056944
132 203.793789628 40.9843056944
133 203.796497961 40.9843334722
134 203.799122963 40.9842779167
135 203.801789629 40.9842779167
136 203.804372961 40.9843334722
137 203.807039629 40.9842779167
138 203.809664628 40.9843056944
139 203.812372962 40.9843056944
140 203.814997961 40.9843334722
141 203.817664627 40.9843334722
142 203.820247961 40.9843334722
143 203.822914627 40.9843334722
144 203.825622961 40.9843334722
145 203.828206293 40.98436125
146 203.792498031 40.9824723611
147 203.795081363 40.9825001389
148 203.797706361 40.9825556944
149 203.800331361 40.9825556944
150 203.803081361 40.9825556944
151 203.805664694 40.9825834722
152 203.808331362 40.9825279167
153 203.811039691 40.9826390278
154 203.813664693 40.98261125
155 203.816248029 40.9825279167
156 203.818914695 40.9825556944
157 203.821539691 40.9826390278
158 203.824123026 40.98261125
159 203.826873027 40.9825834722
160 203.791123092 40.98086125
161 203.793789761 40.9808056944
162 203.796498093 40.9808334722
163 203.799123093 40.9808334722
164 203.801789761 40.9808056944
165 203.80441476 40.9808334722
166 203.807081427 40.9808334722
167 203.809706425 40.9808890278
168 203.812331425 40.9808890278
169 203.815081423 40.9809168056
170 203.817581426 40.98086125
171 203.820289758 40.9808890278
172 203.822914757 40.9809168056
173 203.825581429 40.9807779167
174 203.828248093 40.9808334722
175 203.79245649 40.9791668056
176 203.795081491 40.9791390278
177 203.797789824 40.9791390278
178 203.800414826 40.9790834722
179 203.803081491 40.9791390278
180 203.805748155 40.9791945833
181 203.808373157 40.9791668056
182 203.811081489 40.9791945833
183 203.813664824 40.9791390278
184 203.816289822 40.9791945833
185 203.818956491 40.9791390278
186 203.821581489 40.9791945833
187 203.824248154 40.9792223611
188 203.826831489 40.9791945833
189 203.791248226 40.9773334722
190 203.793831558 40.97736125
191 203.796498224 40.9773890278
192 203.799123224 40.9773890278
193 203.80178989 40.9774168056
194 203.804373223 40.9774168056
195 203.807039891 40.9773890278
196 203.809706555 40.9774445833
197 203.812331556 40.9774168056
198 203.814998223 40.9774168056
199 203.817664886 40.9775001389
200 203.82028989 40.9774168056
201 203.822998222 40.9774445833
202 203.825498223 40.9774168056
203 203.82824822 40.9775001389
204 203.792456623 40.9756668056
205 203.795081624 40.9756390278
206 203.797748289 40.9756668056
207 203.800414956 40.9756668056
208 203.803039955 40.9756945833
209 203.805748288 40.9756945833
210 203.80824829 40.9756390278
211 203.811039958 40.97561125
212 203.813581623 40.9756668056
213 203.816331622 40.9756945833
214 203.81883162 40.9757223611
215 203.821581622 40.9756945833
216 203.824289955 40.9756945833
217 203.826914955 40.9756945833
218 203.791165022 40.9739168056
219 203.793831689 40.9739168056
220 203.796540022 40.9739168056
221 203.799040021 40.9739445833
222 203.801748355 40.9739445833
223 203.804373355 40.9739445833
224 203.806998356 40.9739168056
225 203.809706687 40.9739723611
226 203.81229002 40.9739723611
227 203.815040021 40.9739445833
228 203.817581687 40.9739723611
229 203.820290018 40.9740279167
230 203.822915018 40.9740279167
231 203.825581687 40.9739723611
232 203.82816502 40.9739723611
233 203.792415087 40.9722223611
234 203.795081753 40.9722223611
235 203.797790083 40.9723056944
236 203.800456754 40.9721945833
237 203.803123418 40.9722779167
238 203.805706754 40.9721945833
239 203.808290085 40.9722501389
240 203.810956752 40.9722501389
241 203.813665088 40.9721945833
242 203.816331752 40.9722501389
243 203.819040085 40.9722501389
244 203.821581751 40.9722779167
245 203.82420675 40.9723056944
246 203.826915082 40.9723334722
