1 203.79245575 40.9986668056
2 203.795080752 40.99861125
3 203.797747414 40.9987223611
4 203.800372414 40.9987223611
5 203.802955748 40.9987223611
6 203.80570575 40.9986668056
7 203.808372413 40.9987501389
8 203.810955751 40.9986390278
9 203.813580747 40.9987501389
10 203.816289081 40.9987223611
11 203.818914079 40.9987779167
12 203.821539079 40.9987779167
13 203.824122413 40.9987501389
14 203.826789081 40.9987223611
15 203.791205817 40.9968890278
16 203.793705816 40.9969168056
17 203.796372481 40.9969723611
18 203.798997479 40.9970279167
19 203.801664149 40.9969445833
20 203.804372483 40.9969168056
21 203.806997484 40.9968890278
22 203.809622483 40.9969168056
23 203.81224748 40.9970001389
24 203.814830813 40.9970001389
25 203.817539149 40.9969445833
26 203.820205813 40.9970001389
27 203.82287248 40.9970001389
28 203.825580814 40.9969723611
29 203.828122481 40.9969723611
30 203.792455881 40.9952223611
31 203.795039213 40.9952501389
32 203.797705883 40.9951668056
33 203.80033088 40.9952501389
34 203.802997549 40.9951668056
35 203.805664215 40.9951945833
36 203.808289211 40.9953056944
37 203.810955879 40.9952779167
38 203.813580882 40.9951945833
39 203.816289211 40.9953056944
40 203.81895588 40.9952501389
41 203.821497547 40.9952223611
42 203.824247546 40.9952501389
43 203.826872544 40.9953056944
44 203.791080947 40.9934723611
45 203.793747613 40.9935001389
46 203.79641428 40.9934723611
47 203.799080946 40.9935001389
48 203.801705946 40.9935001389
49 203.804289279 40.9935001389
50 203.806997614 40.9934723611
51 203.809705945 40.9935279167
52 203.812330946 40.9935001389
53 203.814997613 40.9935001389
54 203.817622612 40.9935279167
55 203.820205945 40.9935279167
56 203.822830946 40.9935001389
57 203.825497611 40.9935556944
58 203.828205946 40.9935001389
59 203.792414344 40.9918056944
60 203.795122677 40.9918056944
61 203.797789343 40.9918334722
62 203.800414345 40.9917779167
63 203.802956009 40.9918334722
64 203.805664345 40.9917779167
65 203.808331011 40.9917779167
66 203.810956009 40.9918334722
67 203.813581008 40.99186125
68 203.816247676 40.9918334722
69 203.818997675 40.99186125
70 203.821622676 40.9918334722
71 203.824247676 40.9918334722
72 203.826914344 40.9918056944
73 203.791122742 40.9900834722
74 203.793706077 40.9900556944
75 203.796372743 40.9900556944
76 203.799081077 40.9900556944
77 203.801747742 40.9900834722
78 203.804372743 40.9900556944
79 203.807039408 40.99011125
80 203.809622741 40.99011125
81 203.812289408 40.99011125
82 203.814997742 40.9900834722
83 203.817622742 40.9900834722
84 203.820289411 40.9900279167
85 203.822872742 40.9900834722
86 203.825539409 40.9900834722
87 203.828164408 40.99011125
88 203.792414476 40.9883056944
89 203.795081143 40.9883056944
90 203.797747808 40.98836125
91 203.80037281 40.9883056944
92 203.803039475 40.9883334722
93 203.805747808 40.98836125
94 203.808331141 40.98836125
95 203.810914476 40.9883056944
96 203.813664473 40.9883890278
97 203.816331143 40.9883056944
98 203.818914473 40.9883890278
99 203.821581139 40.9884168056
100 203.824247808 40.98836125
101 203.826789472 40.9884168056
102 203.791206208 40.9865834722
103 203.793789543 40.9865556944
104 203.796456207 40.98661125
105 203.799122872 40.9866668056
106 203.801747872 40.9866668056
107 203.804372874 40.98661125
108 203.807039541 40.98661125
109 203.809622872 40.9866668056
110 203.812372874 40.98661125
111 203.814914539 40.9866668056
112 203.817539538 40.9866945833
113 203.82028954 40.9866390278
114 203.822831207 40.98661125
115 203.825622874 40.98661125
116 203.828206207 40.98661125
117 203.792456273 40.9848890278
118 203.79512294 40.98486125
119 203.797789606 40.9848890278
120 203.80037294 40.98486125
121 203.803039605 40.9849168056
122 203.805706269 40.9850001389
123 203.808289604 40.9849445833
124 203.810914605 40.9849168056
125 203.813664604 40.9849445833
126 203.81633127 40.9849723611
127 203.818872937 40.9849445833
128 203.82158127 40.9849723611
129 203.824247937 40.9849445833
130 203.826831271 40.9849445833
131 203.79116467 40.9831945833
132 203.793831337 40.9831945833
133 203.796498003 40.9832223611
134 203.799123005 40.9831668056
135 203.801789671 40.9831668056
136 203.804373003 40.9832223611
137 203.807039671 40.9831668056
138 203.80966467 40.9831945833
139 203.812373004 40.9831945833
140 203.814998003 40.9832223611
141 203.817664669 40.9832223611
142 203.820248003 40.9832223611
143 203.82291467 40.9831945833
144 203.825623003 40.9832223611
145 203.828206336 40.9832223611
146 203.792498073 40.98136125
147 203.795081406 40.9813890278
148 203.797706403 40.9814445833
149 203.80037307 40.9814445833
150 203.803081403 40.9814445833
151 203.805706402 40.9814723611
152 203.808373071 40.9814168056
153 203.811039735 40.9815001389
154 203.813664735 40.9815001389
155 203.816248071 40.9814168056
156 203.818914737 40.9814445833
157 203.821539734 40.9815279167
158 203.824123068 40.9815001389
159 203.826873069 40.9814723611
160 203.791123134 40.9797501389
161 203.793789803 40.9796945833
162 203.796498135 40.9797223611
163 203.799123135 40.9797223611
164 203.801789803 40.9796945833
165 203.804414802 40.9797223611
166 203.807081469 40.9797223611
167 203.809706467 40.9797779167
168 203.812373133 40.9797779167
169 203.815081466 40.9798056944
170 203.817581468 40.9797501389
171 203.8202898 40.9797779167
172 203.822914799 40.9798056944
173 203.825581471 40.9796668056
174 203.828248135 40.9797223611
175 203.792456532 40.9780556944
176 203.795081533 40.9780279167
177 203.797789866 40.9780279167
178 203.800414868 40.9779723611
179 203.803081533 40.9780279167
180 203.805748198 40.9780834722
181 203.808373199 40.9780556944
182 203.811081532 40.9780556944
183 203.813664866 40.9780279167
184 203.816289864 40.9780834722
185 203.818956533 40.9780279167
186 203.821581531 40.9780834722
187 203.824248197 40.97811125
188 203.826831532 40.9780556944
189 203.791248268 40.9762223611
190 203.7938316 40.9762501389
191 203.796498266 40.9762779167
192 203.799123266 40.9762779167
193 203.801789932 40.9763056944
194 203.804373265 40.9763056944
195 203.807039933 40.9762779167
196 203.809706597 40.9763334722
197 203.812331598 40.9763056944
198 203.814998265 40.9763056944
199 203.817664929 40.9763890278
200 203.820289932 40.9763056944
201 203.822998264 40.9763334722
202 203.825498265 40.9763056944
203 203.828248262 40.9763890278
204 203.792456665 40.9745556944
205 203.795081666 40.9745279167
206 203.797789998 40.9745556944
207 203.800414998 40.9745556944
208 203.803039997 40.9745834722
209 203.80574833 40.9745834722
210 203.808248332 40.9745279167
211 203.81104 40.9745001389
212 203.813623331 40.9745556944
213 203.816331664 40.9745834722
214 203.818831663 40.97461125
215 203.821581664 40.9745834722
216 203.824289997 40.9745834722
217 203.826914997 40.9745834722
218 203.791165064 40.9728056944
219 203.793831731 40.9728056944
220 203.796540064 40.9728056944
221 203.799040063 40.9728334722
222 203.801748397 40.9728334722
223 203.804373397 40.9728334722
224 203.807040064 40.9728056944
225 203.809706729 40.97286125
226 203.812290063 40.9728334722
227 203.815040063 40.9728334722
228 203.817623396 40.97286125
229 203.82029006 40.9729168056
230 203.82291506 40.9729168056
231 203.825581729 40.97286125
232 203.828165062 40.97286125
233 203.792415129 40.97111125
234 203.795081795 40.97111125
235 203.797790126 40.9711945833
236 203.800456796 40.9710834722
237 203.803165127 40.9711668056
238 203.805706796 40.9710834722
239 203.808290128 40.9711390278
240 203.810956794 40.9711390278
241 203.81366513 40.9710834722
242 203.816331794 40.9711390278
243 203.819040128 40.9711390278
244 203.821581793 40.9711668056
245 203.824206792 40.9711945833
246 203.826915126 40.9711945833
