1 203.828039041 40.9997779167
2 203.830664043 40.9997223611
3 203.833372372 40.9998334722
4 203.835997373 40.9998056944
5 203.838580707 40.9998056944
6 203.841330709 40.9997501389
7 203.843997371 40.99986125
8 203.846580709 40.9997501389
9 203.849205704 40.99986125
10 203.85191404 40.9998056944
11 203.854497371 40.99986125
12 203.857122371 40.99986125
13 203.859747372 40.9998334722
14 203.86241404 40.9998056944
15 203.826830775 40.9980001389
16 203.829330774 40.9980279167
17 203.83199744 40.9980556944
18 203.834622438 40.99811125
19 203.837289106 40.9980556944
20 203.839997441 40.9980279167
21 203.842622442 40.9980001389
22 203.845247442 40.9980001389
23 203.847872438 40.99811125
24 203.850455772 40.9980834722
25 203.853164107 40.9980279167
26 203.855830772 40.9980834722
27 203.858497439 40.9980834722
28 203.861205772 40.9980834722
29 203.86374744 40.9980556944
30 203.828080838 40.9963334722
31 203.830664172 40.9963334722
32 203.833289175 40.9962501389
33 203.835955838 40.9963334722
34 203.838622507 40.9962779167
35 203.841289174 40.9962779167
36 203.84391417 40.9963890278
37 203.846580837 40.99636125
38 203.849205839 40.9963056944
39 203.85191417 40.9963890278
40 203.854539172 40.9963334722
41 203.857080839 40.9963056944
42 203.859830838 40.9963334722
43 203.862455836 40.9963890278
44 203.826705905 40.9945834722
45 203.829372572 40.9945834722
46 203.831997573 40.9945556944
47 203.834705905 40.9945834722
48 203.837330904 40.99461125
49 203.839914237 40.99461125
50 203.842622572 40.9945834722
51 203.845330904 40.99461125
52 203.847955905 40.9945834722
53 203.850622572 40.9945834722
54 203.853247569 40.9946390278
55 203.855830904 40.99461125
56 203.858455905 40.9945834722
57 203.861122569 40.9946390278
58 203.863830905 40.9945834722
59 203.828039303 40.9928890278
60 203.830705969 40.9928890278
61 203.833414301 40.9929168056
62 203.835997636 40.9928890278
63 203.838580968 40.9929168056
64 203.841289304 40.99286125
65 203.843914303 40.9928890278
66 203.846580968 40.9929168056
67 203.849205967 40.9929445833
68 203.851872635 40.9929168056
69 203.854622634 40.9929445833
70 203.857247634 40.9929445833
71 203.859830968 40.9929168056
72 203.862539301 40.9929168056
73 203.826747701 40.9911668056
74 203.829331036 40.9911390278
75 203.831997701 40.9911668056
76 203.834706035 40.9911668056
77 203.837372701 40.9911668056
78 203.839997701 40.9911668056
79 203.842664366 40.9912223611
80 203.845247699 40.9912223611
81 203.847914367 40.9911945833
82 203.850622701 40.9911668056
83 203.8532477 40.9911945833
84 203.855914369 40.9911390278
85 203.858497701 40.9911668056
86 203.8611227 40.9911945833
87 203.863789366 40.9912223611
88 203.828039435 40.9893890278
89 203.830706102 40.9893890278
90 203.833372766 40.9894723611
91 203.835956101 40.9894168056
92 203.838622768 40.9894168056
93 203.841372767 40.9894445833
94 203.843914433 40.9894445833
95 203.846539434 40.9894168056
96 203.849289432 40.9894723611
97 203.851914434 40.9894168056
98 203.854497766 40.9894723611
99 203.857206098 40.9895001389
100 203.859872766 40.9894723611
101 203.86241443 40.9895279167
102 203.826789501 40.9876668056
103 203.829414502 40.9876390278
104 203.832081166 40.9876945833
105 203.834706164 40.9877501389
106 203.837372831 40.9877501389
107 203.839997833 40.9876945833
108 203.8426645 40.9876945833
109 203.845247831 40.9877501389
110 203.847997833 40.9876945833
111 203.850539498 40.9877501389
112 203.853164496 40.9877779167
113 203.855914499 40.9877223611
114 203.858456166 40.9876945833
115 203.861247832 40.9877223611
116 203.863831166 40.9876945833
117 203.828039564 40.9860001389
118 203.830706232 40.9859723611
119 203.833414565 40.9859723611
120 203.835997899 40.9859445833
121 203.838664564 40.9860001389
122 203.841331227 40.9860834722
123 203.843872895 40.9860556944
124 203.846539564 40.9860001389
125 203.849289563 40.9860279167
126 203.851914562 40.9860556944
127 203.854497896 40.9860279167
128 203.857206229 40.9860556944
129 203.859831229 40.9860556944
130 203.86245623 40.9860279167
131 203.826789629 40.9842779167
132 203.829414628 40.9843056944
133 203.832122961 40.9843334722
134 203.834747964 40.9842501389
135 203.837372964 40.9842501389
136 203.839997962 40.9843056944
137 203.84266463 40.9842501389
138 203.845289629 40.9842779167
139 203.847997963 40.9842779167
140 203.850622962 40.9843056944
141 203.853289627 40.9843334722
142 203.855872962 40.9843056944
143 203.858539628 40.9843056944
144 203.861206294 40.9843334722
145 203.863831294 40.9843334722
146 203.828123031 40.9824723611
147 203.830706363 40.9825001389
148 203.833331362 40.9825279167
149 203.835956362 40.9825279167
150 203.838706361 40.9825556944
151 203.841289694 40.9825834722
152 203.843956362 40.9825279167
153 203.846664693 40.98261125
154 203.849289694 40.9825834722
155 203.851873029 40.9825279167
156 203.854539695 40.9825556944
157 203.857164693 40.98261125
158 203.859748027 40.9825834722
159 203.862498028 40.9825556944
160 203.826748093 40.9808334722
161 203.829414761 40.9808056944
162 203.832123094 40.9808056944
163 203.834748093 40.9808334722
164 203.837414761 40.9808056944
165 203.840039761 40.9808056944
166 203.842706428 40.9808056944
167 203.845331426 40.98086125
168 203.847956426 40.98086125
169 203.850706425 40.9808890278
170 203.853206427 40.9808334722
171 203.855914758 40.9808890278
172 203.858539758 40.9808890278
173 203.861206429 40.9807779167
174 203.863873094 40.9808056944
175 203.828081491 40.9791390278
176 203.830706491 40.9791390278
177 203.833414824 40.9791390278
178 203.836039827 40.9790556944
179 203.838706492 40.97911125
180 203.841373155 40.9791945833
181 203.843998158 40.9791390278
182 203.84670649 40.9791668056
183 203.849289825 40.97911125
184 203.851873157 40.9791668056
185 203.854581491 40.9791390278
186 203.85720649 40.9791668056
187 203.859873155 40.9791945833
188 203.86245649 40.9791668056
189 203.826873227 40.9773056944
190 203.829456559 40.9773334722
191 203.832081557 40.9773890278
192 203.834748224 40.9773890278
193 203.83741489 40.9774168056
194 203.839998223 40.9774168056
195 203.842664892 40.97736125
196 203.845331556 40.9774168056
197 203.847956557 40.9773890278
198 203.850623224 40.9773890278
199 203.853289887 40.9774723611
200 203.855914891 40.9773890278
201 203.858581556 40.9774168056
202 203.861123223 40.9774168056
203 203.863831553 40.9775001389
204 203.828081624 40.9756390278
205 203.830706625 40.97561125
206 203.83337329 40.9756390278
207 203.836039956 40.9756668056
208 203.838664956 40.9756668056
209 203.841373288 40.9756945833
210 203.843873291 40.97561125
211 203.846664958 40.97561125
212 203.849206624 40.9756390278
213 203.851956623 40.9756668056
214 203.85445662 40.9757223611
215 203.857206622 40.9756945833
216 203.859914955 40.9756945833
217 203.862539956 40.9756668056
218 203.826790023 40.9738890278
219 203.82945669 40.9738890278
220 203.832165022 40.9739168056
221 203.834665022 40.9739168056
222 203.837373355 40.9739445833
223 203.839998355 40.9739445833
224 203.842623357 40.9738890278
225 203.845331688 40.9739445833
226 203.847915021 40.9739445833
227 203.850665022 40.9739168056
228 203.853206687 40.9739723611
229 203.855915019 40.9740001389
230 203.858540019 40.9740001389
231 203.861206688 40.9739445833
232 203.86379002 40.9739723611
233 203.828040088 40.9721945833
234 203.830706754 40.9721945833
235 203.833415084 40.9722779167
236 203.836081755 40.9721668056
237 203.838748418 40.9722779167
238 203.841331754 40.9721945833
239 203.843915087 40.9722223611
240 203.846581753 40.9722223611
241 203.849290088 40.9721945833
242 203.851956753 40.9722223611
243 203.854623419 40.9722501389
244 203.857206752 40.9722501389
245 203.859831751 40.9722779167
246 203.862540083 40.9723056944
