1 203.792413017 41.0267223611
2 203.795038019 41.0266668056
3 203.797746348 41.0267779167
4 203.800371348 41.0267779167
5 203.802954682 41.0267779167
6 203.805704685 41.0266945833
7 203.808371347 41.0268056944
8 203.810954685 41.0266945833
9 203.813579681 41.0268056944
10 203.816288015 41.0267779167
11 203.818913013 41.0268334722
12 203.821538013 41.0268334722
13 203.824121347 41.0268056944
14 203.826788015 41.0267779167
15 203.791204751 41.0249445833
16 203.79370475 41.0249723611
17 203.796371415 41.0250279167
18 203.798996414 41.0250556944
19 203.801663083 41.0250001389
20 203.804371417 41.0249723611
21 203.806996418 41.0249445833
22 203.809621417 41.0249723611
23 203.812246414 41.0250556944
24 203.814829747 41.0250556944
25 203.817538083 41.0250001389
26 203.820204748 41.0250279167
27 203.822871414 41.0250556944
28 203.825579748 41.0250279167
29 203.828121415 41.0250279167
30 203.792454815 41.0232779167
31 203.795038147 41.0233056944
32 203.79766315 41.0232223611
33 203.800329814 41.0233056944
34 203.802996484 41.0232223611
35 203.805663149 41.0232501389
36 203.808288145 41.02336125
37 203.810954813 41.0233334722
38 203.813579816 41.0232501389
39 203.816288145 41.02336125
40 203.818954814 41.0233056944
41 203.821496482 41.0232779167
42 203.82424648 41.0233056944
43 203.826871478 41.02336125
44 203.791079881 41.0215279167
45 203.793746547 41.0215556944
46 203.796371548 41.0215279167
47 203.79907988 41.0215556944
48 203.80170488 41.0215556944
49 203.804288214 41.0215556944
50 203.806996548 41.0215279167
51 203.809704879 41.0215834722
52 203.81232988 41.0215556944
53 203.814996547 41.0215556944
54 203.817621546 41.0215834722
55 203.820204879 41.0215834722
56 203.822871547 41.0215556944
57 203.825496545 41.02161125
58 203.828204881 41.0215279167
59 203.792413278 41.01986125
60 203.795079945 41.01986125
61 203.797788277 41.0198890278
62 203.800413279 41.0198334722
63 203.802954944 41.0198890278
64 203.805663279 41.0198334722
65 203.808329946 41.0198334722
66 203.810954944 41.0198890278
67 203.813579943 41.0199168056
68 203.81624661 41.0198890278
69 203.81899661 41.0198890278
70 203.82162161 41.0198890278
71 203.82424661 41.0198890278
72 203.826913278 41.01986125
73 203.791121677 41.0181390278
74 203.793705011 41.01811125
75 203.796371678 41.01811125
76 203.799080011 41.01811125
77 203.801746678 41.01811125
78 203.804371678 41.01811125
79 203.807038342 41.0181668056
80 203.809621676 41.0181668056
81 203.812288342 41.0181668056
82 203.814996677 41.0181390278
83 203.817621677 41.0181390278
84 203.820288346 41.0180834722
85 203.822871677 41.0181390278
86 203.825538344 41.0181390278
87 203.828163342 41.0181668056
88 203.792413411 41.01636125
89 203.795080079 41.0163334722
90 203.797746742 41.0164168056
91 203.800330078 41.01636125
92 203.80303841 41.0163890278
93 203.805746742 41.0164168056
94 203.808288409 41.0164168056
95 203.810913411 41.01636125
96 203.813663408 41.0164445833
97 203.816330078 41.01636125
98 203.818913408 41.0164445833
99 203.821580074 41.0164723611
100 203.824246742 41.0164168056
101 203.826788407 41.0164723611
102 203.791163477 41.0146390278
103 203.793788478 41.01461125
104 203.796455143 41.0146390278
105 203.799080141 41.0146945833
106 203.801746807 41.0147223611
107 203.804371809 41.0146668056
108 203.807038475 41.0146668056
109 203.809621808 41.0146945833
110 203.812371809 41.0146668056
111 203.814913473 41.0147223611
112 203.817538472 41.0147501389
113 203.820288474 41.0146945833
114 203.822830142 41.0146668056
115 203.825621809 41.0146668056
116 203.828205142 41.0146668056
117 203.792413541 41.0129445833
118 203.795080209 41.0129168056
119 203.797788542 41.0129168056
120 203.800371875 41.0129168056
121 203.80303854 41.0129723611
122 203.805705203 41.0130556944
123 203.808288539 41.0130001389
124 203.810913541 41.0129445833
125 203.813663539 41.0130001389
126 203.816330204 41.0130279167
127 203.818871872 41.0130001389
128 203.821580205 41.0130001389
129 203.824246872 41.0130001389
130 203.826830205 41.0130001389
131 203.791163605 41.0112501389
132 203.793788605 41.0112501389
133 203.796496938 41.0112779167
134 203.799121941 41.0111945833
135 203.80174694 41.0112223611
136 203.804371938 41.0112779167
137 203.807038606 41.0112223611
138 203.809663605 41.0112501389
139 203.81237194 41.0112223611
140 203.814996938 41.0112779167
141 203.817663604 41.0112779167
142 203.820246938 41.0112779167
143 203.822913605 41.0112501389
144 203.825621938 41.0112779167
145 203.828205271 41.0112779167
146 203.792497008 41.0094168056
147 203.795080341 41.0094445833
148 203.797705338 41.0095001389
149 203.800330338 41.0095001389
150 203.803080338 41.0095001389
151 203.805663671 41.0095279167
152 203.808330339 41.0094723611
153 203.81103867 41.0095556944
154 203.813663671 41.0095279167
155 203.816247006 41.0094723611
156 203.818913672 41.0095001389
157 203.821538669 41.0095834722
158 203.824122003 41.0095556944
159 203.826872004 41.0095279167
160 203.791122069 41.0078056944
161 203.793788738 41.0077501389
162 203.796497072 41.0077501389
163 203.799122071 41.0077779167
164 203.801788738 41.0077501389
165 203.804413737 41.0077779167
166 203.807080404 41.0077779167
167 203.809705402 41.0078334722
168 203.812330402 41.0078334722
169 203.815080401 41.00786125
170 203.817580403 41.0078056944
171 203.820288735 41.0078334722
172 203.822913734 41.00786125
173 203.825622073 41.0077223611
174 203.828247071 41.0077779167
175 203.792455468 41.0060834722
176 203.795080468 41.0060834722
177 203.797788802 41.0060834722
178 203.800413804 41.0060279167
179 203.803080468 41.0060834722
180 203.805747133 41.0061390278
181 203.808372134 41.00611125
182 203.811080467 41.00611125
183 203.813663803 41.0060556944
184 203.816288799 41.0061390278
185 203.818955468 41.0060834722
186 203.821580466 41.0061390278
187 203.824247133 41.0061390278
188 203.826830467 41.00611125
189 203.791247203 41.0042779167
190 203.793830536 41.0043056944
191 203.796455535 41.0043334722
192 203.799122201 41.0043334722
193 203.801788867 41.00436125
194 203.8043722 41.00436125
195 203.807038868 41.0043334722
196 203.809705533 41.0043890278
197 203.812330534 41.00436125
198 203.8149972 41.00436125
199 203.817663864 41.0044445833
200 203.820288867 41.00436125
201 203.822997199 41.0043890278
202 203.8254972 41.00436125
203 203.828247197 41.0044445833
204 203.7924556 41.00261125
205 203.795080601 41.0025834722
206 203.797747267 41.00261125
207 203.800413933 41.00261125
208 203.803038932 41.0026390278
209 203.805747266 41.0026390278
210 203.808247268 41.0025834722
211 203.811038936 41.0025556944
212 203.8135806 41.00261125
213 203.816330599 41.0026390278
214 203.818830598 41.0026668056
215 203.821580599 41.0026390278
216 203.824288932 41.0026390278
217 203.826913932 41.0026390278
218 203.791164 41.00086125
219 203.793830667 41.00086125
220 203.796539 41.00086125
221 203.799038999 41.0008890278
222 203.801747332 41.0008890278
223 203.804372332 41.0008890278
224 203.806997333 41.00086125
225 203.809705664 41.0009168056
226 203.812288999 41.0008890278
227 203.815039 41.00086125
228 203.817622331 41.0009168056
229 203.820288996 41.0009723611
230 203.822913996 41.0009723611
231 203.825580664 41.0009168056
232 203.828163998 41.0009168056
233 203.792414064 40.9991668056
234 203.795080731 40.9991668056
235 203.797789061 40.9992501389
236 203.800455732 40.9991390278
237 203.803122395 40.9992223611
238 203.805705732 40.9991390278
239 203.808289063 40.9991945833
240 203.81095573 40.9991945833
241 203.813664065 40.9991390278
242 203.81633073 40.9991945833
243 203.819039063 40.9991945833
244 203.821622395 40.9992223611
245 203.824205728 40.9992501389
246 203.826914061 40.9992501389
