1 203.828039083 40.9986668056
2 203.830705752 40.99861125
3 203.833372415 40.9986945833
4 203.835997415 40.9986945833
5 203.838580749 40.9986945833
6 203.841330751 40.9986390278
7 203.843997414 40.9987223611
8 203.846580751 40.9986390278
9 203.849205747 40.9987501389
10 203.851914082 40.9986945833
11 203.854497413 40.9987501389
12 203.85716408 40.9987501389
13 203.859747414 40.9987223611
14 203.862414082 40.9986945833
15 203.826830817 40.9968890278
16 203.829330816 40.9969168056
17 203.831997482 40.9969445833
18 203.83462248 40.9970001389
19 203.837289149 40.9969445833
20 203.839997483 40.9969168056
21 203.842622484 40.9968890278
22 203.845247484 40.9968890278
23 203.847872481 40.9969723611
24 203.850455814 40.9969723611
25 203.85316415 40.9969168056
26 203.855830814 40.9969723611
27 203.858497481 40.9969723611
28 203.861205815 40.9969445833
29 203.863747482 40.9969445833
30 203.828080881 40.9952223611
31 203.830664214 40.9952223611
32 203.833289217 40.9951390278
33 203.835955881 40.9952223611
34 203.838622549 40.9951668056
35 203.841289216 40.9951668056
36 203.843914212 40.9952779167
37 203.84658088 40.9952501389
38 203.849205882 40.9951945833
39 203.851914212 40.9952779167
40 203.854539214 40.9952223611
41 203.857080882 40.9951945833
42 203.859830881 40.9952223611
43 203.862455879 40.9952779167
44 203.826705947 40.9934723611
45 203.829372614 40.9934723611
46 203.831997615 40.9934445833
47 203.834705947 40.9934723611
48 203.837330946 40.9935001389
49 203.839914279 40.9935001389
50 203.842622614 40.9934723611
51 203.845330946 40.9935001389
52 203.847955947 40.9934723611
53 203.850622614 40.9934723611
54 203.853247613 40.9935001389
55 203.855830946 40.9935001389
56 203.858455947 40.9934723611
57 203.861122612 40.9935279167
58 203.863830947 40.9934723611
59 203.828039345 40.9917779167
60 203.830706011 40.9917779167
61 203.833414344 40.9918056944
62 203.836039346 40.9917501389
63 203.83858101 40.9918056944
64 203.841289346 40.9917501389
65 203.843956011 40.9917779167
66 203.84658101 40.9918056944
67 203.849206009 40.9918334722
68 203.851872677 40.9918056944
69 203.854622676 40.9918334722
70 203.857247677 40.9918056944
71 203.859872677 40.9918056944
72 203.862539344 40.9918056944
73 203.826747743 40.9900556944
74 203.829331078 40.9900279167
75 203.831997743 40.9900556944
76 203.834706077 40.9900556944
77 203.837372743 40.9900556944
78 203.839997744 40.9900279167
79 203.842664408 40.99011125
80 203.845247741 40.99011125
81 203.847914409 40.9900834722
82 203.850622743 40.9900556944
83 203.853247742 40.9900834722
84 203.855914412 40.9900001389
85 203.858497743 40.9900556944
86 203.861122742 40.9900834722
87 203.863789408 40.99011125
88 203.828039478 40.9882779167
89 203.830706144 40.9882779167
90 203.833372808 40.98836125
91 203.83599781 40.9883056944
92 203.838664476 40.9883056944
93 203.841372809 40.9883334722
94 203.843914475 40.9883334722
95 203.846539476 40.9883056944
96 203.849289474 40.98836125
97 203.851914476 40.9883056944
98 203.854497808 40.98836125
99 203.85720614 40.9883890278
100 203.859872809 40.9883334722
101 203.862414472 40.9884168056
102 203.826789543 40.9865556944
103 203.829414544 40.9865279167
104 203.832081208 40.9865834722
105 203.834706206 40.9866390278
106 203.837372873 40.9866390278
107 203.839997875 40.9865834722
108 203.842664542 40.9865834722
109 203.845247873 40.9866390278
110 203.847997875 40.9865834722
111 203.85053954 40.9866390278
112 203.853164539 40.9866668056
113 203.855914541 40.98661125
114 203.858456208 40.9865834722
115 203.861247874 40.98661125
116 203.863831208 40.9865834722
117 203.828081273 40.9848890278
118 203.830706274 40.98486125
119 203.833414607 40.98486125
120 203.835997942 40.9848334722
121 203.838664606 40.9848890278
122 203.84133127 40.9849723611
123 203.843914604 40.9849445833
124 203.846539606 40.9848890278
125 203.849289605 40.9849168056
126 203.851914604 40.9849445833
127 203.854497938 40.9849168056
128 203.857206271 40.9849445833
129 203.859831271 40.9849445833
130 203.862456272 40.9849168056
131 203.826789671 40.9831668056
132 203.829414671 40.9831668056
133 203.832123003 40.9832223611
134 203.834748006 40.9831390278
135 203.837373006 40.9831390278
136 203.839998004 40.9831945833
137 203.842664673 40.9831390278
138 203.845289671 40.9831668056
139 203.847998005 40.9831668056
140 203.850623004 40.9831945833
141 203.853289669 40.9832223611
142 203.855873004 40.9831945833
143 203.85853967 40.9831945833
144 203.861248004 40.9831945833
145 203.863831336 40.9832223611
146 203.828123073 40.98136125
147 203.830706406 40.9813890278
148 203.833331405 40.9814168056
149 203.835956405 40.9814168056
150 203.838706403 40.9814445833
151 203.841289736 40.9814723611
152 203.843956405 40.9814168056
153 203.846664735 40.9815001389
154 203.849289736 40.9814723611
155 203.851873071 40.9814168056
156 203.854539737 40.9814445833
157 203.857164735 40.9815001389
158 203.859748069 40.9814723611
159 203.86249807 40.9814445833
160 203.826748135 40.9797223611
161 203.829414803 40.9796945833
162 203.832123137 40.9796945833
163 203.834748137 40.9796945833
164 203.837414803 40.9796945833
165 203.840039803 40.9796945833
166 203.84270647 40.9796945833
167 203.845331468 40.9797501389
168 203.847956468 40.9797501389
169 203.850706467 40.9797779167
170 203.853206469 40.9797223611
171 203.855914801 40.9797501389
172 203.8585398 40.9797779167
173 203.861206471 40.9796668056
174 203.863873137 40.9796945833
175 203.828081533 40.9780279167
176 203.830706533 40.9780279167
177 203.833414866 40.9780279167
178 203.83603987 40.9779445833
179 203.838706534 40.9780001389
180 203.841373198 40.9780834722
181 203.8439982 40.9780279167
182 203.846706532 40.9780556944
183 203.849289867 40.9780001389
184 203.851914865 40.9780556944
185 203.854581534 40.9780001389
186 203.857206532 40.9780556944
187 203.859873198 40.9780834722
188 203.862456532 40.9780556944
189 203.826873269 40.9761945833
190 203.829456602 40.9762223611
191 203.832081599 40.9762779167
192 203.834748267 40.9762501389
193 203.837414932 40.9763056944
194 203.839998265 40.9763056944
195 203.842664934 40.9762501389
196 203.845331598 40.9763056944
197 203.847956599 40.9762779167
198 203.850623266 40.9762779167
199 203.85328993 40.97636125
200 203.855914933 40.9762779167
201 203.858581598 40.9763056944
202 203.861123265 40.9763056944
203 203.863873262 40.9763890278
204 203.828081666 40.9745279167
205 203.830706667 40.9745001389
206 203.833373332 40.9745279167
207 203.836039998 40.9745556944
208 203.838664998 40.9745556944
209 203.84137333 40.9745834722
210 203.843873334 40.9745001389
211 203.846665 40.9745001389
212 203.849206666 40.9745279167
213 203.851956665 40.9745556944
214 203.854456663 40.97461125
215 203.857206664 40.9745834722
216 203.859914997 40.9745834722
217 203.862539998 40.9745556944
218 203.826790065 40.9727779167
219 203.829456732 40.9727779167
220 203.832165064 40.9728056944
221 203.834665064 40.9728056944
222 203.837373397 40.9728334722
223 203.839998398 40.9728056944
224 203.842623399 40.9727779167
225 203.84533173 40.9728334722
226 203.847915063 40.9728334722
227 203.850665064 40.9728056944
228 203.85320673 40.9728334722
229 203.855915061 40.9728890278
230 203.858540061 40.9728890278
231 203.86120673 40.9728334722
232 203.863790063 40.9728334722
233 203.82804013 40.9710834722
234 203.830706796 40.9710834722
235 203.833415127 40.9711668056
236 203.836081797 40.9710556944
237 203.83874846 40.9711668056
238 203.841331796 40.9710834722
239 203.843915129 40.97111125
240 203.846581795 40.97111125
241 203.84929013 40.9710834722
242 203.851956795 40.97111125
243 203.854665128 40.9711390278
244 203.857206794 40.9711390278
245 203.859831793 40.9711668056
246 203.862540126 40.9711945833
