1 210.256608864 2.87830569444
2 210.258608864 2.87822236111
3 210.26065053 2.87833347222
4 210.262608863 2.87833347222
5 210.264567197 2.87833347222
6 210.26665053 2.87827791667
7 210.268692197 2.87836125
8 210.270608864 2.87825013889
9 210.272608863 2.87836125
10 210.27465053 2.87833347222
11 210.276608863 2.87838902778
12 210.278608863 2.87838902778
13 210.280567197 2.87836125
14 210.282608863 2.87833347222
15 210.2556922 2.87650013889
16 210.257608866 2.87655569444
17 210.259608866 2.87658347222
18 210.2615672 2.87663902778
19 210.263608866 2.87655569444
20 210.265650533 2.87655569444
21 210.267650533 2.87650013889
22 210.269608866 2.87652791667
23 210.271608866 2.87661125
24 210.273525533 2.87661125
25 210.275608866 2.87655569444
26 210.277608866 2.87661125
27 210.279608866 2.87661125
28 210.281650533 2.87658347222
29 210.283608866 2.87658347222
30 210.256650536 2.87483347222
31 210.258567203 2.87486125
32 210.260608869 2.87477791667
33 210.262608869 2.87486125
34 210.264608869 2.87477791667
35 210.266650536 2.87480569444
36 210.268608869 2.87491680556
37 210.270650536 2.87488902778
38 210.272608869 2.87480569444
39 210.274650536 2.87491680556
40 210.276650536 2.87486125
41 210.278567203 2.87483347222
42 210.280650536 2.87486125
43 210.282650536 2.87491680556
44 210.255608872 2.87308347222
45 210.257608872 2.87311125
46 210.259608872 2.87308347222
47 210.261650539 2.87311125
48 210.263650539 2.87313902778
49 210.265608872 2.87313902778
50 210.267650539 2.87308347222
51 210.269650539 2.87313902778
52 210.271650539 2.87311125
53 210.273692205 2.87311125
54 210.275650539 2.87313902778
55 210.277608872 2.87313902778
56 210.279608872 2.87311125
57 210.281608872 2.87316680556
58 210.283650539 2.87311125
59 210.256608875 2.87141680556
60 210.258650542 2.87141680556
61 210.260692208 2.87144458333
62 210.262650542 2.87138902778
63 210.264567208 2.87144458333
64 210.266608875 2.87138902778
65 210.268608875 2.87138902778
66 210.270650542 2.87144458333
67 210.272608875 2.87147236111
68 210.274608875 2.87144458333
69 210.276692208 2.87147236111
70 210.278692208 2.87144458333
71 210.280650542 2.87144458333
72 210.282692208 2.87144458333
73 210.255650544 2.86969458333
74 210.257608878 2.86966680556
75 210.259608878 2.86966680556
76 210.261650545 2.86966680556
77 210.263692211 2.86969458333
78 210.265650545 2.86966680556
79 210.267650544 2.86972236111
80 210.269608878 2.86972236111
81 210.271650544 2.86972236111
82 210.273692211 2.86969458333
83 210.275650544 2.86972236111
84 210.277692211 2.86963902778
85 210.279608878 2.86969458333
86 210.281608878 2.86972236111
87 210.283650544 2.86975013889
88 210.256608881 2.86791680556
89 210.258608881 2.86791680556
90 210.260650547 2.86800013889
91 210.262608881 2.86791680556
92 210.264608881 2.86794458333
93 210.266692214 2.86797236111
94 210.268608881 2.86797236111
95 210.270608881 2.86791680556
96 210.272692214 2.86800013889
97 210.274650547 2.86791680556
98 210.276608881 2.86800013889
99 210.278650547 2.86802791667
100 210.280692214 2.86797236111
101 210.282567214 2.86802791667
102 210.255692217 2.86619458333
103 210.25765055 2.86616680556
104 210.25965055 2.86622236111
105 210.26165055 2.86627791667
106 210.26365055 2.86627791667
107 210.26565055 2.86622236111
108 210.26765055 2.86622236111
109 210.269608883 2.86627791667
110 210.271692217 2.86622236111
111 210.273608883 2.86627791667
112 210.275608883 2.86630569444
113 210.277692217 2.86625013889
114 210.279608884 2.86622236111
115 210.281692217 2.86622236111
116 210.28365055 2.86622236111
117 210.256608886 2.86450013889
118 210.258650553 2.86450013889
119 210.260650553 2.86450013889
120 210.262608886 2.86447236111
121 210.264650553 2.86452791667
122 210.266650553 2.86461125
123 210.268608886 2.86458347222
124 210.270608886 2.86452791667
125 210.272650553 2.86455569444
126 210.274650553 2.86458347222
127 210.276608886 2.86455569444
128 210.278650553 2.86458347222
129 210.280650553 2.86455569444
130 210.282608886 2.86455569444
131 210.255650556 2.86280569444
132 210.257650556 2.86280569444
133 210.259692222 2.86283347222
134 210.261692223 2.86277791667
135 210.263692223 2.86277791667
136 210.265650556 2.86283347222
137 210.267650556 2.86277791667
138 210.269650556 2.86280569444
139 210.271692223 2.86280569444
140 210.273692222 2.86283347222
141 210.275692222 2.86283347222
142 210.277650556 2.86283347222
143 210.279650556 2.86283347222
144 210.281692222 2.86283347222
145 210.283650556 2.86286125
146 210.256650559 2.86097236111
147 210.258650559 2.86100013889
148 210.260608892 2.86105569444
149 210.262608892 2.86105569444
150 210.264692225 2.86105569444
151 210.266650559 2.86108347222
152 210.268650559 2.86102791667
153 210.270692225 2.86113902778
154 210.272650559 2.86111125
155 210.274650559 2.86102791667
156 210.276650559 2.86105569444
157 210.278608892 2.86113902778
158 210.280567225 2.86111125
159 210.282650559 2.86108347222
160 210.255608895 2.85936125
161 210.257650562 2.85930569444
162 210.259692228 2.85933347222
163 210.261650562 2.85933347222
164 210.263692228 2.85930569444
165 210.265692228 2.85933347222
166 210.267692228 2.85933347222
167 210.269692228 2.85938902778
168 210.271692228 2.85938902778
169 210.273733895 2.85941680556
170 210.275608895 2.85936125
171 210.277650561 2.85938902778
172 210.279650561 2.85941680556
173 210.281692228 2.85930569444
174 210.283692228 2.85933347222
175 210.256650564 2.85766680556
176 210.258608898 2.85766680556
177 210.260650564 2.85763902778
178 210.262650564 2.85758347222
179 210.264650564 2.85763902778
180 210.266692231 2.85769458333
181 210.268692231 2.85766680556
182 210.270692231 2.85769458333
183 210.272692231 2.85763902778
184 210.274650564 2.85769458333
185 210.276650564 2.85763902778
186 210.278650564 2.85769458333
187 210.280692231 2.85772236111
188 210.282608898 2.85769458333
189 210.255733901 2.85583347222
190 210.257692234 2.85586125
191 210.259692234 2.85588902778
192 210.261692234 2.85588902778
193 210.263692234 2.85591680556
194 210.265650567 2.85591680556
195 210.267692234 2.85588902778
196 210.269692234 2.85594458333
197 210.271650567 2.85591680556
198 210.273692234 2.85591680556
199 210.275692234 2.85600013889
200 210.277692234 2.85591680556
201 210.279692234 2.85594458333
202 210.281608901 2.85591680556
203 210.283692234 2.85600013889
204 210.25665057 2.85416680556
205 210.25865057 2.85413902778
206 210.26065057 2.85416680556
207 210.26265057 2.85416680556
208 210.26465057 2.85419458333
209 210.266692237 2.85419458333
210 210.268567237 2.85413902778
211 210.270692237 2.85411125
212 210.272608903 2.85416680556
213 210.274692237 2.85419458333
214 210.276567237 2.85422236111
215 210.27865057 2.85422236111
216 210.280692237 2.85419458333
217 210.282692237 2.85419458333
218 210.255650573 2.85241680556
219 210.25769224 2.85241680556
220 210.259733906 2.85241680556
221 210.261608906 2.85244458333
222 210.26369224 2.85244458333
223 210.265650573 2.85244458333
224 210.267650573 2.85241680556
225 210.26969224 2.85247236111
226 210.271650573 2.85247236111
227 210.27369224 2.85244458333
228 210.275650573 2.85247236111
229 210.277692239 2.85252791667
230 210.279692239 2.85252791667
231 210.28169224 2.85247236111
232 210.283650573 2.85247236111
233 210.256608909 2.85072236111
234 210.258608909 2.85072236111
235 210.260650576 2.85080569444
236 210.262692242 2.85069458333
237 210.264733909 2.85077791667
238 210.266650576 2.85069458333
239 210.268608909 2.85075013889
240 210.270608909 2.85075013889
241 210.272650576 2.85069458333
242 210.274692242 2.85075013889
243 210.276733909 2.85075013889
244 210.278650576 2.85077791667
245 210.280650576 2.85080569444
246 210.282692242 2.85083347222
