1 210.255817153 2.90469458333
2 210.257817153 2.90463902778
3 210.259858819 2.90472236111
4 210.261817153 2.90472236111
5 210.263775486 2.90472236111
6 210.26585882 2.90466680556
7 210.267858819 2.90475013889
8 210.269817153 2.90463902778
9 210.271817153 2.90475013889
10 210.273858819 2.90472236111
11 210.275817153 2.90477791667
12 210.277817153 2.90477791667
13 210.279775486 2.90475013889
14 210.281775486 2.90472236111
15 210.254900489 2.90288902778
16 210.256775489 2.90294458333
17 210.258817156 2.90297236111
18 210.260775489 2.90302791667
19 210.262817156 2.90297236111
20 210.264858822 2.90294458333
21 210.266858823 2.90291680556
22 210.268817156 2.90291680556
23 210.270817156 2.90300013889
24 210.272733822 2.90300013889
25 210.274817156 2.90294458333
26 210.276817156 2.90300013889
27 210.278817156 2.90300013889
28 210.280858822 2.90297236111
29 210.282775489 2.90297236111
30 210.255858825 2.90122236111
31 210.257775492 2.90125013889
32 210.259775492 2.90116680556
33 210.261775492 2.90125013889
34 210.263817159 2.90119458333
35 210.265817159 2.90119458333
36 210.267817159 2.90130569444
37 210.269817159 2.90127791667
38 210.271817159 2.90119458333
39 210.273858825 2.90130569444
40 210.275858825 2.90125013889
41 210.277775492 2.90122236111
42 210.279858825 2.90125013889
43 210.281817159 2.90130569444
44 210.254817162 2.89947236111
45 210.256817162 2.89950013889
46 210.258817162 2.89947236111
47 210.260858828 2.89950013889
48 210.262817162 2.89952791667
49 210.264775495 2.89952791667
50 210.266858828 2.89947236111
51 210.268858828 2.89952791667
52 210.270858828 2.89950013889
53 210.272900495 2.89950013889
54 210.274858828 2.89952791667
55 210.276817162 2.89952791667
56 210.278817162 2.89950013889
57 210.280817161 2.89955569444
58 210.282858828 2.89950013889
59 210.255817164 2.89780569444
60 210.257858831 2.89780569444
61 210.259858831 2.89783347222
62 210.261858831 2.89777791667
63 210.263775498 2.89783347222
64 210.265817164 2.89777791667
65 210.267817164 2.89780569444
66 210.269817164 2.89783347222
67 210.271817164 2.89786125
68 210.273817164 2.89783347222
69 210.275900498 2.89786125
70 210.277858831 2.89783347222
71 210.279858831 2.89783347222
72 210.281900498 2.89783347222
73 210.254817167 2.89608347222
74 210.256775501 2.89605569444
75 210.258817167 2.89605569444
76 210.260858834 2.89605569444
77 210.262858834 2.89608347222
78 210.264858834 2.89605569444
79 210.266858834 2.89611125
80 210.268817167 2.89611125
81 210.270858834 2.89611125
82 210.272900501 2.89608347222
83 210.274858834 2.89611125
84 210.276858834 2.89602791667
85 210.278817167 2.89608347222
86 210.280817167 2.89611125
87 210.282817167 2.89613902778
88 210.25581717 2.89430569444
89 210.25781717 2.89430569444
90 210.259858837 2.89438902778
91 210.26181717 2.89433347222
92 210.26381717 2.89433347222
93 210.265900503 2.89436125
94 210.26781717 2.89436125
95 210.26981717 2.89430569444
96 210.271858837 2.89438902778
97 210.273858837 2.89433347222
98 210.27581717 2.89438902778
99 210.277858837 2.89441680556
100 210.279900503 2.89436125
101 210.281775503 2.89444458333
102 210.254900506 2.89258347222
103 210.25685884 2.89255569444
104 210.25885884 2.89261125
105 210.26085884 2.89266680556
106 210.26285884 2.89266680556
107 210.26485884 2.89261125
108 210.26685884 2.89261125
109 210.268817173 2.89266680556
110 210.270900506 2.89261125
111 210.272817173 2.89266680556
112 210.274817173 2.89269458333
113 210.276900506 2.89263902778
114 210.278817173 2.89261125
115 210.280900506 2.89263902778
116 210.28285884 2.89261125
117 210.255817176 2.89091680556
118 210.257858843 2.89088902778
119 210.259858843 2.89088902778
120 210.261817176 2.89086125
121 210.263858843 2.89091680556
122 210.265858842 2.89100013889
123 210.267775509 2.89097236111
124 210.269817176 2.89091680556
125 210.271858843 2.89094458333
126 210.273858842 2.89097236111
127 210.275817176 2.89094458333
128 210.277858842 2.89097236111
129 210.279858843 2.89094458333
130 210.281817176 2.89094458333
131 210.254858845 2.88919458333
132 210.256858845 2.88919458333
133 210.258900512 2.88925013889
134 210.260900512 2.88916680556
135 210.262900512 2.88916680556
136 210.264858845 2.88922236111
137 210.266858845 2.88916680556
138 210.268858845 2.88919458333
139 210.270900512 2.88919458333
140 210.272900512 2.88922236111
141 210.274900512 2.88925013889
142 210.276858845 2.88922236111
143 210.278858845 2.88922236111
144 210.280900512 2.88922236111
145 210.282858845 2.88925013889
146 210.255858848 2.88736125
147 210.257817182 2.88741680556
148 210.259817182 2.88744458333
149 210.261817182 2.88744458333
150 210.263858848 2.88747236111
151 210.265858848 2.88747236111
152 210.267858848 2.88741680556
153 210.269900515 2.88752791667
154 210.271858848 2.88750013889
155 210.273817182 2.88741680556
156 210.275858848 2.88744458333
157 210.277817182 2.88752791667
158 210.279775515 2.88750013889
159 210.281858848 2.88747236111
160 210.254817184 2.88575013889
161 210.256858851 2.88569458333
162 210.258900518 2.88572236111
163 210.260858851 2.88572236111
164 210.262900518 2.88572236111
165 210.264900518 2.88572236111
166 210.266900518 2.88572236111
167 210.268900518 2.88577791667
168 210.270858851 2.88577791667
169 210.272942184 2.88580569444
170 210.274817184 2.88575013889
171 210.276858851 2.88577791667
172 210.278858851 2.88580569444
173 210.280900518 2.88569458333
174 210.282900518 2.88572236111
175 210.255858854 2.88405569444
176 210.257817187 2.88405569444
177 210.259858854 2.88405569444
178 210.261858854 2.88397236111
179 210.263858854 2.88402791667
180 210.265900521 2.88408347222
181 210.267900521 2.88405569444
182 210.269900521 2.88408347222
183 210.271858854 2.88402791667
184 210.273858854 2.88408347222
185 210.275858854 2.88402791667
186 210.277858854 2.88408347222
187 210.279900521 2.88411125
188 210.281817187 2.88408347222
189 210.25494219 2.88222236111
190 210.256900524 2.88225013889
191 210.258858857 2.88230569444
192 210.260858857 2.88227791667
193 210.262900524 2.88230569444
194 210.264858857 2.88230569444
195 210.266858857 2.88227791667
196 210.268858857 2.88233347222
197 210.270858857 2.88230569444
198 210.272900524 2.88230569444
199 210.274900523 2.88238902778
200 210.276858857 2.88230569444
201 210.278900524 2.88233347222
202 210.28081719 2.88230569444
203 210.282900523 2.88241680556
204 210.255817193 2.88055569444
205 210.257817193 2.88052791667
206 210.25985886 2.88055569444
207 210.26185886 2.88055569444
208 210.263817193 2.88058347222
209 210.265900526 2.88058347222
210 210.267775527 2.88052791667
211 210.269900527 2.88050013889
212 210.271817193 2.88055569444
213 210.273900526 2.88058347222
214 210.275775526 2.88061125
215 210.27785886 2.88061125
216 210.279900526 2.88061125
217 210.28185886 2.88058347222
218 210.254858863 2.87880569444
219 210.256900529 2.87880569444
220 210.258942196 2.87880569444
221 210.260817196 2.87883347222
222 210.262858863 2.87883347222
223 210.264858863 2.87883347222
224 210.266858863 2.87880569444
225 210.268900529 2.87886125
226 210.270858863 2.87886125
227 210.272900529 2.87883347222
228 210.274858863 2.87886125
229 210.276900529 2.87891680556
230 210.278858863 2.87891680556
231 210.280900529 2.87886125
232 210.282817196 2.87886125
233 210.255817199 2.87711125
234 210.257817199 2.87711125
235 210.259858865 2.87719458333
236 210.261900532 2.87708347222
237 210.263900532 2.87719458333
238 210.265858866 2.87708347222
239 210.267817199 2.87713902778
240 210.269817199 2.87713902778
241 210.271858866 2.87711125
242 210.273900532 2.87713902778
243 210.275900532 2.87716680556
244 210.277858865 2.87716680556
245 210.279858865 2.87719458333
246 210.281858865 2.87722236111
