1 210.255608864 2.87772236111
2 210.257608865 2.87766680556
3 210.259650531 2.87777791667
4 210.261608864 2.87777791667
5 210.263567198 2.87777791667
6 210.265650531 2.87769458333
7 210.267650531 2.87780569444
8 210.269608865 2.87769458333
9 210.271608864 2.87780569444
10 210.273650531 2.87777791667
11 210.275608864 2.87783347222
12 210.277608864 2.87783347222
13 210.279567198 2.87780569444
14 210.281567198 2.87777791667
15 210.254692201 2.87594458333
16 210.256567201 2.87597236111
17 210.258608867 2.87602791667
18 210.260567201 2.87608347222
19 210.262567201 2.87600013889
20 210.264650534 2.87597236111
21 210.266608867 2.87594458333
22 210.268608867 2.87597236111
23 210.270608867 2.87605569444
24 210.272525534 2.87605569444
25 210.274608867 2.87600013889
26 210.276608867 2.87605569444
27 210.278608867 2.87605569444
28 210.280650534 2.87602791667
29 210.282567201 2.87602791667
30 210.25560887 2.87427791667
31 210.257567203 2.87430569444
32 210.259567204 2.87422236111
33 210.261567203 2.87430569444
34 210.26360887 2.87422236111
35 210.26560887 2.87425013889
36 210.26760887 2.87436125
37 210.26960887 2.87433347222
38 210.27160887 2.87425013889
39 210.273650537 2.87436125
40 210.275650537 2.87430569444
41 210.277567204 2.87427791667
42 210.279650537 2.87430569444
43 210.28160887 2.87436125
44 210.254608873 2.87252791667
45 210.256608873 2.87255569444
46 210.258608873 2.87252791667
47 210.26065054 2.87255569444
48 210.262608873 2.87255569444
49 210.264567206 2.87255569444
50 210.26665054 2.87252791667
51 210.26865054 2.87258347222
52 210.27065054 2.87255569444
53 210.272692206 2.87255569444
54 210.27465054 2.87258347222
55 210.276608873 2.87258347222
56 210.278608873 2.87255569444
57 210.280608873 2.87261125
58 210.28265054 2.87255569444
59 210.255608876 2.87086125
60 210.257650543 2.87086125
61 210.259650542 2.87088902778
62 210.261650543 2.87083347222
63 210.263567209 2.87088902778
64 210.265608876 2.87083347222
65 210.267608876 2.87083347222
66 210.269608876 2.87088902778
67 210.271608876 2.87091680556
68 210.273608876 2.87088902778
69 210.275692209 2.87088902778
70 210.277650542 2.87088902778
71 210.279650542 2.87088902778
72 210.281692209 2.87086125
73 210.254608879 2.86913902778
74 210.256567212 2.86911125
75 210.258608879 2.86911125
76 210.260650545 2.86911125
77 210.262650545 2.86911125
78 210.264650545 2.86911125
79 210.266650545 2.86916680556
80 210.268608879 2.86916680556
81 210.270650545 2.86916680556
82 210.272650545 2.86913902778
83 210.274650545 2.86913902778
84 210.276650545 2.86908347222
85 210.278608879 2.86913902778
86 210.280608879 2.86913902778
87 210.282608879 2.86916680556
88 210.255608882 2.86736125
89 210.257608882 2.86736125
90 210.259608882 2.86741680556
91 210.261608882 2.86736125
92 210.263608882 2.86738902778
93 210.265692215 2.86741680556
94 210.267608882 2.86741680556
95 210.269608882 2.86736125
96 210.271650548 2.86744458333
97 210.273650548 2.86736125
98 210.275608882 2.86744458333
99 210.277650548 2.86747236111
100 210.279650548 2.86741680556
101 210.281567215 2.86747236111
102 210.254692218 2.86563902778
103 210.256650551 2.86561125
104 210.258650551 2.86566680556
105 210.260650551 2.86572236111
106 210.262650551 2.86572236111
107 210.264650551 2.86566680556
108 210.266650551 2.86566680556
109 210.268608884 2.86569458333
110 210.270692218 2.86566680556
111 210.272608884 2.86572236111
112 210.274608884 2.86575013889
113 210.276650551 2.86569458333
114 210.278608884 2.86566680556
115 210.280692218 2.86566680556
116 210.282650551 2.86566680556
117 210.255608887 2.86394458333
118 210.257650554 2.86391680556
119 210.259650554 2.86394458333
120 210.261608887 2.86391680556
121 210.263650554 2.86397236111
122 210.265650554 2.86405569444
123 210.267567221 2.86400013889
124 210.269608887 2.86397236111
125 210.271650554 2.86400013889
126 210.273650554 2.86402791667
127 210.275608887 2.86400013889
128 210.277650554 2.86402791667
129 210.279650554 2.86400013889
130 210.281608887 2.86400013889
131 210.254650557 2.86225013889
132 210.256650557 2.86225013889
133 210.258692223 2.86227791667
134 210.260692223 2.86222236111
135 210.262650557 2.86222236111
136 210.264650557 2.86227791667
137 210.266650557 2.86222236111
138 210.268650557 2.86225013889
139 210.270692223 2.86222236111
140 210.272692223 2.86227791667
141 210.274692223 2.86227791667
142 210.276650557 2.86227791667
143 210.278650557 2.86225013889
144 210.280692223 2.86227791667
145 210.282650557 2.86227791667
146 210.25565056 2.86041680556
147 210.257608893 2.86044458333
148 210.259608893 2.86050013889
149 210.261608893 2.86050013889
150 210.26365056 2.86050013889
151 210.265608893 2.86052791667
152 210.26765056 2.86047236111
153 210.269692226 2.86055569444
154 210.27165056 2.86052791667
155 210.273608893 2.86047236111
156 210.27565056 2.86050013889
157 210.277608893 2.86058347222
158 210.279567226 2.86055569444
159 210.28165056 2.86052791667
160 210.254608896 2.85880569444
161 210.256650563 2.85875013889
162 210.258692229 2.85877791667
163 210.260650562 2.85877791667
164 210.262692229 2.85875013889
165 210.264650562 2.85877791667
166 210.266692229 2.85877791667
167 210.268692229 2.85883347222
168 210.270650562 2.85883347222
169 210.272733896 2.85886125
170 210.274608896 2.85880569444
171 210.276650562 2.85883347222
172 210.278650562 2.85886125
173 210.280692229 2.85872236111
174 210.282692229 2.85877791667
175 210.255650565 2.85711125
176 210.257608899 2.85708347222
177 210.259650565 2.85708347222
178 210.261650565 2.85702791667
179 210.263650565 2.85708347222
180 210.265650565 2.85713902778
181 210.267692232 2.85711125
182 210.269692232 2.85711125
183 210.271650565 2.85705569444
184 210.273650565 2.85713902778
185 210.275650565 2.85708347222
186 210.277650565 2.85713902778
187 210.279650565 2.85716680556
188 210.281608899 2.85711125
189 210.254733902 2.85527791667
190 210.256692235 2.85530569444
191 210.258650568 2.85533347222
192 210.260650568 2.85533347222
193 210.262692235 2.85536125
194 210.264650568 2.85536125
195 210.266650568 2.85533347222
196 210.268650568 2.85538902778
197 210.270650568 2.85536125
198 210.272692235 2.85536125
199 210.274692235 2.85544458333
200 210.276650568 2.85536125
201 210.278692235 2.85538902778
202 210.280608901 2.85536125
203 210.282692235 2.85544458333
204 210.255608904 2.85361125
205 210.257608904 2.85358347222
206 210.259650571 2.85361125
207 210.261650571 2.85361125
208 210.263608904 2.85363902778
209 210.265692238 2.85363902778
210 210.267567238 2.85358347222
211 210.269692238 2.85355569444
212 210.271608904 2.85361125
213 210.273692238 2.85363902778
214 210.275567238 2.85366680556
215 210.277650571 2.85363902778
216 210.279692238 2.85363902778
217 210.281650571 2.85363902778
218 210.254650574 2.85186125
219 210.256692241 2.85186125
220 210.258733907 2.85186125
221 210.260608907 2.85188902778
222 210.262650574 2.85188902778
223 210.264650574 2.85188902778
224 210.266650574 2.85186125
225 210.26869224 2.85191680556
226 210.270650574 2.85188902778
227 210.272692241 2.85186125
228 210.274650574 2.85191680556
229 210.27669224 2.85197236111
230 210.278650574 2.85197236111
231 210.28069224 2.85191680556
232 210.282608907 2.85191680556
233 210.25560891 2.85016680556
234 210.25760891 2.85016680556
235 210.259650577 2.85025013889
236 210.261692243 2.85013902778
237 210.263692243 2.85022236111
238 210.265650577 2.85013902778
239 210.26760891 2.85019458333
240 210.26960891 2.85019458333
241 210.271650577 2.85013902778
242 210.273650577 2.85019458333
243 210.275692243 2.85019458333
244 210.277650577 2.85022236111
245 210.279650577 2.85025013889
246 210.281650577 2.85025013889
