1 210.256608865 2.87719458333
2 210.258608866 2.87711125
3 210.260650532 2.87722236111
4 210.262608865 2.87722236111
5 210.264567199 2.87722236111
6 210.266650532 2.87716680556
7 210.268692199 2.87725013889
8 210.270608865 2.87713902778
9 210.272608865 2.87725013889
10 210.274650532 2.87722236111
11 210.276608865 2.87727791667
12 210.278608865 2.87727791667
13 210.280567199 2.87725013889
14 210.282608865 2.87722236111
15 210.255692202 2.87538902778
16 210.257608868 2.87541680556
17 210.259608868 2.87547236111
18 210.261567201 2.87552791667
19 210.263608868 2.87544458333
20 210.265650535 2.87541680556
21 210.267650535 2.87538902778
22 210.269608868 2.87541680556
23 210.271608868 2.87550013889
24 210.273525535 2.87550013889
25 210.275608868 2.87544458333
26 210.277608868 2.87550013889
27 210.279608868 2.87550013889
28 210.281692202 2.87547236111
29 210.283608868 2.87547236111
30 210.256650538 2.87372236111
31 210.258608871 2.87375013889
32 210.260608871 2.87366680556
33 210.262608871 2.87375013889
34 210.264608871 2.87366680556
35 210.266650538 2.87369458333
36 210.268608871 2.87380569444
37 210.270650538 2.87377791667
38 210.272608871 2.87369458333
39 210.274650538 2.87380569444
40 210.276650538 2.87375013889
41 210.278567204 2.87372236111
42 210.280650538 2.87375013889
43 210.282650538 2.87380569444
44 210.255608874 2.87197236111
45 210.257650541 2.87200013889
46 210.259608874 2.87197236111
47 210.261650541 2.87200013889
48 210.263650541 2.87202791667
49 210.265608874 2.87200013889
50 210.267650541 2.87197236111
51 210.269650541 2.87202791667
52 210.271650541 2.87200013889
53 210.273692207 2.87200013889
54 210.275650541 2.87202791667
55 210.277608874 2.87202791667
56 210.279608874 2.87200013889
57 210.281608874 2.87205569444
58 210.283650541 2.87200013889
59 210.256608877 2.87030569444
60 210.258650543 2.87030569444
61 210.26069221 2.87033347222
62 210.262650544 2.87027791667
63 210.26456721 2.87033347222
64 210.266650544 2.87027791667
65 210.268608877 2.87027791667
66 210.270650543 2.87033347222
67 210.272608877 2.87036125
68 210.274608877 2.87033347222
69 210.27669221 2.87036125
70 210.27869221 2.87033347222
71 210.280650543 2.87033347222
72 210.28269221 2.87030569444
73 210.255650546 2.86858347222
74 210.25760888 2.86855569444
75 210.25960888 2.86855569444
76 210.261650546 2.86855569444
77 210.263692213 2.86858347222
78 210.265650546 2.86855569444
79 210.267650546 2.86861125
80 210.26960888 2.86861125
81 210.271650546 2.86861125
82 210.273692213 2.86858347222
83 210.275650546 2.86858347222
84 210.277692213 2.86852791667
85 210.279650546 2.86858347222
86 210.281650546 2.86858347222
87 210.283650546 2.86861125
88 210.256608883 2.86680569444
89 210.258608883 2.86680569444
90 210.260650549 2.86686125
91 210.262608883 2.86680569444
92 210.264608883 2.86683347222
93 210.266692216 2.86686125
94 210.268608882 2.86686125
95 210.270608883 2.86680569444
96 210.272692216 2.86688902778
97 210.274692216 2.86680569444
98 210.276608882 2.86688902778
99 210.278650549 2.86691680556
100 210.280692216 2.86686125
101 210.282567216 2.86691680556
102 210.255692219 2.86508347222
103 210.257650552 2.86505569444
104 210.259692219 2.86511125
105 210.261650552 2.86516680556
106 210.263650552 2.86516680556
107 210.265650552 2.86511125
108 210.267650552 2.86511125
109 210.269608885 2.86516680556
110 210.271692219 2.86511125
111 210.273608885 2.86516680556
112 210.275608885 2.86519458333
113 210.277692219 2.86513902778
114 210.279608885 2.86511125
115 210.281692219 2.86511125
116 210.283650552 2.86511125
117 210.256650555 2.86338902778
118 210.258650555 2.86336125
119 210.260650555 2.86338902778
120 210.262608888 2.86336125
121 210.264650555 2.86341680556
122 210.266650555 2.86350013889
123 210.268608888 2.86344458333
124 210.270608888 2.86341680556
125 210.272650555 2.86344458333
126 210.274650555 2.86347236111
127 210.276608888 2.86344458333
128 210.278650555 2.86347236111
129 210.280650555 2.86344458333
130 210.282608888 2.86344458333
131 210.255692224 2.86169458333
132 210.257650558 2.86169458333
133 210.259692224 2.86172236111
134 210.261692224 2.86166680556
135 210.263692224 2.86166680556
136 210.265650558 2.86172236111
137 210.267650558 2.86166680556
138 210.269650558 2.86169458333
139 210.271692224 2.86169458333
140 210.273692224 2.86172236111
141 210.275692224 2.86172236111
142 210.277650558 2.86172236111
143 210.279650558 2.86172236111
144 210.281692224 2.86172236111
145 210.283650558 2.86175013889
146 210.256692227 2.85986125
147 210.258650561 2.85988902778
148 210.260608894 2.85994458333
149 210.262608894 2.85994458333
150 210.264692227 2.85994458333
151 210.266650561 2.85997236111
152 210.268650561 2.85991680556
153 210.270692227 2.86000013889
154 210.27265056 2.86000013889
155 210.274650561 2.85991680556
156 210.276650561 2.85994458333
157 210.278608894 2.86002791667
158 210.280567227 2.86000013889
159 210.282650561 2.85997236111
160 210.255608897 2.85825013889
161 210.257650563 2.85819458333
162 210.25969223 2.85822236111
163 210.261650563 2.85822236111
164 210.26369223 2.85819458333
165 210.26569223 2.85822236111
166 210.26769223 2.85822236111
167 210.26969223 2.85827791667
168 210.27169223 2.85827791667
169 210.273733897 2.85830569444
170 210.275650563 2.85825013889
171 210.27769223 2.85827791667
172 210.279650563 2.85830569444
173 210.28169223 2.85816680556
174 210.28369223 2.85822236111
175 210.256650566 2.85655569444
176 210.2586089 2.85652791667
177 210.260650566 2.85652791667
178 210.262650566 2.85647236111
179 210.264650566 2.85652791667
180 210.266692233 2.85658347222
181 210.268692233 2.85655569444
182 210.270692233 2.85655569444
183 210.272692233 2.85652791667
184 210.274650566 2.85658347222
185 210.276650566 2.85652791667
186 210.278650566 2.85658347222
187 210.280692233 2.85661125
188 210.282608899 2.85655569444
189 210.255733903 2.85472236111
190 210.257692236 2.85475013889
191 210.259692236 2.85477791667
192 210.261692236 2.85477791667
193 210.263692236 2.85480569444
194 210.265650569 2.85480569444
195 210.267692236 2.85477791667
196 210.269692236 2.85483347222
197 210.271650569 2.85480569444
198 210.273692236 2.85480569444
199 210.275692236 2.85488902778
200 210.277692236 2.85480569444
201 210.279692236 2.85483347222
202 210.281608902 2.85480569444
203 210.283692236 2.85488902778
204 210.256650572 2.85305569444
205 210.258650572 2.85302791667
206 210.260650572 2.85305569444
207 210.262650572 2.85305569444
208 210.264650572 2.85308347222
209 210.266692239 2.85308347222
210 210.268567239 2.85302791667
211 210.270692239 2.85300013889
212 210.272608905 2.85305569444
213 210.274692239 2.85308347222
214 210.276567238 2.85311125
215 210.278650572 2.85308347222
216 210.280692239 2.85308347222
217 210.282692239 2.85308347222
218 210.255692241 2.85130569444
219 210.257692241 2.85130569444
220 210.259733908 2.85130569444
221 210.261608908 2.85133347222
222 210.263692241 2.85133347222
223 210.265650575 2.85133347222
224 210.267650575 2.85130569444
225 210.269692241 2.85136125
226 210.271650575 2.85133347222
227 210.273692241 2.85133347222
228 210.275650575 2.85136125
229 210.277692241 2.85141680556
230 210.279692241 2.85141680556
231 210.281692241 2.85136125
232 210.283650575 2.85136125
233 210.256608911 2.84961125
234 210.258608911 2.84961125
235 210.260650577 2.84969458333
236 210.262692244 2.84958347222
237 210.264733911 2.84966680556
238 210.266650578 2.84958347222
239 210.268608911 2.84963902778
240 210.270608911 2.84963902778
241 210.272650578 2.84958347222
242 210.274692244 2.84963902778
243 210.276733911 2.84963902778
244 210.278650577 2.84966680556
245 210.280650577 2.84969458333
246 210.282692244 2.84969458333
