1 210.256817152 2.90525013889
2 210.258817152 2.90519458333
3 210.260858819 2.90527791667
4 210.262817152 2.90527791667
5 210.264775485 2.90527791667
6 210.266858819 2.90522236111
7 210.268900485 2.90530569444
8 210.270817152 2.90522236111
9 210.272817152 2.90533347222
10 210.274858819 2.90527791667
11 210.276817152 2.90533347222
12 210.278817152 2.90533347222
13 210.280775485 2.90530569444
14 210.282817152 2.90527791667
15 210.255900488 2.90347236111
16 210.257817155 2.90350013889
17 210.259817155 2.90352791667
18 210.261775488 2.90358347222
19 210.263817155 2.90352791667
20 210.265858822 2.90350013889
21 210.267858822 2.90347236111
22 210.269817155 2.90347236111
23 210.271817155 2.90355569444
24 210.273733821 2.90355569444
25 210.275817155 2.90350013889
26 210.277817155 2.90355569444
27 210.279817155 2.90355569444
28 210.281900488 2.90355569444
29 210.283817155 2.90352791667
30 210.256858824 2.90180569444
31 210.258817158 2.90180569444
32 210.260817158 2.90172236111
33 210.262817158 2.90180569444
34 210.264817158 2.90175013889
35 210.266858824 2.90175013889
36 210.268817158 2.90186125
37 210.270858824 2.90183347222
38 210.272817158 2.90177791667
39 210.274858824 2.90186125
40 210.276858824 2.90180569444
41 210.278775491 2.90177791667
42 210.280858824 2.90180569444
43 210.282858824 2.90186125
44 210.255817161 2.90005569444
45 210.257817161 2.90005569444
46 210.259817161 2.90002791667
47 210.261858827 2.90005569444
48 210.263858827 2.90008347222
49 210.265817161 2.90008347222
50 210.267858827 2.90005569444
51 210.269858827 2.90008347222
52 210.271858827 2.90005569444
53 210.273900494 2.90005569444
54 210.275858827 2.90008347222
55 210.277817161 2.90008347222
56 210.279817161 2.90005569444
57 210.281817161 2.90011125
58 210.283858827 2.90005569444
59 210.256817163 2.89836125
60 210.25885883 2.89836125
61 210.260900497 2.89838902778
62 210.26285883 2.89836125
63 210.264775497 2.89838902778
64 210.26685883 2.89833347222
65 210.268817163 2.89836125
66 210.27085883 2.89838902778
67 210.272817163 2.89841680556
68 210.274817163 2.89838902778
69 210.276900497 2.89841680556
70 210.278900497 2.89838902778
71 210.28085883 2.89838902778
72 210.282900497 2.89838902778
73 210.255858833 2.89663902778
74 210.257817166 2.89661125
75 210.259817166 2.89663902778
76 210.261858833 2.89663902778
77 210.2639005 2.89663902778
78 210.265858833 2.89661125
79 210.267858833 2.89669458333
80 210.269817166 2.89669458333
81 210.271858833 2.89666680556
82 210.2739005 2.89663902778
83 210.275858833 2.89666680556
84 210.2779005 2.89658347222
85 210.279858833 2.89663902778
86 210.281858833 2.89666680556
87 210.283858833 2.89669458333
88 210.256817169 2.89486125
89 210.258817169 2.89486125
90 210.260858836 2.89494458333
91 210.262817169 2.89488902778
92 210.264817169 2.89488902778
93 210.266900503 2.89491680556
94 210.268817169 2.89491680556
95 210.270817169 2.89488902778
96 210.272900503 2.89494458333
97 210.274858836 2.89488902778
98 210.276817169 2.89494458333
99 210.278858836 2.89497236111
100 210.280900503 2.89491680556
101 210.282775502 2.89500013889
102 210.255900506 2.89313902778
103 210.257858839 2.89311125
104 210.259858839 2.89316680556
105 210.261858839 2.89322236111
106 210.263858839 2.89322236111
107 210.265858839 2.89316680556
108 210.267858839 2.89316680556
109 210.269817172 2.89322236111
110 210.271900505 2.89316680556
111 210.273817172 2.89322236111
112 210.275817172 2.89325013889
113 210.277900505 2.89319458333
114 210.279817172 2.89316680556
115 210.281900505 2.89319458333
116 210.283858839 2.89316680556
117 210.256817175 2.89147236111
118 210.258858842 2.89144458333
119 210.260858842 2.89144458333
120 210.262817175 2.89141680556
121 210.264858842 2.89147236111
122 210.266858841 2.89155569444
123 210.268817175 2.89152791667
124 210.270817175 2.89147236111
125 210.272858842 2.89150013889
126 210.274858842 2.89152791667
127 210.276817175 2.89150013889
128 210.278858842 2.89152791667
129 210.280858842 2.89152791667
130 210.282817175 2.89150013889
131 210.255900511 2.88975013889
132 210.257858844 2.88975013889
133 210.259900511 2.88980569444
134 210.261900511 2.88972236111
135 210.263900511 2.88972236111
136 210.265858844 2.88977791667
137 210.267858845 2.88972236111
138 210.269858844 2.88975013889
139 210.271900511 2.88975013889
140 210.273900511 2.88977791667
141 210.275900511 2.88980569444
142 210.277858844 2.88977791667
143 210.279858844 2.88977791667
144 210.281900511 2.88980569444
145 210.283858844 2.88980569444
146 210.256900514 2.88794458333
147 210.258858847 2.88797236111
148 210.260817181 2.88800013889
149 210.262817181 2.88800013889
150 210.264900514 2.88802791667
151 210.266858847 2.88805569444
152 210.268858847 2.88800013889
153 210.270900514 2.88808347222
154 210.272858847 2.88805569444
155 210.274858847 2.88800013889
156 210.276858847 2.88802791667
157 210.278817181 2.88808347222
158 210.280775514 2.88805569444
159 210.282858847 2.88802791667
160 210.255817184 2.88630569444
161 210.25785885 2.88627791667
162 210.259900517 2.88627791667
163 210.26185885 2.88627791667
164 210.263900517 2.88627791667
165 210.265900517 2.88627791667
166 210.267900517 2.88627791667
167 210.269900517 2.88633347222
168 210.271900517 2.88633347222
169 210.273942183 2.88636125
170 210.27585885 2.88630569444
171 210.27785885 2.88633347222
172 210.27985885 2.88636125
173 210.281900517 2.88625013889
174 210.283900517 2.88627791667
175 210.256858853 2.88461125
176 210.258817186 2.88461125
177 210.260858853 2.88461125
178 210.262858853 2.88452791667
179 210.264858853 2.88458347222
180 210.26690052 2.88466680556
181 210.26890052 2.88461125
182 210.27090052 2.88463902778
183 210.27290052 2.88458347222
184 210.274858853 2.88463902778
185 210.276858853 2.88458347222
186 210.278858853 2.88463902778
187 210.28090052 2.88466680556
188 210.282817186 2.88463902778
189 210.255942189 2.88277791667
190 210.257900523 2.88280569444
191 210.259900523 2.88286125
192 210.261900523 2.88286125
193 210.263900523 2.88288902778
194 210.265858856 2.88288902778
195 210.267900523 2.88283347222
196 210.269900523 2.88288902778
197 210.271858856 2.88286125
198 210.273900523 2.88286125
199 210.275900522 2.88294458333
200 210.277900523 2.88286125
201 210.279900523 2.88288902778
202 210.281817189 2.88288902778
203 210.283900522 2.88297236111
204 210.256858859 2.88111125
205 210.258858859 2.88108347222
206 210.260858859 2.88111125
207 210.262858859 2.88113902778
208 210.264858859 2.88113902778
209 210.266900525 2.88113902778
210 210.268775526 2.88108347222
211 210.270900526 2.88108347222
212 210.272817192 2.88111125
213 210.274900525 2.88113902778
214 210.276775525 2.88119458333
215 210.278858859 2.88116680556
216 210.280900525 2.88116680556
217 210.282900525 2.88113902778
218 210.255858862 2.87936125
219 210.257900528 2.87936125
220 210.259942195 2.87938902778
221 210.261817195 2.87938902778
222 210.263900528 2.87941680556
223 210.265858862 2.87938902778
224 210.267858862 2.87936125
225 210.269900528 2.87941680556
226 210.271858862 2.87941680556
227 210.273900528 2.87938902778
228 210.275858862 2.87941680556
229 210.277900528 2.87947236111
230 210.279900528 2.87947236111
231 210.281900528 2.87941680556
232 210.283858862 2.87941680556
233 210.256817198 2.87766680556
234 210.258817198 2.87766680556
235 210.260858864 2.87775013889
236 210.262900531 2.87763902778
237 210.264942198 2.87775013889
238 210.266858865 2.87766680556
239 210.268817198 2.87769458333
240 210.270817198 2.87769458333
241 210.272858865 2.87766680556
242 210.274900531 2.87769458333
243 210.276942198 2.87772236111
244 210.278858864 2.87772236111
245 210.280858864 2.87775013889
246 210.282900531 2.87777791667
