1 210.22973382 2.90413902778
2 210.231692154 2.90408347222
3 210.23373382 2.90416680556
4 210.23573382 2.90416680556
5 210.237650487 2.90416680556
6 210.239733821 2.90411125
7 210.241775487 2.90419458333
8 210.243733821 2.90408347222
9 210.245692154 2.90422236111
10 210.24773382 2.90416680556
11 210.249692154 2.90422236111
12 210.251692154 2.90422236111
13 210.253692154 2.90419458333
14 210.255692154 2.90416680556
15 210.22877549 2.90236125
16 210.230692157 2.90238902778
17 210.232692157 2.90241680556
18 210.234692157 2.90247236111
19 210.236692157 2.90241680556
20 210.238733823 2.90238902778
21 210.240733823 2.90236125
22 210.242692157 2.90236125
23 210.244692157 2.90244458333
24 210.24665049 2.90244458333
25 210.248692157 2.90238902778
26 210.250692157 2.90244458333
27 210.252733823 2.90244458333
28 210.25477549 2.90241680556
29 210.256692157 2.90241680556
30 210.229733826 2.90066680556
31 210.23169216 2.90069458333
32 210.23369216 2.90061125
33 210.23569216 2.90069458333
34 210.23769216 2.90063902778
35 210.239733826 2.90063902778
36 210.241692159 2.90075013889
37 210.243733826 2.90072236111
38 210.24569216 2.90066680556
39 210.247775493 2.90075013889
40 210.249733826 2.90069458333
41 210.251650493 2.90066680556
42 210.253733826 2.90069458333
43 210.255733826 2.90075013889
44 210.228692162 2.89894458333
45 210.230733829 2.89894458333
46 210.232692163 2.89891680556
47 210.234733829 2.89894458333
48 210.236733829 2.89897236111
49 210.238692162 2.89897236111
50 210.240733829 2.89891680556
51 210.242775496 2.89897236111
52 210.244733829 2.89894458333
53 210.246775496 2.89894458333
54 210.248733829 2.89897236111
55 210.250692162 2.89897236111
56 210.252692162 2.89894458333
57 210.254692162 2.89900013889
58 210.256775496 2.89894458333
59 210.229692165 2.89725013889
60 210.231733832 2.89725013889
61 210.233775499 2.89727791667
62 210.235733832 2.89722236111
63 210.237650499 2.89727791667
64 210.239733832 2.89722236111
65 210.241733832 2.89725013889
66 210.243733832 2.89727791667
67 210.245692165 2.89730569444
68 210.247733832 2.89727791667
69 210.249775499 2.89730569444
70 210.251775499 2.89727791667
71 210.253733832 2.89727791667
72 210.255775499 2.89727791667
73 210.228733835 2.89552791667
74 210.230692168 2.89550013889
75 210.232692168 2.89550013889
76 210.234733835 2.89550013889
77 210.236775502 2.89552791667
78 210.238733835 2.89550013889
79 210.240775501 2.89558347222
80 210.242692168 2.89558347222
81 210.244733835 2.89555569444
82 210.246775502 2.89552791667
83 210.248733835 2.89555569444
84 210.250775502 2.89547236111
85 210.252733835 2.89552791667
86 210.254733835 2.89555569444
87 210.256733835 2.89558347222
88 210.229692171 2.89375013889
89 210.231692171 2.89375013889
90 210.233733838 2.89383347222
91 210.235692171 2.89377791667
92 210.237733838 2.89377791667
93 210.239775504 2.89380569444
94 210.241733838 2.89380569444
95 210.243692171 2.89377791667
96 210.245775504 2.89383347222
97 210.247775504 2.89377791667
98 210.249733838 2.89383347222
99 210.251733838 2.89386125
100 210.253775504 2.89380569444
101 210.255650504 2.89388902778
102 210.228775507 2.89202791667
103 210.230733841 2.89200013889
104 210.232775507 2.89205569444
105 210.234775507 2.89211125
106 210.236733841 2.89211125
107 210.238733841 2.89205569444
108 210.240733841 2.89205569444
109 210.242733841 2.89211125
110 210.244775507 2.89205569444
111 210.246733841 2.89211125
112 210.248692174 2.89213902778
113 210.250775507 2.89208347222
114 210.252692174 2.89205569444
115 210.254775507 2.89208347222
116 210.256733841 2.89205569444
117 210.229733843 2.89036125
118 210.231733844 2.89033347222
119 210.233733844 2.89033347222
120 210.235692177 2.89030569444
121 210.237733843 2.89036125
122 210.239733843 2.89044458333
123 210.241692177 2.89041680556
124 210.243692177 2.89036125
125 210.24577551 2.89038902778
126 210.24777551 2.89041680556
127 210.249692177 2.89038902778
128 210.25177551 2.89041680556
129 210.253733843 2.89038902778
130 210.255692177 2.89038902778
131 210.228775513 2.88863902778
132 210.230733846 2.88863902778
133 210.232775513 2.88869458333
134 210.234775513 2.88861125
135 210.236775513 2.88861125
136 210.238733846 2.88866680556
137 210.240733846 2.88861125
138 210.242733846 2.88863902778
139 210.244775513 2.88863902778
140 210.246775513 2.88866680556
141 210.248775513 2.88869458333
142 210.250733846 2.88866680556
143 210.252733846 2.88866680556
144 210.254775513 2.88866680556
145 210.256733846 2.88869458333
146 210.229775516 2.88683347222
147 210.231733849 2.88686125
148 210.233692183 2.88688902778
149 210.235692183 2.88688902778
150 210.237775516 2.88691680556
151 210.239733849 2.88691680556
152 210.241733849 2.88688902778
153 210.243775516 2.88697236111
154 210.245775516 2.88694458333
155 210.247733849 2.88688902778
156 210.249733849 2.88688902778
157 210.251692182 2.88697236111
158 210.253650516 2.88694458333
159 210.255733849 2.88691680556
160 210.228733852 2.88519458333
161 210.230733852 2.88516680556
162 210.232775519 2.88516680556
163 210.234775519 2.88516680556
164 210.236775519 2.88516680556
165 210.238775519 2.88516680556
166 210.240817185 2.88516680556
167 210.242775519 2.88522236111
168 210.244775519 2.88522236111
169 210.246817185 2.88525013889
170 210.248733852 2.88519458333
171 210.250775519 2.88522236111
172 210.252775519 2.88525013889
173 210.254775519 2.88513902778
174 210.256775519 2.88516680556
175 210.229733855 2.88350013889
176 210.231692188 2.88350013889
177 210.233733855 2.88350013889
178 210.235733855 2.88341680556
179 210.237775522 2.88347236111
180 210.239775521 2.88355569444
181 210.241775522 2.88350013889
182 210.243817188 2.88352791667
183 210.245775522 2.88347236111
184 210.247733855 2.88352791667
185 210.249775522 2.88347236111
186 210.251733855 2.88352791667
187 210.253775521 2.88355569444
188 210.255733855 2.88352791667
189 210.228817191 2.88166680556
190 210.230775525 2.88169458333
191 210.232775524 2.88175013889
192 210.234775525 2.88172236111
193 210.236775524 2.88175013889
194 210.238733858 2.88175013889
195 210.240775525 2.88172236111
196 210.242775524 2.88177791667
197 210.244733858 2.88175013889
198 210.246775524 2.88175013889
199 210.248775524 2.88183347222
200 210.250775524 2.88175013889
201 210.252817191 2.88177791667
202 210.254692191 2.88175013889
203 210.256775524 2.88186125
204 210.229733861 2.88000013889
205 210.231733861 2.87997236111
206 210.233733861 2.88000013889
207 210.235733861 2.88000013889
208 210.237733861 2.88002791667
209 210.239775527 2.88002791667
210 210.241692194 2.87997236111
211 210.243775527 2.87994458333
212 210.245733861 2.88000013889
213 210.247775527 2.88002791667
214 210.249692194 2.88005569444
215 210.251733861 2.88005569444
216 210.253817194 2.88005569444
217 210.255775527 2.88002791667
218 210.22877553 2.87825013889
219 210.23077553 2.87825013889
220 210.232817197 2.87827791667
221 210.234692197 2.87827791667
222 210.23677553 2.87830569444
223 210.238733864 2.87827791667
224 210.240733864 2.87825013889
225 210.24277553 2.87830569444
226 210.244733864 2.87830569444
227 210.246817197 2.87827791667
228 210.248733864 2.87830569444
229 210.25077553 2.87836125
230 210.25277553 2.87836125
231 210.25477553 2.87830569444
232 210.256733864 2.87830569444
233 210.2296922 2.87655569444
234 210.2316922 2.87655569444
235 210.233733866 2.87663902778
236 210.235775533 2.87652791667
237 210.2378172 2.87663902778
238 210.239733866 2.87655569444
239 210.2416922 2.87658347222
240 210.243733866 2.87658347222
241 210.245733866 2.87655569444
242 210.247775533 2.87658347222
243 210.2498172 2.87661125
244 210.251775533 2.87661125
245 210.253733866 2.87663902778
246 210.255775533 2.87666680556
