1 215.890280084 16.5040834722
2 215.892363418 16.5040279167
3 215.894488417 16.50411125
4 215.896530084 16.50411125
5 215.898571751 16.50411125
6 215.900738418 16.5040556944
7 215.902863417 16.5041390278
8 215.904863418 16.5040279167
9 215.90694675 16.5041668056
10 215.909071751 16.50411125
11 215.911113417 16.5041668056
12 215.91319675 16.5041668056
13 215.915238417 16.5041390278
14 215.917321751 16.50411125
15 215.889321769 16.5023056944
16 215.891280102 16.5023334722
17 215.893405102 16.50236125
18 215.895446768 16.5024168056
19 215.897571769 16.50236125
20 215.899696769 16.5023334722
21 215.901780103 16.5023056944
22 215.903821769 16.5023056944
23 215.905905102 16.5023890278
24 215.907905102 16.5023890278
25 215.910071769 16.5023334722
26 215.912155102 16.5023890278
27 215.914238435 16.5023890278
28 215.916363435 16.50236125
29 215.918363435 16.50236125
30 215.890321786 16.50061125
31 215.892321786 16.5006390278
32 215.89440512 16.5005556944
33 215.896530119 16.5006390278
34 215.898613453 16.5005834722
35 215.900738453 16.5005834722
36 215.902780119 16.5006945833
37 215.904905119 16.5006668056
38 215.906946786 16.50061125
39 215.909071786 16.5006945833
40 215.911155119 16.5006390278
41 215.91315512 16.50061125
42 215.915321786 16.5006390278
43 215.917405119 16.5006945833
44 215.889238471 16.49886125
45 215.891321804 16.4988890278
46 215.893405138 16.49886125
47 215.895530137 16.4988890278
48 215.89761347 16.4989168056
49 215.899655137 16.4989168056
50 215.901780138 16.49886125
51 215.90386347 16.4989168056
52 215.905946804 16.4988890278
53 215.908071804 16.4988890278
54 215.91011347 16.4989168056
55 215.912155137 16.4989168056
56 215.914238471 16.4988890278
57 215.916321803 16.4989445833
58 215.918446804 16.4988890278
59 215.890280155 16.4971945833
60 215.892405155 16.4971945833
61 215.894488488 16.4972223611
62 215.896571822 16.4971668056
63 215.898571821 16.4972223611
64 215.900696822 16.4971668056
65 215.902780155 16.4971945833
66 215.904905154 16.4972223611
67 215.906946821 16.4972501389
68 215.909030154 16.4972223611
69 215.911196821 16.4972501389
70 215.913280154 16.4972223611
71 215.915321821 16.4972223611
72 215.917446821 16.4972223611
73 215.889280172 16.4954723611
74 215.891280172 16.4954445833
75 215.893405172 16.4954445833
76 215.895530172 16.4954445833
77 215.897655172 16.4954723611
78 215.899696839 16.4954445833
79 215.901780172 16.4955279167
80 215.903821838 16.4955279167
81 215.905946838 16.4955001389
82 215.908071839 16.4954723611
83 215.910113505 16.4955001389
84 215.912196839 16.4954168056
85 215.914238505 16.4954723611
86 215.916321838 16.4955001389
87 215.918405172 16.4955279167
88 215.89028019 16.4936945833
89 215.892363524 16.4936945833
90 215.894488523 16.4937779167
91 215.89653019 16.4937223611
92 215.898613523 16.4937223611
93 215.90078019 16.4937501389
94 215.90278019 16.4937501389
95 215.904863524 16.4936945833
96 215.907030189 16.4937779167
97 215.909071857 16.4937223611
98 215.911113523 16.4937779167
99 215.913238522 16.4938056944
100 215.915363523 16.4937501389
101 215.917321855 16.4938334722
102 215.889321874 16.4919723611
103 215.891363541 16.4919445833
104 215.893446874 16.4920001389
105 215.895530207 16.4920556944
106 215.89761354 16.4920556944
107 215.899696874 16.4920001389
108 215.901780207 16.4920001389
109 215.903821874 16.4920556944
110 215.905988541 16.4920001389
111 215.90798854 16.4920556944
112 215.910071873 16.4920834722
113 215.912238541 16.4920279167
114 215.914238541 16.4920001389
115 215.916405207 16.4920279167
116 215.918446874 16.4920001389
117 215.890280225 16.4903056944
118 215.892405225 16.4902779167
119 215.894488558 16.4902779167
120 215.896530225 16.4902501389
121 215.898655225 16.4903056944
122 215.900738557 16.4903890278
123 215.902780224 16.49036125
124 215.904863558 16.4903056944
125 215.906988558 16.4903334722
126 215.909071891 16.49036125
127 215.911113558 16.4903334722
128 215.913238557 16.49036125
129 215.915321891 16.4903334722
130 215.917363558 16.4903334722
131 215.889280242 16.4885834722
132 215.891363576 16.4885834722
133 215.893488575 16.4886390278
134 215.895571909 16.4885556944
135 215.897655243 16.4885556944
136 215.899696909 16.48861125
137 215.901780243 16.4885556944
138 215.903863576 16.4885834722
139 215.905988576 16.4885834722
140 215.908071909 16.48861125
141 215.910155242 16.4886390278
142 215.912196909 16.48861125
143 215.914280242 16.48861125
144 215.916405242 16.48861125
145 215.918446908 16.4886390278
146 215.890321927 16.4867779167
147 215.892363594 16.4868056944
148 215.894446927 16.4868334722
149 215.89653026 16.4868334722
150 215.898696926 16.48686125
151 215.900738593 16.48686125
152 215.902821927 16.4868334722
153 215.904946926 16.4869168056
154 215.906988593 16.4868890278
155 215.909071927 16.4868334722
156 215.91115526 16.4868334722
157 215.913196926 16.4869168056
158 215.915238593 16.4868890278
159 215.91740526 16.48686125
160 215.889238611 16.4851390278
161 215.891363611 16.48511125
162 215.893488611 16.48511125
163 215.895530278 16.48511125
164 215.897655278 16.48511125
165 215.899738611 16.48511125
166 215.901821944 16.48511125
167 215.903905277 16.4851668056
168 215.90598861 16.4851668056
169 215.90811361 16.4851945833
170 215.910071944 16.4851390278
171 215.912196944 16.4851668056
172 215.914280277 16.4851945833
173 215.916405278 16.4850834722
174 215.918488611 16.48511125
175 215.890321961 16.4834445833
176 215.892363628 16.4834445833
177 215.894488628 16.4834445833
178 215.896571962 16.48336125
179 215.898655295 16.4834168056
180 215.900780294 16.4835001389
181 215.902863628 16.4834445833
182 215.904946961 16.4834723611
183 215.906988628 16.4834168056
184 215.909071961 16.4834723611
185 215.911155295 16.4834168056
186 215.913238628 16.4834723611
187 215.915363627 16.4835001389
188 215.917363628 16.4834723611
189 215.889363646 16.48161125
190 215.891405313 16.4816390278
191 215.893488646 16.4816945833
192 215.895571979 16.4816668056
193 215.897655312 16.4816945833
194 215.899696979 16.4816945833
195 215.901821979 16.4816668056
196 215.903905312 16.4817223611
197 215.905946979 16.4816945833
198 215.908071979 16.4816945833
199 215.910155311 16.4817779167
200 215.912238646 16.4816945833
201 215.914321979 16.4817223611
202 215.916321979 16.4816945833
203 215.918488645 16.4818056944
204 215.890321997 16.4799445833
205 215.89240533 16.4799168056
206 215.894488663 16.4799445833
207 215.896571997 16.4799445833
208 215.898613663 16.4799723611
209 215.90078033 16.4799723611
210 215.902738664 16.4799168056
211 215.904946997 16.4798890278
212 215.906946997 16.4799445833
213 215.909113663 16.4799723611
214 215.911071996 16.4800001389
215 215.913238663 16.4800001389
216 215.915363663 16.4800001389
217 215.917446996 16.4799723611
218 215.889280348 16.4781945833
219 215.891405348 16.4781945833
220 215.893530348 16.4782223611
221 215.895488681 16.4782223611
222 215.897655347 16.4782501389
223 215.899697014 16.4782223611
224 215.901780348 16.4781945833
225 215.903905347 16.4782501389
226 215.905947014 16.4782501389
227 215.908072014 16.4782223611
228 215.910113681 16.4782501389
229 215.91223868 16.4783056944
230 215.914322013 16.4783056944
231 215.916405347 16.4782501389
232 215.918447014 16.4782501389
233 215.890280365 16.4765001389
234 215.892363698 16.4765001389
235 215.894488698 16.4765834722
236 215.896613699 16.4764723611
237 215.898738698 16.4765834722
238 215.900738698 16.4765001389
239 215.902780365 16.4765279167
240 215.904863698 16.4765279167
241 215.906988698 16.4765001389
242 215.909113698 16.4765279167
243 215.911238698 16.4765556944
244 215.913238698 16.4765556944
245 215.915322031 16.4765834722
246 215.917447031 16.47661125
