1 215.863238686 16.4776945833
2 215.865322021 16.47761125
3 215.867447019 16.4777223611
4 215.869488686 16.4777223611
5 215.871530353 16.4777223611
6 215.87369702 16.4776668056
7 215.875822019 16.4777501389
8 215.87782202 16.4776390278
9 215.879905352 16.4777501389
10 215.882030353 16.4777223611
11 215.884072019 16.4777779167
12 215.886155352 16.4777779167
13 215.888197019 16.4777501389
14 215.890280353 16.4777223611
15 215.862280371 16.4758890278
16 215.864280371 16.4759445833
17 215.866363704 16.4759723611
18 215.86840537 16.4760279167
19 215.870530371 16.4759445833
20 215.872655371 16.4759445833
21 215.874738704 16.4759168056
22 215.876780371 16.4759168056
23 215.878863704 16.4760001389
24 215.880863704 16.4760001389
25 215.883030371 16.4759445833
26 215.885113704 16.4760001389
27 215.887197037 16.4760001389
28 215.889322037 16.4759723611
29 215.891322037 16.4759723611
30 215.863280388 16.4742223611
31 215.865280388 16.4742501389
32 215.867405389 16.4741668056
33 215.869488721 16.4742501389
34 215.871572055 16.4741945833
35 215.873697055 16.4741945833
36 215.875738721 16.4743056944
37 215.877863721 16.4742779167
38 215.879905389 16.4741945833
39 215.882030387 16.4743056944
40 215.884113721 16.4742501389
41 215.886113722 16.4742223611
42 215.888280388 16.4742501389
43 215.890363721 16.4743056944
44 215.862197073 16.4724723611
45 215.864280406 16.4725001389
46 215.866363739 16.4724723611
47 215.868488739 16.4725001389
48 215.870572072 16.4725279167
49 215.872613739 16.4725279167
50 215.874738739 16.4724723611
51 215.876822072 16.4725279167
52 215.878905406 16.4725001389
53 215.881030406 16.4725001389
54 215.883072072 16.4725279167
55 215.885113739 16.4725279167
56 215.887197072 16.4725001389
57 215.889280405 16.4725556944
58 215.891405406 16.4725001389
59 215.863238756 16.4708056944
60 215.865363756 16.4708056944
61 215.867488756 16.4708334722
62 215.869530423 16.4707779167
63 215.871530423 16.4708334722
64 215.873655423 16.4707779167
65 215.875738756 16.4708056944
66 215.877863756 16.4708334722
67 215.879905422 16.47086125
68 215.881988756 16.4708334722
69 215.884155422 16.47086125
70 215.886238756 16.4708334722
71 215.888280423 16.4708334722
72 215.890405423 16.4708334722
73 215.862238774 16.4690834722
74 215.864238774 16.4690556944
75 215.866363774 16.4690556944
76 215.868488774 16.4690556944
77 215.870613774 16.4690834722
78 215.872655441 16.4690556944
79 215.874738774 16.46911125
80 215.87678044 16.46911125
81 215.87890544 16.46911125
82 215.881030441 16.4690834722
83 215.883072107 16.46911125
84 215.885197108 16.4690279167
85 215.887197107 16.4690834722
86 215.88928044 16.46911125
87 215.891363773 16.4691390278
88 215.863238792 16.4673056944
89 215.865322125 16.4673056944
90 215.867447124 16.4673890278
91 215.869488792 16.4673056944
92 215.871572125 16.4673334722
93 215.873738791 16.46736125
94 215.875738791 16.46736125
95 215.877822125 16.4673056944
96 215.879988791 16.4673890278
97 215.882030458 16.4673334722
98 215.884072124 16.4673890278
99 215.886197124 16.4674168056
100 215.888322125 16.46736125
101 215.890280457 16.4674168056
102 215.862280476 16.4655834722
103 215.864322143 16.4655556944
104 215.866447142 16.46561125
105 215.868488809 16.4656668056
106 215.870572142 16.4656668056
107 215.872655476 16.46561125
108 215.874738809 16.46561125
109 215.876780475 16.4656668056
110 215.878947142 16.46561125
111 215.880947142 16.4656668056
112 215.883030475 16.4656945833
113 215.885197142 16.4656390278
114 215.887197142 16.46561125
115 215.889363809 16.46561125
116 215.891405476 16.46561125
117 215.863238826 16.4639168056
118 215.865363827 16.4638890278
119 215.86744716 16.4638890278
120 215.869488827 16.46386125
121 215.871613826 16.4639168056
122 215.873697159 16.4640001389
123 215.875738826 16.4639723611
124 215.87782216 16.4639168056
125 215.879947159 16.4639445833
126 215.882030492 16.4639723611
127 215.884072159 16.4639445833
128 215.886197159 16.4639723611
129 215.888280493 16.4639445833
130 215.890322159 16.4639445833
131 215.862280511 16.4621945833
132 215.864322177 16.4621945833
133 215.866447177 16.4622223611
134 215.868530511 16.4621668056
135 215.870613844 16.4621668056
136 215.87265551 16.4622223611
137 215.874738844 16.4621668056
138 215.876822177 16.4621945833
139 215.878947177 16.4621945833
140 215.88103051 16.4622223611
141 215.883113844 16.4622223611
142 215.88515551 16.4622223611
143 215.887238844 16.4622223611
144 215.889363844 16.4622223611
145 215.89140551 16.4622501389
146 215.863322196 16.46036125
147 215.865363862 16.4603890278
148 215.867405528 16.4604445833
149 215.869488862 16.4604445833
150 215.871655528 16.4604445833
151 215.873697195 16.4604723611
152 215.875780529 16.4604168056
153 215.877905527 16.4605279167
154 215.879947194 16.4605001389
155 215.882030529 16.4604168056
156 215.884113862 16.4604445833
157 215.886155527 16.4605279167
158 215.888197194 16.4605001389
159 215.890363861 16.4604723611
160 215.862197212 16.4587501389
161 215.864322213 16.4586945833
162 215.866447212 16.4587223611
163 215.868488879 16.4587223611
164 215.870613879 16.4587223611
165 215.872697212 16.4587223611
166 215.874780546 16.4587223611
167 215.876863879 16.4587779167
168 215.878947212 16.4587779167
169 215.881072212 16.4588056944
170 215.883030546 16.4587501389
171 215.885155545 16.4587779167
172 215.887238878 16.4588056944
173 215.889363879 16.4586945833
174 215.891447212 16.4587223611
175 215.863280563 16.4570556944
176 215.865322229 16.4570556944
177 215.867447229 16.4570556944
178 215.869530564 16.4569723611
179 215.871613896 16.4570279167
180 215.873738896 16.4570834722
181 215.875822229 16.4570556944
182 215.877905562 16.4570834722
183 215.879988896 16.4570279167
184 215.882030562 16.4570834722
185 215.884113896 16.4570279167
186 215.886197229 16.4570834722
187 215.888322229 16.45711125
188 215.890322229 16.4570834722
189 215.862322248 16.4552223611
190 215.864363914 16.4552501389
191 215.866447247 16.4552779167
192 215.868530581 16.4552779167
193 215.870613914 16.4553056944
194 215.87265558 16.4553056944
195 215.874780581 16.4552779167
196 215.876863914 16.4553334722
197 215.87890558 16.4553056944
198 215.88103058 16.4553056944
199 215.883113913 16.4553890278
200 215.885197247 16.4553056944
201 215.88728058 16.4553334722
202 215.88928058 16.4553056944
203 215.891447246 16.4553890278
204 215.863280598 16.4535556944
205 215.865363932 16.4535279167
206 215.867447265 16.4535556944
207 215.869530598 16.4535556944
208 215.871613931 16.4535834722
209 215.873738931 16.4535834722
210 215.875697265 16.4535279167
211 215.877905599 16.4535001389
212 215.879905598 16.4535556944
213 215.882072265 16.4535834722
214 215.884030598 16.45361125
215 215.886197264 16.45361125
216 215.888322264 16.45361125
217 215.890405598 16.4535834722
218 215.862280616 16.4518056944
219 215.864363949 16.4518056944
220 215.866488949 16.4518056944
221 215.868447282 16.4518334722
222 215.870613949 16.4518334722
223 215.872655616 16.4518334722
224 215.874738949 16.4518056944
225 215.876863949 16.45186125
226 215.878905615 16.45186125
227 215.881030616 16.4518334722
228 215.883072282 16.45186125
229 215.885197282 16.4519168056
230 215.887280615 16.4519168056
231 215.889363949 16.45186125
232 215.891363949 16.45186125
233 215.863238967 16.45011125
234 215.8653223 16.45011125
235 215.867447299 16.4501945833
236 215.8695723 16.4500834722
237 215.871697299 16.4501668056
238 215.8736973 16.4500834722
239 215.875738966 16.4501390278
240 215.8778223 16.4501390278
241 215.8799473 16.4500834722
242 215.8820723 16.4501390278
243 215.884197299 16.4501668056
244 215.886197299 16.4501668056
245 215.888280632 16.4501945833
246 215.890405632 16.4502223611
