1 215.890280359 16.47711125
2 215.892363693 16.4770556944
3 215.894488692 16.4771668056
4 215.896530358 16.4771668056
5 215.898572025 16.4771668056
6 215.900738692 16.47711125
7 215.902863691 16.4771945833
8 215.904863693 16.4770834722
9 215.906947025 16.4771945833
10 215.909072025 16.4771668056
11 215.911113691 16.4772223611
12 215.913197024 16.4772223611
13 215.915238691 16.4771945833
14 215.917322025 16.4771668056
15 215.889322044 16.4753334722
16 215.891322043 16.47536125
17 215.893405376 16.4754168056
18 215.895447042 16.4754723611
19 215.897572043 16.4753890278
20 215.899697043 16.47536125
21 215.901780377 16.4753334722
22 215.903822043 16.47536125
23 215.905905376 16.4754445833
24 215.907905376 16.4754445833
25 215.910072043 16.4753890278
26 215.912155376 16.4754445833
27 215.914238709 16.4754445833
28 215.916363709 16.4754168056
29 215.918363709 16.4754168056
30 215.890322061 16.4736668056
31 215.89232206 16.4736945833
32 215.894447061 16.47361125
33 215.896530394 16.4736945833
34 215.898613728 16.47361125
35 215.900738728 16.4736390278
36 215.902780393 16.4737501389
37 215.904905393 16.4737223611
38 215.906947061 16.4736390278
39 215.90907206 16.4737501389
40 215.911155394 16.4736945833
41 215.913155394 16.4736668056
42 215.91532206 16.4736945833
43 215.917405393 16.4737501389
44 215.889238745 16.4719168056
45 215.891322078 16.4719445833
46 215.893405412 16.4719168056
47 215.895530411 16.4719445833
48 215.897613745 16.4719445833
49 215.899655411 16.4719445833
50 215.901780412 16.4719168056
51 215.903863744 16.4719723611
52 215.905947078 16.4719445833
53 215.908072078 16.4719445833
54 215.910113744 16.4719723611
55 215.912155411 16.4719723611
56 215.914238745 16.4719445833
57 215.916322078 16.4720001389
58 215.918447078 16.4719445833
59 215.890280429 16.4702501389
60 215.892405429 16.4702501389
61 215.894530428 16.4702779167
62 215.896572096 16.4702223611
63 215.898572095 16.4702779167
64 215.900697096 16.4702223611
65 215.902780429 16.4702223611
66 215.904905428 16.4702779167
67 215.906947095 16.4703056944
68 215.909030428 16.4702779167
69 215.911197095 16.4703056944
70 215.913238762 16.4702779167
71 215.915322095 16.4702779167
72 215.917447095 16.4702501389
73 215.889280446 16.4685279167
74 215.891280446 16.4685001389
75 215.893405446 16.4685001389
76 215.895530446 16.4685001389
77 215.897655446 16.4685279167
78 215.899697113 16.4685001389
79 215.901780446 16.4685556944
80 215.903822113 16.4685556944
81 215.905947113 16.4685556944
82 215.908072113 16.4685279167
83 215.91011378 16.4685279167
84 215.912197113 16.4684723611
85 215.91423878 16.4685279167
86 215.916322113 16.4685279167
87 215.918405446 16.4685556944
88 215.890280464 16.4667501389
89 215.892363798 16.4667501389
90 215.894488797 16.4668056944
91 215.896530464 16.4667501389
92 215.898613797 16.4667779167
93 215.900780464 16.4668056944
94 215.902780464 16.4668056944
95 215.904863798 16.4667501389
96 215.907030463 16.4668334722
97 215.909072131 16.4667501389
98 215.911113797 16.4668334722
99 215.913238796 16.46686125
100 215.915363797 16.4668056944
101 215.91732213 16.46686125
102 215.889322148 16.4650279167
103 215.891363815 16.4650001389
104 215.893447148 16.4650556944
105 215.895530481 16.46511125
106 215.897613814 16.46511125
107 215.899697148 16.4650556944
108 215.901780481 16.4650556944
109 215.903822148 16.46511125
110 215.905988815 16.4650556944
111 215.907988814 16.46511125
112 215.910072147 16.4651390278
113 215.912238815 16.4650834722
114 215.914238815 16.4650556944
115 215.916405481 16.4650556944
116 215.918447148 16.4650556944
117 215.890280499 16.4633334722
118 215.892405499 16.4633056944
119 215.894488832 16.4633334722
120 215.896530499 16.4633056944
121 215.898655499 16.46336125
122 215.900738831 16.4634445833
123 215.902780498 16.4633890278
124 215.904863832 16.46336125
125 215.906988832 16.4633890278
126 215.909072165 16.4634168056
127 215.911113832 16.4633890278
128 215.913238831 16.4634168056
129 215.915322165 16.4633890278
130 215.917363832 16.4633890278
131 215.889322183 16.4616390278
132 215.891363849 16.4616390278
133 215.893488849 16.4616668056
134 215.895572183 16.46161125
135 215.897655516 16.46161125
136 215.899697183 16.4616668056
137 215.901780516 16.46161125
138 215.903863849 16.4616390278
139 215.905988849 16.4616390278
140 215.908072183 16.4616668056
141 215.910155516 16.4616668056
142 215.912197183 16.4616668056
143 215.914280516 16.4616668056
144 215.916405516 16.4616668056
145 215.918447182 16.4616945833
146 215.890363868 16.4598056944
147 215.892405534 16.4598334722
148 215.894447201 16.4598890278
149 215.896530534 16.4598890278
150 215.898697201 16.4598890278
151 215.900738867 16.4599168056
152 215.902822201 16.45986125
153 215.9049472 16.4599445833
154 215.906988867 16.4599445833
155 215.909030534 16.45986125
156 215.911155534 16.4598890278
157 215.9131972 16.4599723611
158 215.915238867 16.4599445833
159 215.917405534 16.4599168056
160 215.889238884 16.4581945833
161 215.891363885 16.4581390278
162 215.893488885 16.4581668056
163 215.895530551 16.4581668056
164 215.897655552 16.4581390278
165 215.899738885 16.4581668056
166 215.901822218 16.4581668056
167 215.903905551 16.4582223611
168 215.905988884 16.4582223611
169 215.908113884 16.4582501389
170 215.910072218 16.4581945833
171 215.912197218 16.4582223611
172 215.914280551 16.4582501389
173 215.916405552 16.45811125
174 215.918488885 16.4581668056
175 215.890322235 16.4565001389
176 215.892363902 16.4564723611
177 215.894488902 16.4564723611
178 215.896572236 16.4564168056
179 215.898655569 16.4564723611
180 215.900780568 16.4565279167
181 215.902863902 16.4565001389
182 215.904947235 16.4565001389
183 215.906988902 16.4564723611
184 215.909072235 16.4565279167
185 215.911155569 16.4564723611
186 215.913238901 16.4565279167
187 215.915363901 16.4565556944
188 215.917363902 16.4565001389
189 215.88936392 16.4546668056
190 215.891405587 16.4546945833
191 215.89348892 16.4547223611
192 215.895572253 16.4547223611
193 215.897655586 16.4547501389
194 215.899697253 16.4547501389
195 215.901822253 16.4547223611
196 215.903905586 16.4547779167
197 215.905947253 16.4547501389
198 215.908072253 16.4547501389
199 215.910155585 16.4548334722
200 215.912238919 16.4547501389
201 215.914322253 16.4547779167
202 215.916322253 16.4547501389
203 215.918488919 16.4548334722
204 215.890322271 16.4530001389
205 215.892405604 16.4529723611
206 215.894488937 16.4530001389
207 215.896572271 16.4530001389
208 215.898655604 16.4530279167
209 215.900780604 16.4530279167
210 215.902738937 16.4529723611
211 215.904947271 16.4529445833
212 215.906947271 16.4530001389
213 215.909113937 16.4530279167
214 215.91107227 16.4530556944
215 215.913238937 16.4530279167
216 215.915363937 16.4530279167
217 215.91744727 16.4530279167
218 215.889322288 16.4512501389
219 215.891405622 16.4512501389
220 215.893530622 16.4512501389
221 215.895488955 16.4512779167
222 215.897655621 16.4512779167
223 215.899697288 16.4512779167
224 215.901780622 16.4512501389
225 215.903905621 16.4513056944
226 215.905947288 16.4512779167
227 215.908072288 16.4512779167
228 215.910113954 16.4513056944
229 215.912238954 16.45136125
230 215.914280621 16.45136125
231 215.916405621 16.4513056944
232 215.918405621 16.4513056944
233 215.890280639 16.4495556944
234 215.892363972 16.4495556944
235 215.894488971 16.4496390278
236 215.896613972 16.4495279167
237 215.898738972 16.44961125
238 215.900738972 16.4495279167
239 215.902780639 16.4495834722
240 215.904863972 16.4495834722
241 215.906988972 16.4495279167
242 215.909113972 16.4495834722
243 215.911238972 16.4495834722
244 215.913238972 16.44961125
245 215.915322305 16.4496390278
246 215.917447305 16.4496390278
