1 215.862197026 16.47711125
2 215.864280359 16.4770556944
3 215.866405358 16.4771668056
4 215.868447025 16.4771668056
5 215.870488692 16.4771668056
6 215.872655359 16.47711125
7 215.874738691 16.4771945833
8 215.876780359 16.4770834722
9 215.878863691 16.4771945833
10 215.880988692 16.4771668056
11 215.883030358 16.4772223611
12 215.885113691 16.4772223611
13 215.887155358 16.4771945833
14 215.889238692 16.4771668056
15 215.86123871 16.4753334722
16 215.863197043 16.47536125
17 215.865322043 16.4754168056
18 215.867363709 16.4754723611
19 215.869447043 16.4753890278
20 215.87161371 16.47536125
21 215.873655377 16.4753334722
22 215.87573871 16.47536125
23 215.877822043 16.4754445833
24 215.879822043 16.4754445833
25 215.88198871 16.4753890278
26 215.884072043 16.4754445833
27 215.886155376 16.4754445833
28 215.888280376 16.4754168056
29 215.890280376 16.4754168056
30 215.862238727 16.4736668056
31 215.864238727 16.4736945833
32 215.866322061 16.47361125
33 215.868405394 16.4736945833
34 215.870530395 16.47361125
35 215.872613728 16.4736390278
36 215.87469706 16.4737501389
37 215.876780393 16.4737223611
38 215.878863728 16.4736390278
39 215.880988726 16.4737501389
40 215.88307206 16.4736945833
41 215.885072061 16.4736668056
42 215.887238727 16.4736945833
43 215.889280393 16.4737501389
44 215.861155412 16.4719168056
45 215.863238745 16.4719445833
46 215.865322078 16.4719168056
47 215.867447078 16.4719445833
48 215.869488745 16.4719445833
49 215.871530411 16.4719445833
50 215.873697078 16.4719168056
51 215.875780411 16.4719723611
52 215.877863745 16.4719445833
53 215.879988745 16.4719445833
54 215.882030411 16.4719723611
55 215.884072078 16.4719723611
56 215.886155411 16.4719445833
57 215.888238744 16.4720001389
58 215.890363745 16.4719445833
59 215.862197095 16.4702501389
60 215.864322095 16.4702501389
61 215.866405428 16.4702779167
62 215.868488762 16.4702223611
63 215.870488762 16.4702779167
64 215.872613762 16.4702223611
65 215.874697096 16.4702223611
66 215.876780428 16.4702779167
67 215.878863761 16.4703056944
68 215.880947095 16.4702779167
69 215.883113761 16.4703056944
70 215.885155428 16.4702779167
71 215.887238762 16.4702779167
72 215.889363762 16.4702501389
73 215.861155446 16.4685279167
74 215.863197113 16.4685001389
75 215.865322113 16.4685001389
76 215.867447113 16.4685001389
77 215.869530446 16.4685279167
78 215.87161378 16.4685001389
79 215.873697113 16.4685556944
80 215.875738779 16.4685556944
81 215.877863779 16.4685556944
82 215.879947113 16.4685279167
83 215.882030446 16.4685279167
84 215.88411378 16.4684723611
85 215.886155446 16.4685279167
86 215.88823878 16.4685279167
87 215.890322113 16.4685556944
88 215.862197131 16.4667501389
89 215.864280464 16.4667501389
90 215.866405464 16.4668056944
91 215.868447131 16.4667501389
92 215.870530464 16.4667779167
93 215.87269713 16.4668056944
94 215.87469713 16.4668056944
95 215.876780464 16.4667501389
96 215.878905463 16.4668334722
97 215.880988798 16.4667501389
98 215.883030463 16.4668334722
99 215.885155463 16.46686125
100 215.887238797 16.4668056944
101 215.889238796 16.46686125
102 215.861238815 16.4650279167
103 215.863280482 16.4650001389
104 215.865363815 16.4650556944
105 215.867447148 16.46511125
106 215.869530481 16.46511125
107 215.871613815 16.4650556944
108 215.873697148 16.4650556944
109 215.875738814 16.46511125
110 215.877905481 16.4650556944
111 215.879905481 16.46511125
112 215.881947147 16.4651390278
113 215.884113815 16.4650834722
114 215.886155481 16.4650556944
115 215.888322148 16.4650556944
116 215.890363815 16.4650556944
117 215.862197166 16.4633334722
118 215.864322166 16.4633056944
119 215.866405499 16.4633334722
120 215.868447166 16.4633056944
121 215.870572165 16.46336125
122 215.872655498 16.4634445833
123 215.874655498 16.4633890278
124 215.876780499 16.46336125
125 215.878905498 16.4633890278
126 215.880988831 16.4634168056
127 215.883030498 16.4633890278
128 215.885155498 16.4634168056
129 215.887238832 16.4633890278
130 215.889280498 16.4633890278
131 215.861197183 16.4616390278
132 215.863280516 16.4616390278
133 215.865405516 16.4616668056
134 215.86748885 16.46161125
135 215.869572183 16.46161125
136 215.871613849 16.4616668056
137 215.873697183 16.46161125
138 215.875780516 16.4616390278
139 215.877905516 16.4616390278
140 215.879988849 16.4616668056
141 215.882072183 16.4616668056
142 215.884072183 16.4616668056
143 215.886197183 16.4616668056
144 215.888322183 16.4616668056
145 215.890363849 16.4616945833
146 215.862238868 16.4598056944
147 215.864280534 16.4598334722
148 215.866363867 16.4598890278
149 215.868447201 16.4598890278
150 215.870613867 16.4598890278
151 215.872613867 16.4599168056
152 215.874738868 16.45986125
153 215.876863867 16.4599445833
154 215.878905533 16.4599445833
155 215.880947201 16.45986125
156 215.883072201 16.4598890278
157 215.885113866 16.4599723611
158 215.887155533 16.4599445833
159 215.8893222 16.4599168056
160 215.861155551 16.4581945833
161 215.863280552 16.4581390278
162 215.865405551 16.4581668056
163 215.867447218 16.4581668056
164 215.869572218 16.4581390278
165 215.871655551 16.4581668056
166 215.873738885 16.4581668056
167 215.875822218 16.4582223611
168 215.877863884 16.4582223611
169 215.880030551 16.4582501389
170 215.881988884 16.4581945833
171 215.884113884 16.4582223611
172 215.886197217 16.4582501389
173 215.888322219 16.45811125
174 215.890405551 16.4581668056
175 215.862238902 16.4565001389
176 215.864280569 16.4564723611
177 215.866405569 16.4564723611
178 215.868488903 16.4564168056
179 215.870572235 16.4564723611
180 215.872697235 16.4565279167
181 215.874780568 16.4565001389
182 215.876863902 16.4565001389
183 215.878905569 16.4564723611
184 215.880988901 16.4565279167
185 215.883072235 16.4564723611
186 215.885155568 16.4565279167
187 215.887238901 16.4565556944
188 215.889280568 16.4565001389
189 215.861280587 16.4546668056
190 215.863322253 16.4546945833
191 215.865405586 16.4547223611
192 215.86748892 16.4547223611
193 215.869572253 16.4547501389
194 215.871613919 16.4547501389
195 215.873697253 16.4547223611
196 215.875780586 16.4547779167
197 215.877863919 16.4547501389
198 215.879988919 16.4547501389
199 215.882072252 16.4548334722
200 215.884113919 16.4547501389
201 215.886238919 16.4547779167
202 215.888238919 16.4547501389
203 215.890363919 16.4548334722
204 215.862197271 16.4530001389
205 215.864280604 16.4529723611
206 215.866405604 16.4530001389
207 215.868488937 16.4530001389
208 215.870530604 16.4530279167
209 215.87269727 16.4530279167
210 215.874655604 16.4529723611
211 215.876863938 16.4529445833
212 215.878863937 16.4530001389
213 215.881030604 16.4530279167
214 215.882988937 16.4530556944
215 215.885155604 16.4530279167
216 215.887280604 16.4530279167
217 215.88932227 16.4530279167
218 215.861197288 16.4512501389
219 215.863322288 16.4512501389
220 215.865447288 16.4512501389
221 215.867405621 16.4512779167
222 215.869530621 16.4512779167
223 215.871613955 16.4512779167
224 215.873697288 16.4512501389
225 215.875822288 16.4513056944
226 215.877863955 16.4512779167
227 215.879988955 16.4512779167
228 215.882030621 16.4513056944
229 215.884155621 16.45136125
230 215.886197287 16.45136125
231 215.888322288 16.4513056944
232 215.890322288 16.4513056944
233 215.862197306 16.4495556944
234 215.864280639 16.4495556944
235 215.866405638 16.4496390278
236 215.868530639 16.4495279167
237 215.870613972 16.44961125
238 215.872655639 16.4495279167
239 215.874697305 16.4495834722
240 215.876780639 16.4495834722
241 215.878905639 16.4495279167
242 215.880988972 16.4495834722
243 215.883113972 16.4495834722
244 215.885155638 16.44961125
245 215.887238971 16.4496390278
246 215.889322305 16.4496390278
