1 215.891363686 16.4776945833
2 215.893405354 16.47761125
3 215.895530353 16.4777223611
4 215.897613686 16.4777223611
5 215.899613686 16.4777223611
6 215.901780353 16.4776668056
7 215.903905352 16.4777501389
8 215.905905354 16.4776390278
9 215.907988686 16.4777501389
10 215.910113686 16.4777223611
11 215.912155352 16.4777779167
12 215.914238685 16.4777779167
13 215.916280352 16.4777501389
14 215.918405353 16.4777223611
15 215.890363705 16.4758890278
16 215.892363704 16.4759445833
17 215.894447037 16.4759723611
18 215.896488703 16.4760279167
19 215.898613704 16.4759445833
20 215.900738704 16.4759445833
21 215.902822038 16.4759168056
22 215.904863704 16.4759168056
23 215.906947037 16.4760001389
24 215.908947037 16.4760001389
25 215.911113704 16.4759445833
26 215.913197037 16.4760001389
27 215.91528037 16.4760001389
28 215.917447037 16.4759723611
29 215.919447037 16.4759723611
30 215.891363722 16.4742223611
31 215.893405388 16.4742501389
32 215.895488722 16.4741668056
33 215.897572055 16.4742501389
34 215.899655389 16.4741945833
35 215.901780389 16.4741945833
36 215.903822054 16.4743056944
37 215.905947054 16.4742779167
38 215.907988722 16.4741945833
39 215.910113721 16.4743056944
40 215.912197055 16.4742501389
41 215.914197055 16.4742223611
42 215.916363721 16.4742501389
43 215.918447054 16.4743056944
44 215.890280406 16.4724723611
45 215.892405406 16.4725001389
46 215.894447073 16.4724723611
47 215.896572072 16.4725001389
48 215.898655406 16.4725279167
49 215.900697072 16.4725279167
50 215.902822073 16.4724723611
51 215.904947072 16.4725279167
52 215.906988739 16.4725001389
53 215.909113739 16.4725001389
54 215.911155406 16.4725279167
55 215.913197072 16.4725279167
56 215.915280406 16.4725001389
57 215.917363739 16.4725556944
58 215.919488739 16.4725001389
59 215.89132209 16.4708056944
60 215.89344709 16.4708056944
61 215.895572089 16.4708334722
62 215.897613757 16.4707779167
63 215.899613756 16.4708334722
64 215.901780423 16.4707779167
65 215.903863756 16.4708056944
66 215.905947089 16.4708334722
67 215.907988756 16.47086125
68 215.910072089 16.4708334722
69 215.912238756 16.47086125
70 215.914322089 16.4708334722
71 215.916363756 16.4708334722
72 215.918488756 16.4708334722
73 215.890322107 16.4690834722
74 215.892363774 16.4690556944
75 215.894447107 16.4690556944
76 215.896572107 16.4690556944
77 215.898697107 16.4690834722
78 215.900738774 16.4690556944
79 215.902822107 16.46911125
80 215.904863774 16.46911125
81 215.906988774 16.46911125
82 215.909113774 16.4690834722
83 215.91115544 16.46911125
84 215.913280441 16.4690279167
85 215.915322107 16.4690834722
86 215.91740544 16.46911125
87 215.919488773 16.4691390278
88 215.891322125 16.4673056944
89 215.893405459 16.4673056944
90 215.895530458 16.4673890278
91 215.897572125 16.4673056944
92 215.899697125 16.4673334722
93 215.901822125 16.46736125
94 215.903822125 16.46736125
95 215.905905459 16.4673056944
96 215.908072124 16.4673890278
97 215.910155458 16.4673334722
98 215.912155458 16.4673890278
99 215.914280457 16.4674168056
100 215.916405458 16.46736125
101 215.918363791 16.4674168056
102 215.890363809 16.4655834722
103 215.892405476 16.4655556944
104 215.894530476 16.46561125
105 215.896613809 16.4656668056
106 215.898655475 16.4656668056
107 215.900738809 16.46561125
108 215.902822142 16.46561125
109 215.904863809 16.4656668056
110 215.907030476 16.46561125
111 215.909072142 16.4656668056
112 215.911113808 16.4656945833
113 215.913280476 16.4656390278
114 215.915280476 16.46561125
115 215.917447142 16.46561125
116 215.919488809 16.46561125
117 215.891363826 16.4639168056
118 215.89344716 16.4638890278
119 215.895530493 16.4638890278
120 215.89757216 16.46386125
121 215.89969716 16.4639168056
122 215.901780492 16.4640001389
123 215.903822159 16.4639723611
124 215.905905493 16.4639168056
125 215.908072159 16.4639445833
126 215.910155492 16.4639723611
127 215.912155493 16.4639445833
128 215.914280492 16.4639723611
129 215.916363826 16.4639445833
130 215.918405493 16.4639445833
131 215.890363844 16.4621945833
132 215.892447177 16.4621945833
133 215.89453051 16.4622223611
134 215.896613844 16.4621668056
135 215.898697177 16.4621668056
136 215.900738844 16.4622223611
137 215.902822177 16.4621668056
138 215.904905511 16.4621945833
139 215.907030511 16.4621945833
140 215.909113844 16.4622223611
141 215.911197177 16.4622223611
142 215.913238844 16.4622223611
143 215.915322177 16.4622223611
144 215.917447177 16.4622223611
145 215.919488843 16.4622501389
146 215.891405529 16.46036125
147 215.893447196 16.4603890278
148 215.895488862 16.4604445833
149 215.897572195 16.4604445833
150 215.899738862 16.4604445833
151 215.901780528 16.4604723611
152 215.903863862 16.4604168056
153 215.905988861 16.4605279167
154 215.908030528 16.4605001389
155 215.910113862 16.4604168056
156 215.912197195 16.4604445833
157 215.914238861 16.4605279167
158 215.916280528 16.4605001389
159 215.918447195 16.4604723611
160 215.890322212 16.4587501389
161 215.892405546 16.4586945833
162 215.894530546 16.4587223611
163 215.896613879 16.4587223611
164 215.898697212 16.4587223611
165 215.900780546 16.4587223611
166 215.902905546 16.4587223611
167 215.904947212 16.4587779167
168 215.907030545 16.4587779167
169 215.909155545 16.4588056944
170 215.911155546 16.4587501389
171 215.913280545 16.4587779167
172 215.915322212 16.4588056944
173 215.917447213 16.4586945833
174 215.919530546 16.4587223611
175 215.891363896 16.4570556944
176 215.893405563 16.4570556944
177 215.895530563 16.4570556944
178 215.897613897 16.4569723611
179 215.899738896 16.4570279167
180 215.901822229 16.4570834722
181 215.903905563 16.4570556944
182 215.906030562 16.4570834722
183 215.90807223 16.4570279167
184 215.910113896 16.4570834722
185 215.91219723 16.4570279167
186 215.914280562 16.4570834722
187 215.916405562 16.45711125
188 215.918405562 16.4570834722
189 215.890405581 16.4552223611
190 215.892447248 16.4552501389
191 215.894530581 16.4552779167
192 215.896613914 16.4552779167
193 215.898697247 16.4553056944
194 215.900738914 16.4553056944
195 215.902863914 16.4552779167
196 215.904947247 16.4553334722
197 215.906988914 16.4553056944
198 215.909113914 16.4553056944
199 215.911197246 16.4553890278
200 215.91328058 16.4553056944
201 215.91540558 16.4553334722
202 215.917363914 16.4553056944
203 215.91953058 16.4553890278
204 215.891363932 16.4535556944
205 215.893447265 16.4535279167
206 215.895530598 16.4535556944
207 215.897613932 16.4535556944
208 215.899697265 16.4535834722
209 215.901822265 16.4535834722
210 215.903780599 16.4535279167
211 215.905988932 16.4535001389
212 215.907988932 16.4535556944
213 215.910155598 16.4535834722
214 215.912113931 16.45361125
215 215.914280598 16.45361125
216 215.916405598 16.45361125
217 215.918488931 16.4535834722
218 215.890363949 16.4518056944
219 215.892447283 16.4518056944
220 215.894572283 16.4518056944
221 215.896530616 16.4518334722
222 215.898697282 16.4518334722
223 215.900738949 16.4518334722
224 215.902822283 16.4518056944
225 215.904947282 16.45186125
226 215.906988949 16.45186125
227 215.909155616 16.4518334722
228 215.911155615 16.45186125
229 215.913280615 16.4519168056
230 215.915363948 16.4519168056
231 215.917447282 16.45186125
232 215.919488949 16.45186125
233 215.8913223 16.45011125
234 215.893405633 16.45011125
235 215.895530632 16.4501945833
236 215.897655633 16.4500834722
237 215.899780633 16.4501668056
238 215.901780633 16.4500834722
239 215.9038223 16.4501390278
240 215.905905633 16.4501390278
241 215.908030633 16.4500834722
242 215.910155633 16.4501390278
243 215.912280633 16.4501668056
244 215.914322299 16.4501668056
245 215.916363966 16.4501945833
246 215.918488965 16.4502223611
