1 215.863238698 16.4765834722
2 215.865322032 16.4765001389
3 215.867447031 16.47661125
4 215.869488697 16.47661125
5 215.871530364 16.47661125
6 215.873697031 16.4765556944
7 215.87582203 16.4766390278
8 215.877822032 16.4765279167
9 215.879905364 16.4766390278
10 215.882030364 16.47661125
11 215.88407203 16.4766668056
12 215.886155363 16.4766668056
13 215.88819703 16.4766390278
14 215.890322031 16.47661125
15 215.862280383 16.4747779167
16 215.864280382 16.4748334722
17 215.866363715 16.47486125
18 215.868405381 16.4749168056
19 215.870530382 16.4748334722
20 215.872655382 16.4748334722
21 215.874738716 16.4747779167
22 215.876780382 16.4748056944
23 215.878863715 16.4748890278
24 215.880863715 16.4748890278
25 215.883030382 16.4748334722
26 215.885113715 16.4748890278
27 215.887197048 16.4748890278
28 215.889363715 16.47486125
29 215.891322048 16.47486125
30 215.8632804 16.47311125
31 215.865322066 16.4731390278
32 215.8674054 16.4730556944
33 215.869488733 16.4731390278
34 215.871572067 16.4730556944
35 215.873697067 16.4730834722
36 215.875738732 16.4731945833
37 215.877863732 16.4731668056
38 215.8799054 16.4730834722
39 215.882030399 16.4731945833
40 215.884113733 16.4731390278
41 215.886113733 16.47311125
42 215.888280399 16.4731390278
43 215.890363732 16.4731945833
44 215.862197084 16.47136125
45 215.864322084 16.4713890278
46 215.866363751 16.47136125
47 215.86848875 16.4713890278
48 215.870572083 16.4714168056
49 215.87261375 16.4713890278
50 215.874738751 16.47136125
51 215.87686375 16.4714168056
52 215.878905417 16.4713890278
53 215.881030417 16.4713890278
54 215.883072083 16.4714168056
55 215.88511375 16.4714168056
56 215.887197084 16.4713890278
57 215.889280417 16.4714445833
58 215.891405417 16.4713890278
59 215.863238768 16.4696945833
60 215.865363768 16.4696945833
61 215.867488767 16.4697223611
62 215.869530435 16.4696668056
63 215.871530434 16.4697223611
64 215.873697101 16.4696668056
65 215.875738768 16.4696668056
66 215.877863767 16.4697223611
67 215.879905434 16.4697501389
68 215.881988767 16.4697223611
69 215.884155434 16.4697501389
70 215.886238767 16.4697223611
71 215.888280434 16.4697223611
72 215.890405434 16.4696945833
73 215.862238785 16.4679723611
74 215.864280452 16.4679445833
75 215.866363785 16.4679445833
76 215.868488785 16.4679445833
77 215.870613785 16.4679723611
78 215.872655452 16.4679445833
79 215.874738785 16.4680001389
80 215.876780452 16.4680001389
81 215.878905452 16.4680001389
82 215.881030452 16.4679723611
83 215.883072118 16.4679723611
84 215.885197119 16.4679168056
85 215.887197118 16.4679723611
86 215.889280452 16.4679723611
87 215.891405451 16.4680279167
88 215.863238803 16.4661945833
89 215.865322137 16.4661945833
90 215.867447136 16.4662779167
91 215.869488803 16.4661945833
92 215.871572136 16.4662223611
93 215.873738803 16.4662501389
94 215.875738803 16.4662501389
95 215.877822137 16.4661945833
96 215.879988802 16.4662779167
97 215.882072137 16.4661945833
98 215.884072136 16.4662779167
99 215.886197135 16.4663056944
100 215.888322136 16.4662501389
101 215.890280469 16.4663056944
102 215.862280487 16.4644723611
103 215.864322154 16.4644445833
104 215.866447154 16.4645001389
105 215.86848882 16.4645556944
106 215.870572153 16.4645556944
107 215.872655487 16.4645001389
108 215.87473882 16.4645001389
109 215.876780487 16.4645556944
110 215.878947154 16.4645001389
111 215.880947153 16.4645556944
112 215.883030486 16.4645834722
113 215.885197153 16.4645279167
114 215.887197154 16.4645001389
115 215.88936382 16.4645001389
116 215.891405487 16.4645001389
117 215.863280505 16.4627779167
118 215.865363838 16.4627501389
119 215.867447171 16.4627779167
120 215.869488838 16.4627501389
121 215.871613838 16.4628056944
122 215.87369717 16.4628890278
123 215.875738837 16.4628334722
124 215.877822171 16.4628056944
125 215.879947171 16.4628334722
126 215.882030504 16.46286125
127 215.884072171 16.4628334722
128 215.88619717 16.46286125
129 215.888280504 16.4628334722
130 215.890322171 16.4628334722
131 215.862280522 16.4610834722
132 215.864322188 16.4610834722
133 215.866447188 16.46111125
134 215.868530522 16.4610556944
135 215.870613855 16.4610556944
136 215.872655522 16.46111125
137 215.874738855 16.4610556944
138 215.876822188 16.4610834722
139 215.878947188 16.4610834722
140 215.881030522 16.46111125
141 215.883113855 16.46111125
142 215.885155522 16.46111125
143 215.887238855 16.46111125
144 215.889363855 16.46111125
145 215.891405521 16.4611390278
146 215.863322207 16.4592501389
147 215.865363873 16.4592779167
148 215.86740554 16.4593334722
149 215.869488873 16.4593334722
150 215.87165554 16.4593334722
151 215.873697206 16.45936125
152 215.87578054 16.4593056944
153 215.877905539 16.4594168056
154 215.879947206 16.4593890278
155 215.88203054 16.4593056944
156 215.884113873 16.4593334722
157 215.886155539 16.4594168056
158 215.888197206 16.4593890278
159 215.890363873 16.45936125
160 215.86223889 16.4576390278
161 215.864322224 16.4575834722
162 215.866447224 16.45761125
163 215.868530557 16.45761125
164 215.870613891 16.4575834722
165 215.872697224 16.45761125
166 215.874780557 16.45761125
167 215.87686389 16.4576668056
168 215.878947223 16.4576668056
169 215.881072223 16.4576945833
170 215.883030557 16.4576390278
171 215.885155557 16.4576668056
172 215.88723889 16.4576945833
173 215.889363891 16.4575556944
174 215.891447224 16.45761125
175 215.863280574 16.4559445833
176 215.865322241 16.4559168056
177 215.867447241 16.4559168056
178 215.869530575 16.45586125
179 215.871613908 16.4559168056
180 215.873738907 16.4559723611
181 215.875822241 16.4559445833
182 215.877905574 16.4559723611
183 215.879988908 16.4559168056
184 215.882030574 16.4559723611
185 215.884113908 16.4559168056
186 215.88619724 16.4559723611
187 215.88832224 16.4560001389
188 215.89032224 16.4559723611
189 215.862322259 16.45411125
190 215.864363926 16.4541390278
191 215.866447259 16.4541668056
192 215.868530592 16.4541668056
193 215.870613925 16.4541945833
194 215.872655592 16.4541945833
195 215.874780592 16.4541668056
196 215.876863925 16.4542223611
197 215.878905592 16.4541945833
198 215.881030592 16.4541945833
199 215.883113924 16.4542779167
200 215.885197258 16.4541945833
201 215.887280591 16.4542223611
202 215.889280592 16.4541945833
203 215.891447258 16.4542779167
204 215.86328061 16.4524445833
205 215.865363943 16.4524168056
206 215.867447276 16.4524445833
207 215.86953061 16.4524445833
208 215.871613943 16.4524723611
209 215.873738943 16.4524723611
210 215.875697276 16.4524168056
211 215.87790561 16.4523890278
212 215.87990561 16.4524445833
213 215.882072276 16.4524723611
214 215.884030609 16.4525001389
215 215.886197276 16.4524723611
216 215.888322276 16.4524723611
217 215.890405609 16.4524723611
218 215.862280627 16.4506945833
219 215.864363961 16.4506945833
220 215.866488961 16.4506945833
221 215.868447294 16.4507223611
222 215.87061396 16.4507223611
223 215.872655627 16.4507223611
224 215.874738961 16.4506945833
225 215.87686396 16.4507501389
226 215.878905627 16.4507501389
227 215.881030627 16.4507223611
228 215.883072293 16.4507501389
229 215.885197293 16.4508056944
230 215.887280626 16.4508056944
231 215.88936396 16.4507501389
232 215.891405627 16.4507501389
233 215.863238978 16.4490001389
234 215.865322311 16.4490001389
235 215.86744731 16.4490834722
236 215.869572311 16.4489723611
237 215.871697311 16.4490556944
238 215.873697311 16.4489723611
239 215.875738978 16.4490279167
240 215.877822311 16.4490279167
241 215.879947311 16.4489723611
242 215.882072311 16.4490279167
243 215.884197311 16.4490279167
244 215.886197311 16.4490556944
245 215.888280644 16.4490834722
246 215.890405643 16.44911125
