1 215.863238423 16.5035279167
2 215.865321757 16.5034723611
3 215.867446756 16.5035556944
4 215.869488423 16.5035556944
5 215.87153009 16.5035556944
6 215.873696757 16.5035001389
7 215.875821756 16.5035834722
8 215.877821757 16.5035001389
9 215.879905089 16.50361125
10 215.88203009 16.5035556944
11 215.884071756 16.50361125
12 215.886155089 16.50361125
13 215.888196756 16.5035834722
14 215.890321756 16.5035556944
15 215.862280108 16.5017501389
16 215.864280108 16.5017779167
17 215.866363441 16.5018056944
18 215.868405107 16.50186125
19 215.870530108 16.5018056944
20 215.872655108 16.5017779167
21 215.874738442 16.5017501389
22 215.876780108 16.5017501389
23 215.878863441 16.5018334722
24 215.880863441 16.5018334722
25 215.883030108 16.5017779167
26 215.885113441 16.5018334722
27 215.887196774 16.5018334722
28 215.889363441 16.5018056944
29 215.891363441 16.5018056944
30 215.863280125 16.5000834722
31 215.865280125 16.5000834722
32 215.867405126 16.5000001389
33 215.869488458 16.5000834722
34 215.871571792 16.5000279167
35 215.873696792 16.5000279167
36 215.875738458 16.5001390278
37 215.877863458 16.50011125
38 215.879905125 16.5000556944
39 215.882030125 16.5001390278
40 215.884113458 16.5000834722
41 215.886113459 16.5000556944
42 215.888280125 16.5000834722
43 215.890363458 16.5001390278
44 215.86219681 16.4983334722
45 215.864280143 16.4983334722
46 215.866363477 16.4983056944
47 215.868488476 16.4983334722
48 215.870571809 16.49836125
49 215.872613476 16.49836125
50 215.874738476 16.4983334722
51 215.876863476 16.49836125
52 215.878905143 16.4983334722
53 215.881030143 16.4983334722
54 215.883071809 16.49836125
55 215.885113476 16.49836125
56 215.88719681 16.4983334722
57 215.889280142 16.4983890278
58 215.891405143 16.4983334722
59 215.863238494 16.4966390278
60 215.865363494 16.4966390278
61 215.867488493 16.4966668056
62 215.869530161 16.49661125
63 215.87153016 16.4966668056
64 215.873696827 16.49661125
65 215.875738494 16.4966390278
66 215.877863493 16.4966668056
67 215.87990516 16.4966945833
68 215.881988493 16.4966668056
69 215.88415516 16.4966945833
70 215.886238493 16.4966668056
71 215.88828016 16.4966668056
72 215.89040516 16.4966668056
73 215.862238511 16.4949168056
74 215.864280178 16.4948890278
75 215.866363511 16.4949168056
76 215.868488511 16.4948890278
77 215.870613511 16.4949168056
78 215.872655178 16.4948890278
79 215.874738511 16.4949723611
80 215.876780177 16.4949723611
81 215.878905177 16.4949445833
82 215.881030178 16.4949168056
83 215.883071844 16.4949445833
84 215.885196845 16.49486125
85 215.887238511 16.4949168056
86 215.889321844 16.4949445833
87 215.891405177 16.4949723611
88 215.863238529 16.4931390278
89 215.865321863 16.4931390278
90 215.867446862 16.4932223611
91 215.869488529 16.4931668056
92 215.871571862 16.4931668056
93 215.873738529 16.4931945833
94 215.875738529 16.4931945833
95 215.877821862 16.4931668056
96 215.879988528 16.4932223611
97 215.882071862 16.4931668056
98 215.884071862 16.4932223611
99 215.886196861 16.4932501389
100 215.888321862 16.4931945833
101 215.890280194 16.4932779167
102 215.862280213 16.4914168056
103 215.86432188 16.4913890278
104 215.86644688 16.4914445833
105 215.868488546 16.4915001389
106 215.870571879 16.4915001389
107 215.872655213 16.4914445833
108 215.874738546 16.4914445833
109 215.876780213 16.4915001389
110 215.87894688 16.4914445833
111 215.880946879 16.4915001389
112 215.883030212 16.4915279167
113 215.885196879 16.4914723611
114 215.88719688 16.4914445833
115 215.889363546 16.4914723611
116 215.891405213 16.4914445833
117 215.86328023 16.4897501389
118 215.865363564 16.4897223611
119 215.867446897 16.4897223611
120 215.869488564 16.4896945833
121 215.871613564 16.4897501389
122 215.873696896 16.4898334722
123 215.875738563 16.4898056944
124 215.877821897 16.4897501389
125 215.879946897 16.4897779167
126 215.88203023 16.4898056944
127 215.884071897 16.4897779167
128 215.886196896 16.4898056944
129 215.88828023 16.4898056944
130 215.890321897 16.4897779167
131 215.862280248 16.4880279167
132 215.864321915 16.4880279167
133 215.866446914 16.4880834722
134 215.868530248 16.4880001389
135 215.870613581 16.4880001389
136 215.872655248 16.4880556944
137 215.874738581 16.4880001389
138 215.876821915 16.4880279167
139 215.878946915 16.4880279167
140 215.881030248 16.4880556944
141 215.883113581 16.4880834722
142 215.885155248 16.4880556944
143 215.887238581 16.4880556944
144 215.889363581 16.4880556944
145 215.891405247 16.4880834722
146 215.863321933 16.4862223611
147 215.865363599 16.4862501389
148 215.867405266 16.4862779167
149 215.869488599 16.4862779167
150 215.871655265 16.4863056944
151 215.873696932 16.4863334722
152 215.875780266 16.4862779167
153 215.877905265 16.48636125
154 215.879946932 16.4863334722
155 215.882030266 16.4862779167
156 215.884113599 16.4862779167
157 215.886155265 16.48636125
158 215.888196932 16.4863334722
159 215.890363599 16.4863056944
160 215.86219695 16.4845834722
161 215.86432195 16.4845556944
162 215.86644695 16.4845556944
163 215.868488617 16.4845556944
164 215.870613617 16.4845556944
165 215.87269695 16.4845556944
166 215.874780283 16.4845556944
167 215.876863616 16.48461125
168 215.878946949 16.48461125
169 215.881071949 16.4846390278
170 215.88307195 16.4845834722
171 215.885196949 16.48461125
172 215.887238616 16.4846390278
173 215.889363617 16.4845279167
174 215.89144695 16.4845556944
175 215.8632803 16.4828890278
176 215.865321967 16.4828890278
177 215.867446967 16.4828890278
178 215.869530301 16.4828056944
179 215.871613634 16.48286125
180 215.873738633 16.4829445833
181 215.875821967 16.4828890278
182 215.8779053 16.4829168056
183 215.879988634 16.48286125
184 215.8820303 16.4829168056
185 215.884113634 16.48286125
186 215.886196967 16.4829168056
187 215.888321966 16.4829445833
188 215.890321967 16.4829168056
189 215.862321985 16.4810556944
190 215.864363652 16.4810834722
191 215.866446985 16.4811390278
192 215.868530318 16.48111125
193 215.870613651 16.4811390278
194 215.872655318 16.4811668056
195 215.874780318 16.48111125
196 215.876863651 16.4811668056
197 215.878905318 16.4811390278
198 215.881030318 16.4811390278
199 215.88311365 16.4812223611
200 215.885196985 16.4811390278
201 215.887321984 16.4811668056
202 215.889280318 16.4811668056
203 215.891446983 16.4812501389
204 215.863280336 16.4793890278
205 215.865363669 16.47936125
206 215.867447002 16.4793890278
207 215.869530335 16.4794168056
208 215.871613669 16.4794168056
209 215.873738669 16.4794168056
210 215.875697003 16.47936125
211 215.877905336 16.47936125
212 215.879905336 16.4793890278
213 215.882072002 16.4794168056
214 215.884030335 16.4794445833
215 215.886197002 16.4794445833
216 215.888322002 16.4794445833
217 215.890405335 16.4794168056
218 215.862280354 16.4776390278
219 215.864363687 16.4776390278
220 215.866488687 16.4776668056
221 215.86844702 16.4776668056
222 215.870613686 16.4776945833
223 215.872655353 16.4776668056
224 215.874738687 16.4776390278
225 215.876863686 16.4776945833
226 215.878905353 16.4776945833
227 215.881030353 16.4776668056
228 215.88307202 16.4776945833
229 215.885197019 16.4777501389
230 215.887280352 16.4777501389
231 215.889363686 16.4776945833
232 215.891405353 16.4776945833
233 215.863238704 16.4759445833
234 215.865322037 16.4759445833
235 215.867447037 16.4760279167
236 215.869572038 16.4759168056
237 215.871697037 16.4760279167
238 215.873697037 16.4759445833
239 215.875738704 16.4759723611
240 215.877822037 16.4759723611
241 215.879947037 16.4759445833
242 215.882072037 16.4759723611
243 215.884197037 16.4760001389
244 215.886197037 16.4760001389
245 215.88828037 16.4760279167
246 215.89040537 16.4760556944
