1 215.891363423 16.5035279167
2 215.893405091 16.5034723611
3 215.89553009 16.5035556944
4 215.897613423 16.5035556944
5 215.899613423 16.5035556944
6 215.90178009 16.5035001389
7 215.903905089 16.5035834722
8 215.905946757 16.5035001389
9 215.907988423 16.50361125
10 215.910113423 16.5035556944
11 215.912155089 16.50361125
12 215.914238423 16.50361125
13 215.916321756 16.5035834722
14 215.91840509 16.5035556944
15 215.890363442 16.5017501389
16 215.892363441 16.5017779167
17 215.894446774 16.5018056944
18 215.896530107 16.50186125
19 215.898613441 16.5018056944
20 215.900738441 16.5017779167
21 215.902821775 16.5017501389
22 215.904863442 16.5017501389
23 215.906946774 16.5018334722
24 215.908946774 16.5018334722
25 215.911113441 16.5017779167
26 215.913196774 16.5018334722
27 215.915280107 16.5018334722
28 215.917446774 16.5018056944
29 215.919446774 16.5018056944
30 215.891363458 16.5000834722
31 215.893405125 16.5000834722
32 215.895488459 16.5000001389
33 215.897571792 16.5000834722
34 215.899655126 16.5000279167
35 215.901780126 16.5000279167
36 215.903821791 16.5001390278
37 215.905946792 16.50011125
38 215.907988459 16.5000556944
39 215.910155125 16.5001390278
40 215.912196792 16.5000834722
41 215.914196792 16.5000556944
42 215.916363458 16.5000834722
43 215.918446791 16.5001390278
44 215.890280143 16.4983334722
45 215.892405143 16.4983334722
46 215.89444681 16.4983056944
47 215.89657181 16.4983334722
48 215.898655143 16.49836125
49 215.900696809 16.49836125
50 215.90282181 16.4983334722
51 215.904946809 16.49836125
52 215.906988476 16.4983334722
53 215.909113476 16.4983334722
54 215.911155143 16.49836125
55 215.913196809 16.49836125
56 215.915280143 16.4983334722
57 215.917363476 16.4983890278
58 215.919530143 16.4983334722
59 215.891321827 16.4966390278
60 215.893446827 16.4966390278
61 215.895571827 16.4966668056
62 215.897613494 16.49661125
63 215.899613493 16.4966668056
64 215.901780161 16.49661125
65 215.903863494 16.4966390278
66 215.905946827 16.4966668056
67 215.907988493 16.4966945833
68 215.910113493 16.4966668056
69 215.912238493 16.4966945833
70 215.914321827 16.4966668056
71 215.916363493 16.4966668056
72 215.918488493 16.4966668056
73 215.890321844 16.4949168056
74 215.892363511 16.4948890278
75 215.894446844 16.4949168056
76 215.896571845 16.4948890278
77 215.898696844 16.4949168056
78 215.900738511 16.4948890278
79 215.902863511 16.4949723611
80 215.904863511 16.4949723611
81 215.906988511 16.4949445833
82 215.909113511 16.4949168056
83 215.911155177 16.4949445833
84 215.913280178 16.49486125
85 215.915321844 16.4949168056
86 215.917405177 16.4949445833
87 215.919488511 16.4949723611
88 215.891321863 16.4931390278
89 215.893405196 16.4931390278
90 215.895530195 16.4932223611
91 215.897571862 16.4931668056
92 215.899696862 16.4931668056
93 215.901821862 16.4931945833
94 215.903863529 16.4931945833
95 215.905905196 16.4931668056
96 215.908071862 16.4932223611
97 215.910155196 16.4931668056
98 215.912155195 16.4932223611
99 215.914280195 16.4932501389
100 215.916405195 16.4931945833
101 215.918363528 16.4932779167
102 215.890363547 16.4914168056
103 215.892405214 16.4913890278
104 215.894530213 16.4914445833
105 215.896613546 16.4915001389
106 215.898655213 16.4915001389
107 215.900738546 16.4914445833
108 215.90282188 16.4914445833
109 215.904863546 16.4915001389
110 215.907030213 16.4914445833
111 215.909071879 16.4915001389
112 215.911113546 16.4915279167
113 215.913280213 16.4914723611
114 215.915280213 16.4914445833
115 215.917446879 16.4914723611
116 215.919488546 16.4914445833
117 215.891363564 16.4897501389
118 215.893446897 16.4897223611
119 215.895571897 16.4897223611
120 215.897571898 16.4896945833
121 215.899696897 16.4897501389
122 215.90178023 16.4898334722
123 215.903821896 16.4898056944
124 215.90590523 16.4897501389
125 215.908071897 16.4897779167
126 215.91015523 16.4898056944
127 215.91215523 16.4897779167
128 215.914321896 16.4898056944
129 215.916363563 16.4898056944
130 215.91840523 16.4897779167
131 215.890363581 16.4880279167
132 215.892446915 16.4880279167
133 215.894530247 16.4880834722
134 215.896613581 16.4880001389
135 215.898696915 16.4880001389
136 215.900738581 16.4880556944
137 215.902821915 16.4880001389
138 215.904905248 16.4880279167
139 215.907030248 16.4880279167
140 215.909113581 16.4880556944
141 215.911196914 16.4880834722
142 215.913238581 16.4880556944
143 215.915321914 16.4880556944
144 215.917446914 16.4880556944
145 215.919488581 16.4880834722
146 215.891405266 16.4862223611
147 215.893446933 16.4862501389
148 215.895488599 16.4862779167
149 215.897571932 16.4862779167
150 215.899738599 16.4863056944
151 215.901780265 16.4863334722
152 215.903863599 16.4862779167
153 215.905988598 16.48636125
154 215.908071932 16.4863334722
155 215.910113599 16.4862779167
156 215.912196932 16.4862779167
157 215.914238598 16.48636125
158 215.916280265 16.4863334722
159 215.918446932 16.4863056944
160 215.89032195 16.4845834722
161 215.892405283 16.4845556944
162 215.894530283 16.4845556944
163 215.896613617 16.4845556944
164 215.89869695 16.4845556944
165 215.900780283 16.4845556944
166 215.902905283 16.4845556944
167 215.904946949 16.48461125
168 215.907030283 16.48461125
169 215.909155282 16.4846390278
170 215.911155283 16.4845834722
171 215.913280283 16.48461125
172 215.915363616 16.4846390278
173 215.91744695 16.4845279167
174 215.919530283 16.4845556944
175 215.891363633 16.4828890278
176 215.8934053 16.4828890278
177 215.895571967 16.4828890278
178 215.897613634 16.4828056944
179 215.899738634 16.48286125
180 215.901821966 16.4829445833
181 215.9039053 16.4828890278
182 215.9060303 16.4829168056
183 215.908071967 16.48286125
184 215.910113633 16.4829168056
185 215.912238634 16.48286125
186 215.9142803 16.4829168056
187 215.9164053 16.4829445833
188 215.9184053 16.4829168056
189 215.890405319 16.4810556944
190 215.892446985 16.4810834722
191 215.894530318 16.4811390278
192 215.896613652 16.48111125
193 215.898696985 16.4811390278
194 215.900738651 16.4811668056
195 215.902863652 16.48111125
196 215.904946984 16.4811668056
197 215.906988651 16.4811390278
198 215.909113651 16.4811390278
199 215.911196984 16.4812223611
200 215.913280318 16.4811390278
201 215.915405318 16.4811668056
202 215.917363651 16.4811668056
203 215.919530317 16.4812501389
204 215.891363669 16.4793890278
205 215.893447003 16.47936125
206 215.895530336 16.4793890278
207 215.897613669 16.4794168056
208 215.899697002 16.4794168056
209 215.901822002 16.4794168056
210 215.903780336 16.47936125
211 215.905988669 16.47936125
212 215.907988669 16.4793890278
213 215.910155335 16.4794168056
214 215.912155335 16.4794445833
215 215.914280335 16.4794445833
216 215.916447002 16.4794445833
217 215.918488669 16.4794168056
218 215.890363687 16.4776390278
219 215.89244702 16.4776390278
220 215.89457202 16.4776668056
221 215.896530353 16.4776668056
222 215.89869702 16.4776945833
223 215.900738687 16.4776668056
224 215.90282202 16.4776390278
225 215.90494702 16.4776945833
226 215.906988686 16.4776945833
227 215.909155353 16.4776668056
228 215.911155353 16.4776945833
229 215.913280352 16.4777501389
230 215.915363686 16.4777501389
231 215.91744702 16.4776945833
232 215.919488686 16.4776945833
233 215.891322037 16.4759445833
234 215.893405371 16.4759445833
235 215.89553037 16.4760279167
236 215.897655371 16.4759168056
237 215.89978037 16.4760279167
238 215.901780371 16.4759445833
239 215.903822037 16.4759723611
240 215.905947037 16.4759723611
241 215.908030371 16.4759445833
242 215.910155371 16.4759723611
243 215.91228037 16.4760001389
244 215.914322037 16.4760001389
245 215.916363703 16.4760279167
246 215.918488703 16.4760556944
