1 215.891363412 16.5046390278
2 215.893405079 16.5045834722
3 215.895530078 16.5046668056
4 215.897613412 16.5046668056
5 215.899613412 16.5046668056
6 215.901780079 16.50461125
7 215.903905078 16.5047223611
8 215.905946746 16.50461125
9 215.907988411 16.5047223611
10 215.910113412 16.5046668056
11 215.912155078 16.5047223611
12 215.914238411 16.5047223611
13 215.916280078 16.5046945833
14 215.918405078 16.5046668056
15 215.89036343 16.50286125
16 215.89236343 16.5028890278
17 215.894446763 16.5029168056
18 215.896488429 16.5029723611
19 215.89861343 16.5029168056
20 215.90073843 16.5028890278
21 215.902821764 16.50286125
22 215.90486343 16.50286125
23 215.906946763 16.5029445833
24 215.908946763 16.5029445833
25 215.91111343 16.5028890278
26 215.913196763 16.5029445833
27 215.915280096 16.5029445833
28 215.917446763 16.5029445833
29 215.919446763 16.5029168056
30 215.891363447 16.5011945833
31 215.893405114 16.5011945833
32 215.895488448 16.50111125
33 215.89757178 16.5011945833
34 215.899655114 16.5011390278
35 215.901780114 16.5011390278
36 215.90382178 16.5012501389
37 215.90594678 16.5012223611
38 215.907988447 16.5011668056
39 215.910155113 16.5012501389
40 215.91219678 16.5011945833
41 215.914196781 16.5011668056
42 215.916363447 16.5011945833
43 215.91844678 16.5012501389
44 215.890280132 16.4994445833
45 215.892405132 16.4994445833
46 215.894446799 16.4994168056
47 215.896571798 16.4994445833
48 215.898655131 16.4994723611
49 215.900696798 16.4994723611
50 215.902821798 16.4994445833
51 215.904946798 16.4994723611
52 215.906988465 16.4994445833
53 215.909113465 16.4994445833
54 215.911155131 16.4995001389
55 215.913196798 16.4994723611
56 215.915280132 16.4994445833
57 215.917363464 16.4995001389
58 215.919488465 16.4994445833
59 215.891321816 16.4977501389
60 215.893446816 16.4977501389
61 215.895571815 16.4977779167
62 215.897613482 16.4977501389
63 215.899613482 16.4977779167
64 215.901780149 16.4977223611
65 215.903863482 16.4977501389
66 215.905946815 16.4977779167
67 215.907988482 16.4978056944
68 215.910071815 16.4977779167
69 215.912238482 16.4978056944
70 215.914321815 16.4978056944
71 215.916363482 16.4977779167
72 215.918488482 16.4977779167
73 215.890321833 16.4960279167
74 215.8923635 16.4960001389
75 215.894446833 16.4960279167
76 215.896571833 16.4960279167
77 215.898696833 16.4960279167
78 215.9007385 16.4960279167
79 215.902821833 16.4960834722
80 215.904863499 16.4960834722
81 215.906988499 16.4960556944
82 215.9091135 16.4960279167
83 215.911155166 16.4960556944
84 215.913280167 16.4959723611
85 215.915321833 16.4960279167
86 215.917405166 16.4960556944
87 215.919488499 16.4960834722
88 215.891321851 16.4942501389
89 215.893405185 16.4942501389
90 215.895530184 16.4943334722
91 215.897571851 16.4942779167
92 215.899696851 16.4942779167
93 215.901821851 16.4943056944
94 215.903821851 16.4943056944
95 215.905905184 16.4942779167
96 215.90807185 16.4943334722
97 215.910155184 16.4942779167
98 215.912155184 16.4943334722
99 215.914280183 16.49436125
100 215.916405184 16.4943334722
101 215.918363516 16.4943890278
102 215.890363535 16.4925279167
103 215.892405202 16.4925001389
104 215.894530202 16.4925556944
105 215.896571868 16.49261125
106 215.898655201 16.49261125
107 215.900738535 16.4925556944
108 215.902821868 16.4925556944
109 215.904863535 16.49261125
110 215.907030202 16.4925556944
111 215.909071868 16.49261125
112 215.911113534 16.4926390278
113 215.913280202 16.4925834722
114 215.915280202 16.4925556944
115 215.917446868 16.4925834722
116 215.919488535 16.4925556944
117 215.891363552 16.49086125
118 215.893446886 16.4908334722
119 215.895530219 16.4908334722
120 215.897571886 16.4908056944
121 215.899696886 16.49086125
122 215.901780218 16.4909445833
123 215.903821885 16.4909168056
124 215.905905219 16.49086125
125 215.908071885 16.4908890278
126 215.910155218 16.4909168056
127 215.912155219 16.4908890278
128 215.914280218 16.4909168056
129 215.916363552 16.4909168056
130 215.918405219 16.4908890278
131 215.89036357 16.4891390278
132 215.892405237 16.4891390278
133 215.894530236 16.4891945833
134 215.89661357 16.48911125
135 215.898696904 16.48911125
136 215.90073857 16.4891668056
137 215.902821904 16.48911125
138 215.904905237 16.4891390278
139 215.907030237 16.4891390278
140 215.90911357 16.4891668056
141 215.911196903 16.4891945833
142 215.91323857 16.4891668056
143 215.915321903 16.4891668056
144 215.917446903 16.4891945833
145 215.919488569 16.4891945833
146 215.891405255 16.4873334722
147 215.893446921 16.48736125
148 215.895488588 16.4873890278
149 215.897571921 16.4873890278
150 215.899738587 16.4874168056
151 215.901780254 16.4874445833
152 215.903863588 16.4873890278
153 215.905988587 16.4874723611
154 215.908030254 16.4874445833
155 215.910113588 16.4873890278
156 215.912196921 16.4874168056
157 215.914238587 16.4874723611
158 215.916280254 16.4874445833
159 215.918446921 16.4874168056
160 215.890321938 16.4856945833
161 215.892405272 16.4856668056
162 215.894530272 16.4856668056
163 215.896613605 16.4856668056
164 215.898696939 16.4856668056
165 215.900780272 16.4856668056
166 215.902905272 16.4856668056
167 215.904946938 16.4857223611
168 215.907030271 16.4857223611
169 215.909155271 16.4857501389
170 215.911155272 16.4856945833
171 215.913280271 16.4857501389
172 215.915321938 16.4857501389
173 215.917446939 16.4856390278
174 215.919530272 16.4856668056
175 215.891363622 16.4840001389
176 215.893405289 16.4840001389
177 215.895530289 16.4840001389
178 215.897613623 16.4839168056
179 215.899738622 16.4839723611
180 215.901821955 16.4840556944
181 215.903905289 16.4840001389
182 215.906030289 16.4840279167
183 215.908071956 16.4839723611
184 215.910113622 16.4840279167
185 215.912196956 16.4840001389
186 215.914280289 16.4840279167
187 215.916405288 16.4840556944
188 215.918405289 16.4840279167
189 215.890405308 16.4821668056
190 215.892446974 16.4821945833
191 215.894530307 16.4822501389
192 215.89661364 16.4822501389
193 215.898696973 16.4822779167
194 215.90073864 16.4822779167
195 215.90286364 16.4822223611
196 215.904946973 16.4822779167
197 215.90698864 16.4822501389
198 215.90911364 16.4822501389
199 215.911196972 16.4823334722
200 215.913280307 16.4822501389
201 215.915405306 16.4822779167
202 215.91736364 16.4822779167
203 215.919530306 16.48236125
204 215.891363658 16.4805001389
205 215.893446991 16.4804723611
206 215.895530324 16.4805001389
207 215.897613658 16.4805279167
208 215.899696991 16.4805279167
209 215.901821991 16.4805556944
210 215.903780325 16.4804723611
211 215.905988658 16.4804723611
212 215.907988658 16.4805001389
213 215.910155324 16.4805279167
214 215.912113657 16.4805834722
215 215.914280324 16.4805556944
216 215.916446991 16.4805556944
217 215.918488658 16.4805279167
218 215.890363676 16.4787501389
219 215.892447009 16.4787501389
220 215.894572009 16.4787779167
221 215.896530342 16.4787779167
222 215.898697008 16.4788056944
223 215.900738675 16.4788056944
224 215.902822009 16.4787501389
225 215.904947008 16.4788056944
226 215.906988675 16.4788056944
227 215.909155342 16.4787779167
228 215.911155341 16.4788334722
229 215.913280341 16.47886125
230 215.915363674 16.47886125
231 215.917447008 16.4788056944
232 215.919488675 16.4788334722
233 215.891322026 16.4770556944
234 215.893405359 16.4770556944
235 215.895530359 16.4771390278
236 215.89765536 16.4770279167
237 215.899780359 16.4771390278
238 215.901780359 16.4770556944
239 215.903822026 16.4770834722
240 215.905905359 16.4770834722
241 215.908030359 16.4770556944
242 215.910155359 16.4770834722
243 215.912280359 16.47711125
244 215.914322026 16.47711125
245 215.916363692 16.4771390278
246 215.918488692 16.4771668056
