1 215.891363698 16.4765834722
2 215.893405365 16.4765001389
3 215.895530364 16.47661125
4 215.897613697 16.47661125
5 215.899613697 16.47661125
6 215.901780365 16.4765556944
7 215.903905364 16.4766390278
8 215.905947032 16.4765279167
9 215.907988697 16.4766390278
10 215.910113697 16.47661125
11 215.912155363 16.4766668056
12 215.914238697 16.4766668056
13 215.916280364 16.4766390278
14 215.918405364 16.47661125
15 215.890363716 16.4747779167
16 215.892363715 16.4748334722
17 215.894447048 16.47486125
18 215.896530381 16.4749168056
19 215.898613715 16.4748334722
20 215.900738715 16.4748334722
21 215.902822049 16.4747779167
22 215.904863716 16.4748056944
23 215.906947048 16.4748890278
24 215.908947048 16.4748890278
25 215.911113715 16.4748334722
26 215.913197048 16.4748890278
27 215.915280382 16.4748890278
28 215.917447048 16.47486125
29 215.919447048 16.47486125
30 215.891363733 16.47311125
31 215.893405399 16.4731390278
32 215.895488733 16.4730556944
33 215.897572066 16.4731390278
34 215.8996554 16.4730556944
35 215.9017804 16.4730834722
36 215.903822065 16.4731945833
37 215.905947066 16.4731668056
38 215.907988733 16.4730834722
39 215.910155399 16.4731945833
40 215.912197066 16.4731390278
41 215.914197066 16.47311125
42 215.916363733 16.4731390278
43 215.918447065 16.4731945833
44 215.890280417 16.47136125
45 215.892405417 16.4713890278
46 215.894447084 16.47136125
47 215.896572084 16.4713890278
48 215.898655417 16.4714168056
49 215.900697084 16.4713890278
50 215.902822084 16.47136125
51 215.904947083 16.4714168056
52 215.90698875 16.4713890278
53 215.90911375 16.4713890278
54 215.911155417 16.4714168056
55 215.913197083 16.4714168056
56 215.915280417 16.4713890278
57 215.91736375 16.4714445833
58 215.91948875 16.4713890278
59 215.891363768 16.4696945833
60 215.893447101 16.4696945833
61 215.895572101 16.4697223611
62 215.897613768 16.4696668056
63 215.899613767 16.4697223611
64 215.901780435 16.4696668056
65 215.903863768 16.4696668056
66 215.905947101 16.4697223611
67 215.907988767 16.4697501389
68 215.910113767 16.4697223611
69 215.912238767 16.4697501389
70 215.914322101 16.4697223611
71 215.916363767 16.4697223611
72 215.918488768 16.4696945833
73 215.890322118 16.4679723611
74 215.892363785 16.4679445833
75 215.894447119 16.4679445833
76 215.896572119 16.4679445833
77 215.898697118 16.4679723611
78 215.900738785 16.4679445833
79 215.902863785 16.4680001389
80 215.904863785 16.4680001389
81 215.906988785 16.4680001389
82 215.909113785 16.4679723611
83 215.911155452 16.4679723611
84 215.913280452 16.4679168056
85 215.915322118 16.4679723611
86 215.917405452 16.4679723611
87 215.919488785 16.4680279167
88 215.891363803 16.4661945833
89 215.89340547 16.4661945833
90 215.895530469 16.4662779167
91 215.897572137 16.4661945833
92 215.899697136 16.4662223611
93 215.901822136 16.4662501389
94 215.903863803 16.4662501389
95 215.90590547 16.4661945833
96 215.908072136 16.4662779167
97 215.91015547 16.4661945833
98 215.912155469 16.4662779167
99 215.914280469 16.4663056944
100 215.916405469 16.4662501389
101 215.918363802 16.4663056944
102 215.890363821 16.4644723611
103 215.892405488 16.4644445833
104 215.894530487 16.4645001389
105 215.89661382 16.4645556944
106 215.898655487 16.4645556944
107 215.90073882 16.4645001389
108 215.902822154 16.4645001389
109 215.90486382 16.4645556944
110 215.907030487 16.4645001389
111 215.909072153 16.4645556944
112 215.91111382 16.4645834722
113 215.913280487 16.4645279167
114 215.915280487 16.4645001389
115 215.917447154 16.4645001389
116 215.91948882 16.4645001389
117 215.891363838 16.4627779167
118 215.893447172 16.4627501389
119 215.895572171 16.4627779167
120 215.897572172 16.4627501389
121 215.899697171 16.4628056944
122 215.901780503 16.4628890278
123 215.903822171 16.4628334722
124 215.905905504 16.4628056944
125 215.908072171 16.4628334722
126 215.910155504 16.46286125
127 215.912155504 16.4628334722
128 215.914280504 16.46286125
129 215.916363837 16.4628334722
130 215.918405504 16.4628334722
131 215.890363855 16.4610834722
132 215.892447188 16.4610834722
133 215.894530522 16.46111125
134 215.896613855 16.4610556944
135 215.898697189 16.4610556944
136 215.900738855 16.46111125
137 215.902822189 16.4610556944
138 215.904905522 16.4610834722
139 215.907030522 16.4610834722
140 215.909113855 16.46111125
141 215.911197188 16.46111125
142 215.913238855 16.46111125
143 215.915322188 16.46111125
144 215.917447188 16.46111125
145 215.919488855 16.4611390278
146 215.89140554 16.4592501389
147 215.893447207 16.4592779167
148 215.895488873 16.4593334722
149 215.897572206 16.4593334722
150 215.899738873 16.4593334722
151 215.901780539 16.45936125
152 215.903863873 16.4593056944
153 215.905988872 16.4594168056
154 215.908072206 16.4593890278
155 215.910113873 16.4593056944
156 215.912197206 16.4593334722
157 215.914238872 16.4594168056
158 215.916280539 16.4593890278
159 215.918447206 16.45936125
160 215.890322223 16.4576390278
161 215.892405557 16.4575834722
162 215.894530557 16.45761125
163 215.89661389 16.45761125
164 215.898697224 16.4575834722
165 215.900780557 16.45761125
166 215.902905557 16.45761125
167 215.904947223 16.4576668056
168 215.907030557 16.4576668056
169 215.909155556 16.4576945833
170 215.911155557 16.4576390278
171 215.913280557 16.4576668056
172 215.915322223 16.4576945833
173 215.917447224 16.4575556944
174 215.919530557 16.45761125
175 215.891363907 16.4559445833
176 215.893405574 16.4559168056
177 215.895572241 16.4559168056
178 215.897655575 16.45586125
179 215.899738908 16.4559168056
180 215.90182224 16.4559723611
181 215.903905574 16.4559445833
182 215.906030574 16.4559723611
183 215.908072241 16.4559168056
184 215.910113907 16.4559723611
185 215.912238908 16.4559168056
186 215.914280574 16.4559723611
187 215.916405573 16.4560001389
188 215.918405574 16.4559723611
189 215.890405593 16.45411125
190 215.892447259 16.4541390278
191 215.894530592 16.4541668056
192 215.896613925 16.4541668056
193 215.898697258 16.4541945833
194 215.900738925 16.4541945833
195 215.902863925 16.4541668056
196 215.904947258 16.4542223611
197 215.906988925 16.4541945833
198 215.909113925 16.4541945833
199 215.911197258 16.4542779167
200 215.913280592 16.4541945833
201 215.915405591 16.4542223611
202 215.917363925 16.4541945833
203 215.919530591 16.4542779167
204 215.891363943 16.4524445833
205 215.893447276 16.4524168056
206 215.89553061 16.4524445833
207 215.897613943 16.4524445833
208 215.899697276 16.4524723611
209 215.901822276 16.4524723611
210 215.90378061 16.4524168056
211 215.905988943 16.4523890278
212 215.907988943 16.4524445833
213 215.910155609 16.4524723611
214 215.912113942 16.4525001389
215 215.914280609 16.4524723611
216 215.916447276 16.4524723611
217 215.918488943 16.4524723611
218 215.890363961 16.4506945833
219 215.892447294 16.4506945833
220 215.894572294 16.4506945833
221 215.896530627 16.4507223611
222 215.898697294 16.4507223611
223 215.90073896 16.4507223611
224 215.902822294 16.4506945833
225 215.904947293 16.4507501389
226 215.90698896 16.4507501389
227 215.909155627 16.4507223611
228 215.911155627 16.4507501389
229 215.913280626 16.4508056944
230 215.915363959 16.4508056944
231 215.917447293 16.4507501389
232 215.91948896 16.4507501389
233 215.891322311 16.4490001389
234 215.893447311 16.4490001389
235 215.89557231 16.4490834722
236 215.897655645 16.4489723611
237 215.899780644 16.4490556944
238 215.901780645 16.4489723611
239 215.903822311 16.4490279167
240 215.905947311 16.4490279167
241 215.908030645 16.4489723611
242 215.910155644 16.4490279167
243 215.912280644 16.4490279167
244 215.914322311 16.4490556944
245 215.916363977 16.4490834722
246 215.918488977 16.44911125
