1 215.863238412 16.5046390278
2 215.865321746 16.5045834722
3 215.867446745 16.5046668056
4 215.869488412 16.5046668056
5 215.871530078 16.5046668056
6 215.873696746 16.50461125
7 215.875821745 16.5047223611
8 215.877821746 16.50461125
9 215.879905078 16.5047223611
10 215.882030078 16.5046668056
11 215.884071745 16.5047223611
12 215.886155078 16.5047223611
13 215.888196745 16.5046945833
14 215.890321745 16.5046668056
15 215.862280097 16.50286125
16 215.864280097 16.5028890278
17 215.86636343 16.5029168056
18 215.868405096 16.5029723611
19 215.870530096 16.5029168056
20 215.872655097 16.5028890278
21 215.87473843 16.50286125
22 215.876780097 16.50286125
23 215.878863429 16.5029445833
24 215.880863429 16.5029445833
25 215.883030097 16.5028890278
26 215.885113429 16.5029445833
27 215.887196763 16.5029445833
28 215.889363429 16.5029445833
29 215.891321763 16.5029168056
30 215.863280114 16.5011945833
31 215.865280114 16.5011945833
32 215.867405115 16.50111125
33 215.869488447 16.5011945833
34 215.871571781 16.5011390278
35 215.873696781 16.5011390278
36 215.875738447 16.5012501389
37 215.877863447 16.5012223611
38 215.879905114 16.5011668056
39 215.882030113 16.5012501389
40 215.884113447 16.5011945833
41 215.886113447 16.5011668056
42 215.888280114 16.5011945833
43 215.890363447 16.5012501389
44 215.862196798 16.4994445833
45 215.864280132 16.4994445833
46 215.866363465 16.4994168056
47 215.868488465 16.4994445833
48 215.870571798 16.4994723611
49 215.872613465 16.4994723611
50 215.874738465 16.4994445833
51 215.876821798 16.4994723611
52 215.878905132 16.4994445833
53 215.881030132 16.4994445833
54 215.883071798 16.4995001389
55 215.885113465 16.4994723611
56 215.887196798 16.4994445833
57 215.889280131 16.4995001389
58 215.891405132 16.4994445833
59 215.863238482 16.4977501389
60 215.865363482 16.4977501389
61 215.867488482 16.4977779167
62 215.869530149 16.4977501389
63 215.871530149 16.4977779167
64 215.873655149 16.4977223611
65 215.875738482 16.4977501389
66 215.877863482 16.4977779167
67 215.879905148 16.4978056944
68 215.881988482 16.4977779167
69 215.884155148 16.4978056944
70 215.886238482 16.4978056944
71 215.888280149 16.4977779167
72 215.890405149 16.4977779167
73 215.8622385 16.4960279167
74 215.8642385 16.4960001389
75 215.8663635 16.4960279167
76 215.8684885 16.4960279167
77 215.8706135 16.4960279167
78 215.872655166 16.4960279167
79 215.874738499 16.4960834722
80 215.876780166 16.4960834722
81 215.878905166 16.4960556944
82 215.881030166 16.4960279167
83 215.883071833 16.4960556944
84 215.885196834 16.4959723611
85 215.887196833 16.4960279167
86 215.889280166 16.4960556944
87 215.891405166 16.4960834722
88 215.863238518 16.4942501389
89 215.865321851 16.4942501389
90 215.86744685 16.4943334722
91 215.869488518 16.4942779167
92 215.871571851 16.4942779167
93 215.873738517 16.4943056944
94 215.875738517 16.4943056944
95 215.877821851 16.4942779167
96 215.879988517 16.4943334722
97 215.882030184 16.4942779167
98 215.88407185 16.4943334722
99 215.88619685 16.49436125
100 215.88832185 16.4943334722
101 215.890280183 16.4943890278
102 215.862280202 16.4925279167
103 215.864321869 16.4925001389
104 215.866405202 16.4925556944
105 215.868488535 16.49261125
106 215.870571868 16.49261125
107 215.872655202 16.4925556944
108 215.874738535 16.4925556944
109 215.876780201 16.49261125
110 215.878946868 16.4925556944
111 215.880946868 16.49261125
112 215.883030201 16.4926390278
113 215.885196868 16.4925834722
114 215.887196868 16.4925556944
115 215.889363535 16.4925834722
116 215.891405202 16.4925556944
117 215.863238552 16.49086125
118 215.865363553 16.4908334722
119 215.867446886 16.4908334722
120 215.869488553 16.4908056944
121 215.871613552 16.49086125
122 215.873696885 16.4909445833
123 215.875738552 16.4909168056
124 215.877821886 16.49086125
125 215.879946885 16.4908890278
126 215.882030218 16.4909168056
127 215.884071885 16.4908890278
128 215.886196885 16.4909168056
129 215.888280218 16.4909168056
130 215.890321885 16.4908890278
131 215.862280237 16.4891390278
132 215.864321903 16.4891390278
133 215.866446903 16.4891945833
134 215.868530237 16.48911125
135 215.87061357 16.48911125
136 215.872655236 16.4891668056
137 215.87473857 16.48911125
138 215.876821903 16.4891390278
139 215.878946903 16.4891390278
140 215.881030236 16.4891668056
141 215.883113569 16.4891945833
142 215.885155236 16.4891668056
143 215.88723857 16.4891668056
144 215.889363569 16.4891945833
145 215.891405236 16.4891945833
146 215.863321922 16.4873334722
147 215.865363588 16.48736125
148 215.867405254 16.4873890278
149 215.869488588 16.4873890278
150 215.871655254 16.4874168056
151 215.87369692 16.4874445833
152 215.875780254 16.4873890278
153 215.877905254 16.4874723611
154 215.87994692 16.4874445833
155 215.882030254 16.4873890278
156 215.884113587 16.4874168056
157 215.886155254 16.4874723611
158 215.88819692 16.4874445833
159 215.890363587 16.4874168056
160 215.862196938 16.4856945833
161 215.864321939 16.4856668056
162 215.866446939 16.4856668056
163 215.868488605 16.4856668056
164 215.870613605 16.4856668056
165 215.872696939 16.4856668056
166 215.874780272 16.4856668056
167 215.876863605 16.4857223611
168 215.878946938 16.4857223611
169 215.881071938 16.4857501389
170 215.883030272 16.4856945833
171 215.885155271 16.4857501389
172 215.887238604 16.4857501389
173 215.889363606 16.4856390278
174 215.891446939 16.4856668056
175 215.863280289 16.4840001389
176 215.865321956 16.4840001389
177 215.867446956 16.4840001389
178 215.86953029 16.4839168056
179 215.871613622 16.4839723611
180 215.873738622 16.4840556944
181 215.875821956 16.4840001389
182 215.877905289 16.4840279167
183 215.879988622 16.4839723611
184 215.882030289 16.4840279167
185 215.884113622 16.4840001389
186 215.886196955 16.4840279167
187 215.888321955 16.4840556944
188 215.890321955 16.4840279167
189 215.862321974 16.4821668056
190 215.864363641 16.4821945833
191 215.866446973 16.4822501389
192 215.868530307 16.4822501389
193 215.87061364 16.4822779167
194 215.872655306 16.4822779167
195 215.874780307 16.4822223611
196 215.87686364 16.4822779167
197 215.878905307 16.4822501389
198 215.881030307 16.4822501389
199 215.883113639 16.4823334722
200 215.885196973 16.4822501389
201 215.887280306 16.4822779167
202 215.889280306 16.4822779167
203 215.891446972 16.48236125
204 215.863280324 16.4805001389
205 215.865363658 16.4804723611
206 215.867446991 16.4805001389
207 215.869530324 16.4805279167
208 215.871613658 16.4805279167
209 215.873738657 16.4805556944
210 215.875696991 16.4804723611
211 215.877905325 16.4804723611
212 215.879905324 16.4805001389
213 215.882071991 16.4805279167
214 215.884030324 16.4805834722
215 215.886196991 16.4805556944
216 215.888321991 16.4805556944
217 215.890405324 16.4805279167
218 215.862280342 16.4787501389
219 215.864363676 16.4787501389
220 215.866488675 16.4787779167
221 215.868447009 16.4787779167
222 215.870613675 16.4788056944
223 215.872655342 16.4788056944
224 215.874738676 16.4787501389
225 215.876863675 16.4788056944
226 215.878905342 16.4788056944
227 215.881030342 16.4787779167
228 215.883072008 16.4788334722
229 215.885197008 16.47886125
230 215.887280341 16.47886125
231 215.889363675 16.4788056944
232 215.891405341 16.4788334722
233 215.863238693 16.4770556944
234 215.865322026 16.4770556944
235 215.867447025 16.4771390278
236 215.869572026 16.4770279167
237 215.871697025 16.4771390278
238 215.873697026 16.4770556944
239 215.875738693 16.4770834722
240 215.877822026 16.4770834722
241 215.879947026 16.4770556944
242 215.882072026 16.4770834722
243 215.884197026 16.47711125
244 215.886197026 16.47711125
245 215.888280359 16.4771390278
246 215.890405358 16.4771668056
