1 215.862196751 16.5040834722
2 215.864280085 16.5040279167
3 215.866405084 16.50411125
4 215.868446751 16.50411125
5 215.870488417 16.50411125
6 215.872655085 16.5040556944
7 215.874738417 16.5041390278
8 215.876780085 16.5040279167
9 215.878863417 16.5041668056
10 215.880988417 16.50411125
11 215.883030084 16.5041668056
12 215.885113417 16.5041668056
13 215.887155084 16.5041390278
14 215.889238417 16.50411125
15 215.861238436 16.5023056944
16 215.863196769 16.5023334722
17 215.865321769 16.50236125
18 215.867363435 16.5024168056
19 215.869446769 16.50236125
20 215.871571769 16.5023334722
21 215.873655103 16.5023056944
22 215.875738436 16.5023056944
23 215.877821768 16.5023890278
24 215.879821768 16.5023890278
25 215.881988436 16.5023334722
26 215.884071768 16.5023890278
27 215.886155102 16.5023890278
28 215.888280102 16.50236125
29 215.890280102 16.50236125
30 215.862196786 16.50061125
31 215.864238453 16.5006390278
32 215.866321787 16.5005556944
33 215.868405119 16.5006390278
34 215.87053012 16.5005834722
35 215.872613453 16.5005834722
36 215.874696786 16.5006945833
37 215.876780119 16.5006668056
38 215.878863453 16.50061125
39 215.880988452 16.5006945833
40 215.883071786 16.5006390278
41 215.885071786 16.50061125
42 215.887238453 16.5006390278
43 215.889280119 16.5006945833
44 215.861113471 16.49886125
45 215.863238471 16.4988890278
46 215.865321804 16.49886125
47 215.867446804 16.4988890278
48 215.86948847 16.4989168056
49 215.871530137 16.4989168056
50 215.873696804 16.49886125
51 215.875780137 16.4989168056
52 215.877863471 16.4988890278
53 215.879988471 16.4988890278
54 215.882030137 16.4989168056
55 215.884071804 16.4989168056
56 215.886155137 16.4988890278
57 215.88823847 16.4989445833
58 215.890363471 16.4988890278
59 215.862196821 16.4971945833
60 215.864321821 16.4971945833
61 215.866405154 16.4972223611
62 215.868488488 16.4971668056
63 215.870488488 16.4972223611
64 215.872613488 16.4971668056
65 215.874696821 16.4971945833
66 215.876780154 16.4972223611
67 215.878863487 16.4972501389
68 215.880946821 16.4972223611
69 215.883113487 16.4972501389
70 215.885155154 16.4972223611
71 215.887238488 16.4972223611
72 215.889363488 16.4972223611
73 215.861155172 16.4954723611
74 215.863196839 16.4954445833
75 215.865321839 16.4954445833
76 215.867446839 16.4954445833
77 215.869530172 16.4954723611
78 215.871613506 16.4954445833
79 215.873696838 16.4955279167
80 215.875738505 16.4955279167
81 215.877863505 16.4955001389
82 215.879946839 16.4954723611
83 215.882030172 16.4955001389
84 215.884113506 16.4954168056
85 215.886155172 16.4954723611
86 215.888238505 16.4955001389
87 215.890321838 16.4955279167
88 215.862196857 16.4936945833
89 215.86428019 16.4936945833
90 215.866363523 16.4937779167
91 215.868446857 16.4937223611
92 215.87053019 16.4937223611
93 215.872696856 16.4937501389
94 215.874696856 16.4937501389
95 215.87678019 16.4936945833
96 215.878905189 16.4937779167
97 215.880988523 16.4937223611
98 215.883030189 16.4937779167
99 215.885155189 16.4938056944
100 215.887238523 16.4937501389
101 215.889238522 16.4938334722
102 215.861238541 16.4919723611
103 215.863280208 16.4919445833
104 215.865363541 16.4920001389
105 215.867446874 16.4920556944
106 215.869530207 16.4920556944
107 215.871613541 16.4920001389
108 215.873696874 16.4920001389
109 215.87573854 16.4920556944
110 215.877905207 16.4920001389
111 215.879905207 16.4920556944
112 215.881946873 16.4920834722
113 215.884113541 16.4920279167
114 215.886155207 16.4920001389
115 215.888321874 16.4920279167
116 215.890363541 16.4920001389
117 215.862196891 16.4903056944
118 215.864321892 16.4902779167
119 215.866405225 16.4902779167
120 215.868446892 16.4902501389
121 215.870571891 16.4903056944
122 215.872655224 16.4903890278
123 215.874655224 16.49036125
124 215.876780225 16.4903056944
125 215.878905224 16.4903334722
126 215.880988557 16.49036125
127 215.883030224 16.4903334722
128 215.885155224 16.49036125
129 215.887238558 16.4903334722
130 215.889280224 16.4903334722
131 215.861196909 16.4885834722
132 215.863280242 16.4885834722
133 215.865405242 16.4886390278
134 215.867488576 16.4885556944
135 215.869571909 16.4885556944
136 215.871613575 16.48861125
137 215.873696909 16.4885556944
138 215.875780242 16.4885834722
139 215.877905242 16.4885834722
140 215.879988575 16.48861125
141 215.882071908 16.4886390278
142 215.884071909 16.48861125
143 215.886196909 16.48861125
144 215.888321909 16.48861125
145 215.890363575 16.4886390278
146 215.862238594 16.4867779167
147 215.86428026 16.4868056944
148 215.866363593 16.4868334722
149 215.868446927 16.4868334722
150 215.870571926 16.48686125
151 215.872613593 16.48686125
152 215.874738593 16.4868334722
153 215.876863593 16.4869168056
154 215.878905259 16.4868890278
155 215.880946927 16.4868334722
156 215.883071927 16.4868334722
157 215.885113593 16.4869168056
158 215.887155259 16.4868890278
159 215.889321926 16.48686125
160 215.861155277 16.4851390278
161 215.863280278 16.48511125
162 215.865405278 16.48511125
163 215.867446944 16.48511125
164 215.869571944 16.48511125
165 215.871655278 16.48511125
166 215.873738611 16.48511125
167 215.875821944 16.4851668056
168 215.87786361 16.4851668056
169 215.880030277 16.4851945833
170 215.881988611 16.4851390278
171 215.88411361 16.4851668056
172 215.886196943 16.4851945833
173 215.888321945 16.4850834722
174 215.890405278 16.48511125
175 215.862238628 16.4834445833
176 215.864280295 16.4834445833
177 215.866405295 16.4834445833
178 215.868488629 16.48336125
179 215.870571961 16.4834168056
180 215.872655294 16.4835001389
181 215.874780295 16.4834445833
182 215.876863628 16.4834723611
183 215.878905295 16.4834168056
184 215.880988628 16.4834723611
185 215.883071961 16.4834168056
186 215.885155294 16.4834723611
187 215.887238627 16.4835001389
188 215.889280294 16.4834723611
189 215.861280313 16.48161125
190 215.86332198 16.4816390278
191 215.865405312 16.4816945833
192 215.867446979 16.4816668056
193 215.869571979 16.4816945833
194 215.871613646 16.4816945833
195 215.873696979 16.4816668056
196 215.875780312 16.4817223611
197 215.877863646 16.4816945833
198 215.879988646 16.4816945833
199 215.882071978 16.4817779167
200 215.884113646 16.4816945833
201 215.886238645 16.4817223611
202 215.888238646 16.4816945833
203 215.890405311 16.4818056944
204 215.862196997 16.4799445833
205 215.86428033 16.4799168056
206 215.86640533 16.4799445833
207 215.868488663 16.4799445833
208 215.87053033 16.4799723611
209 215.872696996 16.4799723611
210 215.87465533 16.4799168056
211 215.876863664 16.4798890278
212 215.878863663 16.4799445833
213 215.88103033 16.4799723611
214 215.882988663 16.4800001389
215 215.88515533 16.4800001389
216 215.88728033 16.4800001389
217 215.889321996 16.4799723611
218 215.861197015 16.4781945833
219 215.863322015 16.4781945833
220 215.865447014 16.4782223611
221 215.867405348 16.4782223611
222 215.869530347 16.4782501389
223 215.871613681 16.4782223611
224 215.873697015 16.4781945833
225 215.875822014 16.4782501389
226 215.877863681 16.4782501389
227 215.879988681 16.4782223611
228 215.882030347 16.4782501389
229 215.884155347 16.4783056944
230 215.886197013 16.4783056944
231 215.888322014 16.4782501389
232 215.890322014 16.4782501389
233 215.862197032 16.4765001389
234 215.864280365 16.4765001389
235 215.866405364 16.4765834722
236 215.868530365 16.4764723611
237 215.870613698 16.4765834722
238 215.872655365 16.4765001389
239 215.874697032 16.4765279167
240 215.876780365 16.4765279167
241 215.878905365 16.4765001389
242 215.880988698 16.4765279167
243 215.883113698 16.4765556944
244 215.885155365 16.4765556944
245 215.887238698 16.4765834722
246 215.889322031 16.47661125
