1 234.203217526 24.4086668056
2 234.205384194 24.40861125
3 234.207634192 24.4087223611
4 234.209800859 24.4086945833
5 234.211925859 24.4086945833
6 234.214217527 24.4086390278
7 234.216425858 24.4087501389
8 234.218592527 24.4086390278
9 234.220759191 24.4087501389
10 234.223009192 24.4086945833
11 234.225134191 24.4087501389
12 234.227342525 24.4087501389
13 234.229509192 24.4087223611
14 234.231717526 24.4086945833
15 234.202217555 24.4068890278
16 234.204300888 24.4069168056
17 234.206509221 24.4069723611
18 234.208675887 24.4070001389
19 234.210884221 24.4069445833
20 234.213092555 24.4069168056
21 234.215300889 24.4068890278
22 234.217467555 24.4069168056
23 234.21963422 24.4070001389
24 234.221759221 24.4069723611
25 234.224050888 24.4069168056
26 234.226217554 24.4069723611
27 234.228425887 24.4069723611
28 234.230675887 24.4069723611
29 234.232800888 24.4069445833
30 234.203217583 24.4052223611
31 234.205384249 24.4052223611
32 234.207592584 24.4051390278
33 234.209759249 24.4052223611
34 234.211967584 24.4051668056
35 234.214217584 24.4051668056
36 234.216384249 24.4052779167
37 234.218592582 24.4052501389
38 234.22075925 24.4051945833
39 234.223009249 24.4052779167
40 234.225175916 24.4052223611
41 234.227300917 24.4051945833
42 234.229592582 24.4052501389
43 234.231759249 24.4052779167
44 234.202092611 24.4034723611
45 234.204300945 24.4034723611
46 234.206509278 24.4034723611
47 234.208717611 24.4034723611
48 234.210925944 24.4035001389
49 234.213050944 24.4035001389
50 234.215300945 24.4034723611
51 234.217509278 24.4035001389
52 234.219717611 24.4034723611
53 234.221925945 24.4034723611
54 234.224092611 24.4035279167
55 234.226217611 24.4035001389
56 234.228425945 24.4034723611
57 234.230634277 24.4035279167
58 234.232884278 24.4034723611
59 234.203217639 24.4017779167
60 234.205425973 24.4017779167
61 234.207675972 24.4018056944
62 234.209842639 24.4017779167
63 234.211925972 24.4018056944
64 234.214175973 24.4017501389
65 234.216384306 24.4017779167
66 234.218592639 24.4018056944
67 234.220759305 24.4018334722
68 234.222967639 24.4018056944
69 234.225217638 24.4018334722
70 234.227384305 24.4018334722
71 234.229592638 24.4018334722
72 234.231800972 24.4018056944
73 234.202134334 24.4000556944
74 234.204259335 24.4000279167
75 234.206509334 24.4000556944
76 234.208717668 24.4000556944
77 234.210967668 24.4000556944
78 234.213134334 24.4000556944
79 234.215342667 24.40011125
80 234.217467667 24.40011125
81 234.219676 24.4000834722
82 234.221926001 24.4000556944
83 234.224092667 24.4000834722
84 234.226301001 24.4000279167
85 234.228467668 24.4000556944
86 234.230634334 24.4000834722
87 234.232842667 24.40011125
88 234.203217697 24.3982779167
89 234.20542603 24.3982779167
90 234.207634362 24.39836125
91 234.20980103 24.3983056944
92 234.212009363 24.3983056944
93 234.214259363 24.3983334722
94 234.216384363 24.3983334722
95 234.21855103 24.3983056944
96 234.220842695 24.39836125
97 234.223009363 24.3983056944
98 234.225134362 24.39836125
99 234.227384362 24.3983890278
100 234.229592695 24.39836125
101 234.231676028 24.3984168056
102 234.202176058 24.3965834722
103 234.204342726 24.3965279167
104 234.206551058 24.3965834722
105 234.20875939 24.3966390278
106 234.210926057 24.3966390278
107 234.213134391 24.3965834722
108 234.215342725 24.3965834722
109 234.217467724 24.3966390278
110 234.219759391 24.3965834722
111 234.22188439 24.3966390278
112 234.224051057 24.3966668056
113 234.226301057 24.39661125
114 234.228426058 24.3965834722
115 234.230717724 24.39661125
116 234.232884391 24.3965834722
117 234.203217752 24.3948890278
118 234.205426086 24.39486125
119 234.20763442 24.39486125
120 234.209801087 24.3948334722
121 234.212009419 24.3948890278
122 234.214217751 24.3949723611
123 234.216342752 24.3949445833
124 234.218551086 24.3948890278
125 234.220801085 24.3949168056
126 234.223009418 24.3949723611
127 234.225134419 24.3949168056
128 234.227384418 24.3949445833
129 234.229592752 24.3949445833
130 234.231717752 24.3949168056
131 234.202176114 24.3931668056
132 234.20434278 24.3931945833
133 234.20659278 24.3932223611
134 234.208759448 24.3931390278
135 234.210967781 24.3931390278
136 234.213134447 24.3931945833
137 234.215301114 24.3931390278
138 234.217509447 24.3931945833
139 234.219759447 24.3931668056
140 234.221926114 24.3931945833
141 234.224134446 24.3932223611
142 234.226259447 24.3931945833
143 234.22846778 24.3931945833
144 234.23071778 24.3932223611
145 234.23284278 24.3932223611
146 234.203259477 24.39136125
147 234.205426143 24.3913890278
148 234.207592809 24.3914168056
149 234.209801143 24.3914168056
150 234.212051142 24.3914445833
151 234.214217809 24.3914723611
152 234.216426143 24.3914168056
153 234.218634475 24.3915001389
154 234.220801142 24.3914723611
155 234.222967809 24.3914168056
156 234.225176142 24.3914445833
157 234.227342808 24.3915001389
158 234.229467809 24.3914723611
159 234.231759476 24.3914445833
160 234.202134504 24.3897223611
161 234.204342838 24.3896945833
162 234.206592838 24.3896945833
163 234.208759504 24.3897223611
164 234.210967838 24.3896945833
165 234.213134504 24.3896945833
166 234.215384504 24.3896945833
167 234.21755117 24.3897501389
168 234.219717837 24.3897501389
169 234.222009503 24.3897779167
170 234.224051171 24.3897223611
171 234.22630117 24.3897779167
172 234.228467836 24.3897779167
173 234.230717838 24.3896668056
174 234.232926171 24.3896945833
175 234.203259532 24.3880279167
176 234.205426198 24.3880279167
177 234.207634532 24.3880279167
178 234.209842866 24.3879445833
179 234.212051199 24.3880001389
180 234.214259531 24.3880834722
181 234.216426198 24.3880279167
182 234.218676198 24.3880556944
183 234.220801199 24.3880001389
184 234.222967865 24.3880556944
185 234.225217865 24.3880279167
186 234.227384531 24.3880556944
187 234.229592864 24.3880834722
188 234.231717865 24.3880556944
189 234.202217895 24.3861945833
190 234.204384561 24.3862223611
191 234.206592894 24.3862779167
192 234.20875956 24.3862779167
193 234.210967893 24.3863056944
194 234.21313456 24.3863056944
195 234.215342894 24.3862501389
196 234.217551227 24.3863056944
197 234.219717894 24.3862779167
198 234.221926227 24.3862779167
199 234.224134559 24.38636125
200 234.226301227 24.3862779167
201 234.228551227 24.3863056944
202 234.23063456 24.3863056944
203 234.232884559 24.3863890278
204 234.203217922 24.3845279167
205 234.205426256 24.3845001389
206 234.207634589 24.3845279167
207 234.209842922 24.3845556944
208 234.212009589 24.3845556944
209 234.214259588 24.3845834722
210 234.216342923 24.3845001389
211 234.21863459 24.3845001389
212 234.220759589 24.3845556944
213 234.223051255 24.3845834722
214 234.225092921 24.38461125
215 234.227384588 24.3845834722
216 234.229634588 24.3845834722
217 234.231801255 24.3845556944
218 234.202176285 24.3827779167
219 234.204384618 24.3827779167
220 234.206634617 24.3828056944
221 234.208717951 24.3828056944
222 234.21096795 24.3828334722
223 234.213134617 24.3828334722
224 234.215301285 24.3827779167
225 234.217551284 24.3828334722
226 234.219676284 24.3828334722
227 234.221967951 24.3828056944
228 234.22409295 24.38286125
229 234.226301283 24.3828890278
230 234.228509616 24.3829168056
231 234.23071795 24.3828334722
232 234.23284295 24.38286125
233 234.203217979 24.3810834722
234 234.205426312 24.3810834722
235 234.207634644 24.3811668056
236 234.209884646 24.3810556944
237 234.212092978 24.3811668056
238 234.214217979 24.3810834722
239 234.216384645 24.38111125
240 234.218592979 24.38111125
241 234.220801312 24.3810834722
242 234.223009645 24.38111125
243 234.225259645 24.3811390278
244 234.227384645 24.3811390278
245 234.229551311 24.3811668056
246 234.23180131 24.3811945833
