1 234.202133759 24.4350556944
2 234.204300427 24.4349723611
3 234.206508759 24.4350834722
4 234.208675425 24.4350834722
5 234.210842092 24.4350834722
6 234.213092093 24.4350279167
7 234.215342091 24.43511125
8 234.217467093 24.4350001389
9 234.219633758 24.43511125
10 234.221883759 24.4350834722
11 234.224050424 24.4351390278
12 234.226217091 24.4351390278
13 234.228383758 24.43511125
14 234.230592092 24.4350834722
15 234.201092122 24.4332501389
16 234.203175454 24.4333056944
17 234.205383787 24.4333334722
18 234.207550453 24.4333890278
19 234.209758788 24.4333056944
20 234.212008788 24.4333056944
21 234.214175455 24.4332779167
22 234.216342122 24.4332779167
23 234.218550454 24.43336125
24 234.220675454 24.43336125
25 234.222925454 24.4333056944
26 234.225133787 24.43336125
27 234.22734212 24.43336125
28 234.229592121 24.4333334722
29 234.231675454 24.4333334722
30 234.202133816 24.4315834722
31 234.204258816 24.43161125
32 234.20646715 24.4315279167
33 234.208675482 24.43161125
34 234.210883817 24.4315556944
35 234.21309215 24.4315556944
36 234.215258815 24.4316668056
37 234.217467149 24.4316390278
38 234.219633817 24.4315556944
39 234.221883815 24.4316668056
40 234.224092149 24.43161125
41 234.226175483 24.4315834722
42 234.228467149 24.43161125
43 234.230633815 24.4316668056
44 234.200967178 24.4298334722
45 234.203217178 24.42986125
46 234.205383845 24.4298334722
47 234.207633844 24.42986125
48 234.209800511 24.4298890278
49 234.211967177 24.4298890278
50 234.214217178 24.4298334722
51 234.216425511 24.4298890278
52 234.218592178 24.42986125
53 234.220842178 24.42986125
54 234.223008844 24.4298890278
55 234.225133844 24.4298890278
56 234.227342178 24.42986125
57 234.229508844 24.4299168056
58 234.231758844 24.42986125
59 234.202092206 24.4281668056
60 234.204342206 24.4281668056
61 234.206550539 24.4281945833
62 234.208717206 24.4281390278
63 234.210842205 24.4281945833
64 234.213092206 24.4281390278
65 234.215258872 24.4281668056
66 234.217467205 24.4281945833
67 234.219633871 24.4282223611
68 234.221842205 24.4281945833
69 234.224133871 24.4282223611
70 234.226300539 24.4281945833
71 234.228467205 24.4281945833
72 234.230717205 24.4281945833
73 234.201008901 24.4264445833
74 234.203175568 24.4264168056
75 234.205383901 24.4264168056
76 234.207633901 24.4264168056
77 234.209842234 24.4264445833
78 234.212008901 24.4264168056
79 234.214217234 24.4264723611
80 234.216342234 24.4264723611
81 234.218592234 24.4264723611
82 234.220800567 24.4264445833
83 234.2230089 24.4264723611
84 234.225217235 24.4263890278
85 234.227342234 24.4264445833
86 234.229550567 24.4264723611
87 234.2317589 24.4265001389
88 234.202092263 24.4246668056
89 234.204300597 24.4246668056
90 234.206508928 24.4247501389
91 234.208675597 24.4246668056
92 234.210883929 24.4246945833
93 234.213133929 24.4247223611
94 234.215258929 24.4247223611
95 234.217425597 24.4246668056
96 234.219717262 24.4247501389
97 234.221925596 24.4246945833
98 234.224050595 24.4247501389
99 234.226300595 24.4247779167
100 234.228508929 24.4247223611
101 234.230592261 24.4247779167
102 234.201092292 24.4229445833
103 234.203258959 24.4229168056
104 234.205467291 24.4229723611
105 234.207633957 24.4230279167
106 234.20984229 24.4230279167
107 234.212008958 24.4229723611
108 234.214217291 24.4229723611
109 234.216383957 24.4230279167
110 234.218633958 24.4229723611
111 234.220758957 24.4230279167
112 234.222925623 24.4230556944
113 234.225217291 24.4230001389
114 234.227300624 24.4229723611
115 234.229633958 24.4229723611
116 234.231758958 24.4229723611
117 234.202133986 24.4212501389
118 234.204342319 24.4212501389
119 234.206550653 24.4212501389
120 234.208675653 24.4212223611
121 234.210925652 24.4212779167
122 234.213133984 24.42136125
123 234.215258985 24.4213334722
124 234.217425652 24.4212779167
125 234.219717318 24.4213056944
126 234.221883985 24.4213334722
127 234.224050652 24.4213056944
128 234.226300651 24.4213334722
129 234.228467318 24.4213056944
130 234.230633985 24.4213056944
131 234.201050681 24.4195556944
132 234.203259014 24.4195556944
133 234.205467347 24.4195834722
134 234.207675681 24.4195279167
135 234.209842348 24.4195279167
136 234.212009013 24.4195834722
137 234.214217348 24.4195279167
138 234.216425681 24.4195556944
139 234.218634014 24.4195556944
140 234.220842347 24.4195834722
141 234.223009013 24.4195834722
142 234.22517568 24.4195834722
143 234.227384013 24.4195834722
144 234.229592347 24.4195834722
145 234.231759013 24.41961125
146 234.202175711 24.4177223611
147 234.20430071 24.4177501389
148 234.206509043 24.4178056944
149 234.208675709 24.4178056944
150 234.210967376 24.4178056944
151 234.213092376 24.4178334722
152 234.21530071 24.4177779167
153 234.217550708 24.4178890278
154 234.219717375 24.41786125
155 234.221884043 24.4177779167
156 234.224050709 24.4178056944
157 234.226217375 24.4178890278
158 234.228384042 24.41786125
159 234.230675709 24.4178334722
160 234.201009071 24.41611125
161 234.203217405 24.4160556944
162 234.205467404 24.4160834722
163 234.207634071 24.4160834722
164 234.209884071 24.4160834722
165 234.212050738 24.4160834722
166 234.214259071 24.4160834722
167 234.216425737 24.4161390278
168 234.21863407 24.4161390278
169 234.22088407 24.4161668056
170 234.222967404 24.41611125
171 234.225217403 24.4161390278
172 234.22738407 24.4161668056
173 234.229592405 24.4160556944
174 234.231800738 24.4160834722
175 234.202134098 24.4144168056
176 234.204300765 24.4144168056
177 234.206550765 24.4144168056
178 234.208717433 24.4143334722
179 234.210925765 24.4143890278
180 234.213134098 24.4144445833
181 234.215342432 24.4144168056
182 234.217550765 24.4144445833
183 234.219717432 24.4143890278
184 234.221884098 24.4144445833
185 234.224092432 24.4143890278
186 234.226259098 24.4144445833
187 234.228509097 24.4144723611
188 234.230634098 24.4144445833
189 234.201134128 24.4125834722
190 234.203300795 24.41261125
191 234.205467461 24.4126390278
192 234.207675794 24.4126390278
193 234.209884127 24.4126668056
194 234.212009127 24.4126668056
195 234.214217461 24.4126390278
196 234.216425793 24.4126945833
197 234.21859246 24.4126668056
198 234.22084246 24.4126668056
199 234.223050792 24.4127501389
200 234.22521746 24.4126668056
201 234.227425793 24.4126945833
202 234.229509127 24.4126668056
203 234.231800792 24.4127501389
204 234.202134156 24.4109168056
205 234.204300823 24.4108890278
206 234.206550823 24.4109168056
207 234.208717489 24.4109168056
208 234.210884155 24.4109445833
209 234.213134155 24.4109445833
210 234.21521749 24.4108890278
211 234.217550823 24.41086125
212 234.219675823 24.4109168056
213 234.221925822 24.4109445833
214 234.224009155 24.4109723611
215 234.226259155 24.4109723611
216 234.228509155 24.4109723611
217 234.230675822 24.4109445833
218 234.201050851 24.4091668056
219 234.203259185 24.4091668056
220 234.205509185 24.4091668056
221 234.207592517 24.4091945833
222 234.209842517 24.4091945833
223 234.212009184 24.4091945833
224 234.214217518 24.4091668056
225 234.21642585 24.4092223611
226 234.218592517 24.4092223611
227 234.220842517 24.4091945833
228 234.222967517 24.4092223611
229 234.225217516 24.4092779167
230 234.227384183 24.4092779167
231 234.229592517 24.4092223611
232 234.231759184 24.4092223611
233 234.202092546 24.4074723611
234 234.204300879 24.4074723611
235 234.206550878 24.4075556944
236 234.208759213 24.4074445833
237 234.211009212 24.4075279167
238 234.213092546 24.4074445833
239 234.215259212 24.4075001389
240 234.217467545 24.4075001389
241 234.219717546 24.4074445833
242 234.221925879 24.4075001389
243 234.224134212 24.4075279167
244 234.226300878 24.4075279167
245 234.228467544 24.4075556944
246 234.230675877 24.4075834722
