1 234.231717535 24.40811125
2 234.233884203 24.4080556944
3 234.236134202 24.4081390278
4 234.238300868 24.4081390278
5 234.240425868 24.4081390278
6 234.242717536 24.4080834722
7 234.244925868 24.4081668056
8 234.247050869 24.4080834722
9 234.249217534 24.4081945833
10 234.251467535 24.4081390278
11 234.253634201 24.4081945833
12 234.255800867 24.4081945833
13 234.257967534 24.4081668056
14 234.260175868 24.4081390278
15 234.230675898 24.4063334722
16 234.232759231 24.40636125
17 234.234967564 24.4063890278
18 234.237134229 24.4064445833
19 234.239342564 24.4063890278
20 234.241592564 24.40636125
21 234.243800898 24.4063334722
22 234.245967564 24.4063334722
23 234.24813423 24.4064168056
24 234.25025923 24.4064168056
25 234.252509231 24.40636125
26 234.254717563 24.4064168056
27 234.256925896 24.4064168056
28 234.259175897 24.4063890278
29 234.26125923 24.4063890278
30 234.231717592 24.4046668056
31 234.233842592 24.4046668056
32 234.236050927 24.4045834722
33 234.238259259 24.4046668056
34 234.240467593 24.40461125
35 234.242675926 24.40461125
36 234.244842591 24.4047223611
37 234.247050925 24.4046945833
38 234.249217592 24.4046390278
39 234.251509258 24.4047223611
40 234.253675925 24.4046668056
41 234.255759259 24.4046390278
42 234.258050925 24.4046668056
43 234.260217591 24.4047223611
44 234.230592621 24.4029168056
45 234.232800954 24.4029168056
46 234.234967621 24.4028890278
47 234.237217621 24.4029168056
48 234.239384287 24.4029445833
49 234.241550953 24.4029445833
50 234.243800954 24.4029168056
51 234.246009287 24.4029445833
52 234.248217621 24.4029168056
53 234.250425954 24.4029168056
54 234.25259262 24.4029723611
55 234.25471762 24.4029445833
56 234.256925954 24.4029168056
57 234.25909262 24.4029723611
58 234.261342621 24.4029168056
59 234.231717648 24.4012223611
60 234.233925982 24.4012223611
61 234.236134315 24.4012501389
62 234.238300982 24.4011945833
63 234.240425981 24.4012501389
64 234.242675982 24.4011945833
65 234.244884315 24.4012223611
66 234.247092648 24.4012501389
67 234.249217648 24.4012779167
68 234.251425981 24.4012501389
69 234.253717648 24.4012779167
70 234.255884315 24.4012501389
71 234.258050981 24.4012501389
72 234.260300981 24.4012501389
73 234.230634343 24.3995001389
74 234.232759344 24.3994723611
75 234.234967677 24.3995001389
76 234.237217677 24.3995001389
77 234.23942601 24.3995001389
78 234.241592677 24.3994723611
79 234.243801009 24.3995556944
80 234.245967676 24.3995556944
81 234.24817601 24.3995279167
82 234.25042601 24.3995001389
83 234.252592676 24.3995279167
84 234.254801011 24.3994445833
85 234.25692601 24.3995001389
86 234.259134343 24.3995279167
87 234.261342676 24.3995556944
88 234.231717706 24.3977223611
89 234.233884373 24.3977223611
90 234.236092705 24.3978056944
91 234.238259372 24.3977501389
92 234.240467705 24.3977501389
93 234.242759372 24.3977779167
94 234.244884372 24.3977779167
95 234.247051039 24.3977501389
96 234.249301038 24.3978056944
97 234.251509372 24.3977501389
98 234.253634371 24.3978056944
99 234.255884371 24.3978334722
100 234.258092705 24.3977779167
101 234.260176037 24.39786125
102 234.230676068 24.3960001389
103 234.232842735 24.3959723611
104 234.235051067 24.3960279167
105 234.237217733 24.3960834722
106 234.239426066 24.3960834722
107 234.2416344 24.3960279167
108 234.243801067 24.3960279167
109 234.245967733 24.3960834722
110 234.248217734 24.3960279167
111 234.250342733 24.3960834722
112 234.252509399 24.39611125
113 234.254801067 24.3960556944
114 234.2568844 24.3960279167
115 234.259217733 24.3960556944
116 234.261342734 24.3960279167
117 234.231717762 24.3943334722
118 234.233926095 24.3943056944
119 234.236134429 24.3943056944
120 234.238259429 24.3942779167
121 234.240509428 24.3943334722
122 234.24271776 24.3944168056
123 234.244842761 24.3943890278
124 234.247051095 24.3943334722
125 234.249301094 24.39436125
126 234.251509427 24.3943890278
127 234.253634428 24.39436125
128 234.255884427 24.3943890278
129 234.258051094 24.3943890278
130 234.260217761 24.39436125
131 234.230676123 24.39261125
132 234.23284279 24.39261125
133 234.235051122 24.3926668056
134 234.237259457 24.3925834722
135 234.239426124 24.3925834722
136 234.241592789 24.3926390278
137 234.243801124 24.3925834722
138 234.246009456 24.39261125
139 234.24821779 24.39261125
140 234.250426123 24.3926390278
141 234.252634456 24.3926668056
142 234.254759456 24.3926390278
143 234.256967789 24.3926390278
144 234.259217789 24.3926668056
145 234.261342789 24.3926668056
146 234.231759486 24.3908056944
147 234.233926152 24.3908334722
148 234.236092819 24.39086125
149 234.238259485 24.39086125
150 234.240551151 24.3908890278
151 234.242676151 24.3909168056
152 234.244884485 24.39086125
153 234.247134484 24.3909445833
154 234.249301151 24.3909168056
155 234.251467819 24.39086125
156 234.253676151 24.3908890278
157 234.255842817 24.3909445833
158 234.257967818 24.3909168056
159 234.260259485 24.3908890278
160 234.230592846 24.3891668056
161 234.232842847 24.3891390278
162 234.235092847 24.3891390278
163 234.237217847 24.3891390278
164 234.239467847 24.3891390278
165 234.241634513 24.3891390278
166 234.243842847 24.3891390278
167 234.246051179 24.3891945833
168 234.248217846 24.3891945833
169 234.250467845 24.3892223611
170 234.25255118 24.3891668056
171 234.254801179 24.3891945833
172 234.256967845 24.3892223611
173 234.259176181 24.38911125
174 234.261384513 24.3891390278
175 234.231717874 24.3874723611
176 234.233884541 24.3874723611
177 234.236134541 24.3874723611
178 234.238342876 24.3873890278
179 234.240509541 24.3874445833
180 234.242717873 24.3875279167
181 234.244926207 24.3874723611
182 234.24713454 24.3875001389
183 234.249301208 24.3874445833
184 234.251467874 24.3875001389
185 234.253676208 24.3874445833
186 234.255842874 24.3875001389
187 234.258092873 24.3875279167
188 234.260217874 24.3875001389
189 234.230717904 24.3856390278
190 234.23288457 24.3856668056
191 234.235051236 24.3857223611
192 234.23725957 24.3857223611
193 234.239467902 24.3857501389
194 234.241592902 24.3857501389
195 234.243842903 24.3856945833
196 234.246009569 24.3857501389
197 234.248176236 24.3857223611
198 234.250426236 24.3857223611
199 234.252634568 24.3858056944
200 234.254801236 24.3857223611
201 234.257009569 24.3857501389
202 234.259134569 24.3857501389
203 234.261384568 24.3858334722
204 234.231717932 24.3839723611
205 234.233926265 24.3839445833
206 234.236134598 24.3839723611
207 234.238301264 24.3840001389
208 234.240467931 24.3840001389
209 234.242717931 24.3840001389
210 234.244801265 24.3839445833
211 234.247134599 24.3839445833
212 234.249259598 24.3839723611
213 234.251509598 24.3840001389
214 234.25359293 24.3840556944
215 234.255842931 24.3840279167
216 234.258134597 24.3840279167
217 234.260259598 24.3840001389
218 234.230676294 24.3822223611
219 234.232884627 24.3822223611
220 234.235134627 24.3822501389
221 234.237176293 24.3822501389
222 234.239426293 24.3822779167
223 234.24159296 24.3822501389
224 234.243801294 24.3822223611
225 234.246009626 24.3822779167
226 234.248176293 24.3822779167
227 234.250426293 24.3822501389
228 234.252551293 24.3822779167
229 234.254801292 24.3823334722
230 234.256967958 24.3823334722
231 234.259176293 24.3822779167
232 234.261342959 24.3822779167
233 234.231676321 24.3805279167
234 234.233884655 24.3805279167
235 234.236134653 24.38061125
236 234.238384655 24.3805001389
237 234.240592987 24.38061125
238 234.242717988 24.3805279167
239 234.244842988 24.3805556944
240 234.247051321 24.3805556944
241 234.249301321 24.3805279167
242 234.251509654 24.3805556944
243 234.253759654 24.3805834722
244 234.255884654 24.3805834722
245 234.25805132 24.38061125
246 234.260259653 24.3806390278
