1 234.232800878 24.4075556944
2 234.235009212 24.4075001389
3 234.237217544 24.4075834722
4 234.239384211 24.4075834722
5 234.241509211 24.4075834722
6 234.243800878 24.4075279167
7 234.246050876 24.4076390278
8 234.248175878 24.4075279167
9 234.250342543 24.4076390278
10 234.252592544 24.4075834722
11 234.25475921 24.4076390278
12 234.256925876 24.4076390278
13 234.259092544 24.40761125
14 234.261300877 24.4075834722
15 234.231800907 24.4057779167
16 234.23388424 24.4058056944
17 234.236092573 24.4058334722
18 234.238259238 24.4058890278
19 234.240467573 24.4058334722
20 234.242717573 24.4058056944
21 234.24488424 24.4057779167
22 234.247050907 24.4057779167
23 234.249259239 24.40586125
24 234.251384239 24.40586125
25 234.25363424 24.4058056944
26 234.255842572 24.40586125
27 234.258050906 24.40586125
28 234.260300906 24.40586125
29 234.262384239 24.4058334722
30 234.232842601 24.40411125
31 234.234967601 24.40411125
32 234.237175936 24.4040279167
33 234.239342601 24.40411125
34 234.241550935 24.4040556944
35 234.243800935 24.4040556944
36 234.2459676 24.4041668056
37 234.248175934 24.4041390278
38 234.250342601 24.4040834722
39 234.2525926 24.4041668056
40 234.254800934 24.40411125
41 234.256884268 24.4040834722
42 234.259175934 24.40411125
43 234.2613426 24.4041668056
44 234.231675963 24.40236125
45 234.233925963 24.40236125
46 234.23609263 24.4023334722
47 234.238300963 24.40236125
48 234.240509296 24.4023890278
49 234.242634296 24.4023890278
50 234.244884296 24.40236125
51 234.247134296 24.4023890278
52 234.249300963 24.40236125
53 234.251509296 24.40236125
54 234.253675962 24.4024168056
55 234.255842629 24.4023890278
56 234.258009296 24.40236125
57 234.260217629 24.4024168056
58 234.26246763 24.40236125
59 234.232800991 24.4006668056
60 234.235009324 24.4006668056
61 234.237259324 24.4006945833
62 234.239425991 24.4006668056
63 234.24155099 24.4006945833
64 234.243800991 24.4006390278
65 234.245967658 24.4006668056
66 234.24817599 24.4006945833
67 234.250342657 24.4007223611
68 234.25255099 24.4006945833
69 234.254842657 24.4007223611
70 234.257009323 24.4007223611
71 234.25917599 24.4006945833
72 234.261384324 24.4006945833
73 234.231717686 24.3989445833
74 234.233884353 24.3989168056
75 234.236092686 24.3989445833
76 234.238342686 24.3989445833
77 234.240551019 24.3989445833
78 234.242717686 24.3989445833
79 234.244926018 24.3990001389
80 234.247051018 24.3990001389
81 234.249301019 24.3989723611
82 234.251509353 24.3989445833
83 234.253676019 24.3989723611
84 234.255884353 24.3989168056
85 234.258051019 24.3989445833
86 234.260217685 24.3989723611
87 234.262426018 24.3990001389
88 234.232801048 24.3971668056
89 234.235009382 24.3971668056
90 234.237217714 24.3972501389
91 234.239384381 24.3971945833
92 234.241592715 24.3971945833
93 234.243842714 24.3972223611
94 234.245967714 24.3972223611
95 234.248134381 24.3971945833
96 234.250426047 24.3972501389
97 234.252592715 24.3971945833
98 234.25475938 24.3972501389
99 234.256967713 24.3972779167
100 234.259176047 24.3972501389
101 234.261259379 24.3973056944
102 234.23175941 24.3954445833
103 234.233926077 24.3954168056
104 234.23613441 24.3954723611
105 234.238342742 24.3955279167
106 234.240509409 24.3955279167
107 234.242717743 24.3954723611
108 234.244926076 24.3954723611
109 234.247051075 24.3955279167
110 234.249342743 24.3954723611
111 234.251467742 24.3955279167
112 234.253634408 24.3955556944
113 234.255884409 24.3955001389
114 234.25800941 24.3954723611
115 234.260301076 24.3955001389
116 234.262467743 24.3954723611
117 234.232801104 24.3937779167
118 234.235009438 24.3937501389
119 234.237259438 24.3937501389
120 234.239384438 24.3937223611
121 234.241634437 24.3937779167
122 234.243801103 24.39386125
123 234.245926103 24.3938334722
124 234.248134437 24.3937779167
125 234.250426104 24.3938056944
126 234.25259277 24.3938334722
127 234.25471777 24.3938056944
128 234.25696777 24.3938334722
129 234.259176103 24.3938334722
130 234.261301104 24.3938056944
131 234.231759466 24.3920556944
132 234.233967799 24.3920556944
133 234.236176131 24.39211125
134 234.238342799 24.3920279167
135 234.240551133 24.3920279167
136 234.242717798 24.3920834722
137 234.244926133 24.3920279167
138 234.247092799 24.3920556944
139 234.249342799 24.3920556944
140 234.251509465 24.3920834722
141 234.253717798 24.39211125
142 234.255842798 24.3920834722
143 234.258051132 24.3920834722
144 234.260301131 24.39211125
145 234.262467798 24.39211125
146 234.232884495 24.3902501389
147 234.235009495 24.3902779167
148 234.237217828 24.3903056944
149 234.239384494 24.3903056944
150 234.241634494 24.3903334722
151 234.24380116 24.39036125
152 234.246009494 24.3903056944
153 234.248217826 24.3903890278
154 234.250384493 24.39036125
155 234.252551161 24.3903056944
156 234.254759494 24.3903334722
157 234.25692616 24.3903890278
158 234.259092827 24.39036125
159 234.261342827 24.3903334722
160 234.231717855 24.38861125
161 234.233926189 24.3885834722
162 234.236176189 24.3885834722
163 234.238342856 24.3885834722
164 234.240551189 24.3885834722
165 234.242759523 24.3885834722
166 234.244967856 24.3885834722
167 234.247134522 24.3886390278
168 234.249342855 24.3886390278
169 234.251592855 24.3886668056
170 234.253676189 24.38861125
171 234.255884521 24.3886668056
172 234.258092855 24.3886668056
173 234.26030119 24.3885556944
174 234.262509523 24.3885834722
175 234.232842883 24.3869168056
176 234.23500955 24.3869168056
177 234.23725955 24.3869168056
178 234.239426218 24.3868334722
179 234.24163455 24.3868890278
180 234.243842882 24.3869723611
181 234.246051217 24.3869168056
182 234.248259549 24.3869445833
183 234.250426217 24.3868890278
184 234.252592883 24.3869445833
185 234.254801217 24.3869168056
186 234.256967883 24.3869445833
187 234.259176216 24.3869723611
188 234.261342883 24.3869445833
189 234.231842913 24.3850834722
190 234.233967913 24.38511125
191 234.236176245 24.3851668056
192 234.238342912 24.3851668056
193 234.240551245 24.3851945833
194 234.242717912 24.3851945833
195 234.244926246 24.3851390278
196 234.247134578 24.3851945833
197 234.249301245 24.3851668056
198 234.251509579 24.3851668056
199 234.253717911 24.3852501389
200 234.255884579 24.3851668056
201 234.258134578 24.3851945833
202 234.260217912 24.3851945833
203 234.26246791 24.3852779167
204 234.232842941 24.3834168056
205 234.235009608 24.3833890278
206 234.237217941 24.3834168056
207 234.239426274 24.3834445833
208 234.24159294 24.3834445833
209 234.24384294 24.3834723611
210 234.245926274 24.3833890278
211 234.248259608 24.3833890278
212 234.250342941 24.3834168056
213 234.252634607 24.3834445833
214 234.254717939 24.3835001389
215 234.25696794 24.3834723611
216 234.25921794 24.3834723611
217 234.261384607 24.3834445833
218 234.231759636 24.3816668056
219 234.233967969 24.3816668056
220 234.236217969 24.3816945833
221 234.238301302 24.3816945833
222 234.240551302 24.3817223611
223 234.242717968 24.3817223611
224 234.244884636 24.3816668056
225 234.247134635 24.3817223611
226 234.249301302 24.3817223611
227 234.251551302 24.3816945833
228 234.253676301 24.3817501389
229 234.255926301 24.3817779167
230 234.258092968 24.3817779167
231 234.260301302 24.3817223611
232 234.262426301 24.3817501389
233 234.232801331 24.3799723611
234 234.235009664 24.3799723611
235 234.237259663 24.3800556944
236 234.239467998 24.3799445833
237 234.241676329 24.3800556944
238 234.243801331 24.3799723611
239 234.245967997 24.3800001389
240 234.24817633 24.3800001389
241 234.250384664 24.3799723611
242 234.252634663 24.3800001389
243 234.254842996 24.3800279167
244 234.256967996 24.3800279167
245 234.259176329 24.3800556944
246 234.261384662 24.3800834722
