1 234.203217544 24.4075556944
2 234.205384212 24.4075001389
3 234.207634211 24.4075834722
4 234.209800877 24.4075834722
5 234.211925877 24.4075834722
6 234.214217545 24.4075279167
7 234.216425876 24.4076390278
8 234.218592545 24.4075279167
9 234.22075921 24.4076390278
10 234.223009211 24.4075834722
11 234.22513421 24.4076390278
12 234.227342543 24.4076390278
13 234.22950921 24.40761125
14 234.231717544 24.4075834722
15 234.202217574 24.4057779167
16 234.204300907 24.4058056944
17 234.206509239 24.4058334722
18 234.208675905 24.4058890278
19 234.210884239 24.4058334722
20 234.213092573 24.4058056944
21 234.215300907 24.4057779167
22 234.217467574 24.4057779167
23 234.219634239 24.40586125
24 234.221759239 24.40586125
25 234.224050907 24.4058056944
26 234.226259239 24.40586125
27 234.228425906 24.40586125
28 234.230675906 24.40586125
29 234.232800906 24.4058334722
30 234.203259268 24.40411125
31 234.205384268 24.40411125
32 234.207592602 24.4040279167
33 234.209759268 24.40411125
34 234.211967602 24.4040556944
35 234.214217602 24.4040556944
36 234.216384267 24.4041668056
37 234.218592601 24.4041390278
38 234.220759268 24.4040834722
39 234.223009267 24.4041668056
40 234.225175934 24.40411125
41 234.227300935 24.4040834722
42 234.229592601 24.40411125
43 234.231759267 24.4041668056
44 234.20209263 24.40236125
45 234.20434263 24.40236125
46 234.206509297 24.4023334722
47 234.20871763 24.40236125
48 234.210925963 24.4023890278
49 234.213050963 24.4023890278
50 234.215300963 24.40236125
51 234.217550963 24.4023890278
52 234.21971763 24.40236125
53 234.221925963 24.40236125
54 234.224092629 24.4024168056
55 234.226259296 24.4023890278
56 234.228425963 24.40236125
57 234.230634295 24.4024168056
58 234.232884296 24.40236125
59 234.203217658 24.4006668056
60 234.205425991 24.4006668056
61 234.20767599 24.4006945833
62 234.209842658 24.4006668056
63 234.21192599 24.4006945833
64 234.214217658 24.4006390278
65 234.216384324 24.4006668056
66 234.218592657 24.4006945833
67 234.220759323 24.4007223611
68 234.222967657 24.4006945833
69 234.225217657 24.4007223611
70 234.227384323 24.4007223611
71 234.229592657 24.4006945833
72 234.23180099 24.4006945833
73 234.202134353 24.3989445833
74 234.20430102 24.3989168056
75 234.206509353 24.3989445833
76 234.208717686 24.3989445833
77 234.210967686 24.3989445833
78 234.213134353 24.3989445833
79 234.215342685 24.3990001389
80 234.217467685 24.3990001389
81 234.219676019 24.3989723611
82 234.221926019 24.3989445833
83 234.224092685 24.3989723611
84 234.22630102 24.3989168056
85 234.228467686 24.3989445833
86 234.230634352 24.3989723611
87 234.232842685 24.3990001389
88 234.203217715 24.3971668056
89 234.205426048 24.3971668056
90 234.20763438 24.3972501389
91 234.209801048 24.3971945833
92 234.212009381 24.3971945833
93 234.214259381 24.3972223611
94 234.216384381 24.3972223611
95 234.218551048 24.3971945833
96 234.220842714 24.3972501389
97 234.223009381 24.3971945833
98 234.225176047 24.3972501389
99 234.22738438 24.3972779167
100 234.229592714 24.3972501389
101 234.231676046 24.3973056944
102 234.202176077 24.3954445833
103 234.204342744 24.3954168056
104 234.206551076 24.3954723611
105 234.208759409 24.3955279167
106 234.210926075 24.3955279167
107 234.21313441 24.3954723611
108 234.215342743 24.3954723611
109 234.217467742 24.3955279167
110 234.21975941 24.3954723611
111 234.221884409 24.3955279167
112 234.224051075 24.3955556944
113 234.226301076 24.3955001389
114 234.228426076 24.3954723611
115 234.230717742 24.3955001389
116 234.23288441 24.3954723611
117 234.203217771 24.3937779167
118 234.205426104 24.3937501389
119 234.207634438 24.3937501389
120 234.209801105 24.3937223611
121 234.212009437 24.3937779167
122 234.214217769 24.39386125
123 234.21634277 24.3938334722
124 234.218551104 24.3937779167
125 234.220801104 24.3938056944
126 234.223009436 24.3938334722
127 234.225134437 24.3938056944
128 234.227384436 24.3938334722
129 234.22959277 24.3938334722
130 234.23171777 24.3938056944
131 234.202176132 24.3920556944
132 234.204342799 24.3920556944
133 234.206592798 24.39211125
134 234.208759466 24.3920279167
135 234.210967799 24.3920279167
136 234.213134465 24.3920834722
137 234.215342799 24.3920279167
138 234.217509466 24.3920556944
139 234.219759466 24.3920556944
140 234.221926132 24.3920834722
141 234.224134465 24.39211125
142 234.226259465 24.3920834722
143 234.228467798 24.3920834722
144 234.230717798 24.39211125
145 234.232884465 24.39211125
146 234.203259495 24.3902501389
147 234.205426161 24.3902779167
148 234.207592828 24.3903056944
149 234.209801161 24.3903056944
150 234.212051161 24.3903334722
151 234.214217827 24.39036125
152 234.216426161 24.3903056944
153 234.218634493 24.3903890278
154 234.22080116 24.39036125
155 234.222967828 24.3903056944
156 234.225176161 24.3903334722
157 234.227342826 24.3903890278
158 234.229467827 24.39036125
159 234.231759494 24.3903334722
160 234.202134522 24.38861125
161 234.204342856 24.3885834722
162 234.206592856 24.3885834722
163 234.208759523 24.3885834722
164 234.210967856 24.3885834722
165 234.213176189 24.3885834722
166 234.215384523 24.3885834722
167 234.217551188 24.3886390278
168 234.219717855 24.3886390278
169 234.222009521 24.3886668056
170 234.224051189 24.38861125
171 234.226301188 24.3886668056
172 234.228509521 24.3886668056
173 234.230717856 24.3885556944
174 234.232926189 24.3885834722
175 234.20325955 24.3869168056
176 234.205426217 24.3869168056
177 234.20763455 24.3869168056
178 234.209842885 24.3868334722
179 234.212051217 24.3868890278
180 234.214259549 24.3869723611
181 234.216467883 24.3869168056
182 234.218676216 24.3869445833
183 234.220842884 24.3868890278
184 234.222967883 24.3869445833
185 234.225217883 24.3869168056
186 234.227384549 24.3869445833
187 234.229592882 24.3869723611
188 234.231717883 24.3869445833
189 234.202217913 24.3850834722
190 234.20438458 24.38511125
191 234.206592912 24.3851668056
192 234.208759579 24.3851668056
193 234.210967912 24.3851945833
194 234.213134578 24.3851945833
195 234.215342912 24.3851390278
196 234.217551245 24.3851945833
197 234.219717912 24.3851668056
198 234.221926245 24.3851668056
199 234.224134577 24.3852501389
200 234.226301245 24.3851668056
201 234.228551245 24.3851945833
202 234.230634578 24.3851945833
203 234.232884577 24.3852779167
204 234.203217941 24.3834168056
205 234.205426274 24.3833890278
206 234.207634607 24.3834168056
207 234.20984294 24.3834445833
208 234.212009607 24.3834445833
209 234.214259606 24.3834723611
210 234.216342941 24.3833890278
211 234.218676274 24.3833890278
212 234.220759607 24.3834168056
213 234.223051274 24.3834445833
214 234.225092939 24.3835001389
215 234.227384606 24.3834723611
216 234.229634606 24.3834723611
217 234.231801274 24.3834445833
218 234.202176303 24.3816668056
219 234.204384636 24.3816668056
220 234.206634636 24.3816945833
221 234.208717969 24.3816945833
222 234.210967968 24.3817223611
223 234.213134635 24.3817223611
224 234.215301303 24.3816668056
225 234.217551302 24.3817223611
226 234.219676302 24.3817223611
227 234.221967969 24.3816945833
228 234.224092968 24.3817501389
229 234.226301301 24.3817779167
230 234.228509634 24.3817779167
231 234.230717968 24.3817223611
232 234.232842968 24.3817501389
233 234.203217997 24.3799723611
234 234.205426331 24.3799723611
235 234.207634663 24.3800556944
236 234.209884664 24.3799445833
237 234.212092996 24.3800556944
238 234.214217997 24.3799723611
239 234.216384663 24.3800001389
240 234.218592997 24.3800001389
241 234.220801331 24.3799723611
242 234.223009663 24.3800001389
243 234.225259663 24.3800279167
244 234.227384663 24.3800279167
245 234.229551329 24.3800556944
246 234.231801329 24.3800834722
