1 234.232800417 24.43561125
2 234.235008751 24.4355556944
3 234.237217083 24.4356390278
4 234.239383749 24.4356390278
5 234.241508749 24.4356390278
6 234.243800417 24.4355834722
7 234.246008749 24.4356668056
8 234.248175417 24.4355834722
9 234.250342082 24.4356945833
10 234.252592083 24.4356390278
11 234.254758748 24.4356945833
12 234.256925415 24.4356945833
13 234.259092082 24.4356668056
14 234.261300416 24.4356390278
15 234.231800446 24.4338334722
16 234.233883779 24.43386125
17 234.236092112 24.4338890278
18 234.238258777 24.4339445833
19 234.240467112 24.4338890278
20 234.242675445 24.43386125
21 234.244883779 24.4338334722
22 234.247050446 24.4338334722
23 234.249258778 24.4339168056
24 234.251383778 24.4339168056
25 234.253633779 24.43386125
26 234.255842111 24.4339168056
27 234.258050444 24.4339168056
28 234.260300445 24.4338890278
29 234.262383778 24.4338890278
30 234.23284214 24.4321390278
31 234.23496714 24.4321668056
32 234.237175475 24.4320834722
33 234.23934214 24.4321668056
34 234.241550474 24.43211125
35 234.243800474 24.43211125
36 234.245967139 24.4322223611
37 234.248175473 24.4321945833
38 234.25034214 24.4321390278
39 234.252592139 24.4322223611
40 234.254758807 24.4321668056
41 234.256883807 24.4321390278
42 234.259175473 24.4321668056
43 234.261342139 24.4322223611
44 234.231675502 24.4304168056
45 234.233925502 24.4304168056
46 234.236092169 24.4303890278
47 234.238300502 24.4304168056
48 234.240508835 24.4304445833
49 234.242633835 24.4304445833
50 234.244883835 24.4304168056
51 234.247133835 24.4304445833
52 234.249300502 24.4304168056
53 234.251508835 24.4304168056
54 234.253675502 24.4304445833
55 234.255842168 24.4304445833
56 234.258008835 24.4304168056
57 234.260217168 24.4304723611
58 234.262467169 24.4304168056
59 234.23280053 24.4287223611
60 234.235008863 24.4287223611
61 234.237258863 24.4287501389
62 234.23942553 24.4286945833
63 234.241508863 24.4287501389
64 234.24380053 24.4286945833
65 234.245967197 24.4287223611
66 234.248175529 24.4287501389
67 234.250342196 24.4287779167
68 234.252550529 24.4287501389
69 234.254842196 24.4287779167
70 234.257008863 24.4287501389
71 234.259175529 24.4287501389
72 234.261383863 24.4287501389
73 234.231717225 24.4270001389
74 234.233883892 24.4269723611
75 234.236092225 24.4269723611
76 234.238342225 24.4269723611
77 234.240550558 24.4270001389
78 234.242717225 24.4269723611
79 234.244925557 24.4270556944
80 234.247050557 24.4270556944
81 234.249300558 24.4270279167
82 234.251508892 24.4270001389
83 234.253675558 24.4270279167
84 234.255883892 24.4269445833
85 234.258050558 24.4270001389
86 234.260217224 24.4270279167
87 234.262425557 24.4270556944
88 234.232800587 24.4252223611
89 234.235008921 24.4252223611
90 234.237217253 24.4253056944
91 234.23938392 24.4252501389
92 234.241592254 24.4252501389
93 234.243842253 24.4252779167
94 234.245967253 24.4252779167
95 234.24813392 24.4252501389
96 234.250425586 24.4253056944
97 234.252592254 24.4252501389
98 234.254758919 24.4253056944
99 234.256967252 24.4253334722
100 234.259175586 24.4252779167
101 234.261258918 24.42536125
102 234.231758949 24.4235001389
103 234.233925616 24.4234723611
104 234.236133949 24.4235279167
105 234.238342281 24.4235834722
106 234.240508948 24.4235834722
107 234.242717282 24.4235279167
108 234.244925615 24.4235279167
109 234.247050614 24.4235834722
110 234.249342282 24.4235279167
111 234.251467281 24.4235834722
112 234.253633947 24.42361125
113 234.255883948 24.4235556944
114 234.258008949 24.4235279167
115 234.260300615 24.4235556944
116 234.262467282 24.4235279167
117 234.232800643 24.4218334722
118 234.235008977 24.4218056944
119 234.23721731 24.4218056944
120 234.239383977 24.4217779167
121 234.24159231 24.4218334722
122 234.243800642 24.4219168056
123 234.245925642 24.4218890278
124 234.248133976 24.4218334722
125 234.250425643 24.42186125
126 234.252592309 24.4218890278
127 234.254717309 24.42186125
128 234.256967309 24.4218890278
129 234.259175642 24.4218890278
130 234.261300643 24.42186125
131 234.231759005 24.42011125
132 234.233967338 24.42011125
133 234.236175671 24.4201668056
134 234.238342339 24.4200834722
135 234.240550672 24.4200834722
136 234.242717338 24.4201390278
137 234.244925672 24.4200834722
138 234.247092338 24.42011125
139 234.249342338 24.42011125
140 234.251509004 24.4201390278
141 234.253717337 24.4201668056
142 234.255842338 24.4201390278
143 234.258050671 24.4201390278
144 234.260300671 24.4201390278
145 234.262467337 24.4201668056
146 234.232842368 24.4183056944
147 234.235009034 24.4183334722
148 234.2371757 24.41836125
149 234.239384034 24.41836125
150 234.241634033 24.4183890278
151 234.243800699 24.4184168056
152 234.246009034 24.41836125
153 234.248217365 24.4184445833
154 234.250384033 24.4184168056
155 234.2525507 24.41836125
156 234.254759034 24.41836125
157 234.256925699 24.4184445833
158 234.259092366 24.4184168056
159 234.261342366 24.4183890278
160 234.231717395 24.4166668056
161 234.233925729 24.4166390278
162 234.236175729 24.4166390278
163 234.238342395 24.4166390278
164 234.240550729 24.4166390278
165 234.242759062 24.4166390278
166 234.244967395 24.4166390278
167 234.247134061 24.4166945833
168 234.249300728 24.4166945833
169 234.251592394 24.4167223611
170 234.253675728 24.4166668056
171 234.255884061 24.4166945833
172 234.258092394 24.4167223611
173 234.260300729 24.41661125
174 234.262509062 24.4166390278
175 234.232842423 24.4149723611
176 234.235009089 24.4149723611
177 234.237259089 24.4149723611
178 234.239425757 24.4148890278
179 234.24163409 24.4149445833
180 234.243842422 24.4150279167
181 234.246050756 24.4149723611
182 234.248259089 24.4150001389
183 234.250425756 24.4149445833
184 234.252550755 24.4150001389
185 234.254800756 24.4149445833
186 234.256967422 24.4150001389
187 234.259175755 24.4150279167
188 234.261342422 24.4150001389
189 234.231800786 24.4131390278
190 234.233967452 24.4131668056
191 234.236175785 24.4132223611
192 234.238342452 24.4131945833
193 234.240550785 24.4132223611
194 234.242717451 24.4132501389
195 234.244925785 24.4131945833
196 234.247134118 24.4132501389
197 234.249300785 24.4132223611
198 234.251509118 24.4132223611
199 234.25371745 24.4133056944
200 234.255884118 24.4132223611
201 234.258134118 24.4132501389
202 234.260217451 24.4132223611
203 234.262467449 24.4133334722
204 234.232800813 24.4114723611
205 234.235009147 24.4114445833
206 234.23721748 24.4114723611
207 234.239425813 24.4115001389
208 234.24159248 24.4115001389
209 234.24384248 24.4115001389
210 234.245925814 24.4114445833
211 234.248259147 24.4114445833
212 234.25034248 24.4114723611
213 234.252634146 24.4115001389
214 234.254717479 24.4115279167
215 234.256967479 24.4115279167
216 234.259217479 24.4115279167
217 234.261384146 24.4115001389
218 234.231759175 24.4097223611
219 234.233967509 24.4097223611
220 234.236217508 24.4097501389
221 234.238300842 24.4097501389
222 234.240550841 24.4097779167
223 234.242717508 24.4097501389
224 234.244884175 24.4097223611
225 234.247134175 24.4097779167
226 234.249259175 24.4097779167
227 234.251550842 24.4097501389
228 234.253675841 24.4097779167
229 234.25592584 24.4098334722
230 234.258092507 24.4098334722
231 234.260300841 24.4097779167
232 234.262425841 24.4097779167
233 234.23280087 24.4080279167
234 234.235009203 24.4080279167
235 234.237217535 24.40811125
236 234.239467537 24.4080001389
237 234.241675869 24.40811125
238 234.24380087 24.4080279167
239 234.245967536 24.4080556944
240 234.24817587 24.4080556944
241 234.250384203 24.4080279167
242 234.252592536 24.4080556944
243 234.254842536 24.4080834722
244 234.256967536 24.4080834722
245 234.259175869 24.40811125
246 234.261384202 24.4081390278
