1 234.203217101 24.4345001389
2 234.205383769 24.4344445833
3 234.207633768 24.4345279167
4 234.209800434 24.4345279167
5 234.211925434 24.4345279167
6 234.214217102 24.4344723611
7 234.216425434 24.4345556944
8 234.218592102 24.4344445833
9 234.220758767 24.4345556944
10 234.223008768 24.4345279167
11 234.225133767 24.4345834722
12 234.2273421 24.4345834722
13 234.229508767 24.4345556944
14 234.231717101 24.4345279167
15 234.202175465 24.4326945833
16 234.204300464 24.4327501389
17 234.206508796 24.4327779167
18 234.208675462 24.4328334722
19 234.210883796 24.4327779167
20 234.21309213 24.4327501389
21 234.215300464 24.4327223611
22 234.217467131 24.4327223611
23 234.219633796 24.4328056944
24 234.221758796 24.4328056944
25 234.224050464 24.4327501389
26 234.226258796 24.4328056944
27 234.228467129 24.4328056944
28 234.23071713 24.4327779167
29 234.232800463 24.4327779167
30 234.203217159 24.4310279167
31 234.205383825 24.4310556944
32 234.20759216 24.4309723611
33 234.209758825 24.4310556944
34 234.211967159 24.4310001389
35 234.214217159 24.4310001389
36 234.216383824 24.43111125
37 234.218592158 24.4310834722
38 234.220758826 24.4310001389
39 234.223008824 24.43111125
40 234.225175491 24.4310556944
41 234.227300492 24.4310279167
42 234.229592158 24.4310556944
43 234.231758824 24.43111125
44 234.202092187 24.4292779167
45 234.20430052 24.4293056944
46 234.206508854 24.4292779167
47 234.208717187 24.4293056944
48 234.21092552 24.4293334722
49 234.21305052 24.4293334722
50 234.215300521 24.4292779167
51 234.21755052 24.4293334722
52 234.219717187 24.4293056944
53 234.22192552 24.4293056944
54 234.224092186 24.4293334722
55 234.226258853 24.4293334722
56 234.22842552 24.4293056944
57 234.230633853 24.42936125
58 234.232883854 24.4293056944
59 234.203217215 24.42761125
60 234.205425548 24.42761125
61 234.207675548 24.4276390278
62 234.209842215 24.4275834722
63 234.211925548 24.4276390278
64 234.214175549 24.4275834722
65 234.216383881 24.42761125
66 234.218592214 24.4276390278
67 234.220758881 24.4276668056
68 234.222967214 24.4276390278
69 234.225217214 24.4276668056
70 234.227425548 24.4276390278
71 234.229592214 24.4276390278
72 234.231800548 24.4276390278
73 234.20213391 24.4258890278
74 234.20425891 24.42586125
75 234.20650891 24.42586125
76 234.208717244 24.42586125
77 234.210967243 24.4258890278
78 234.21313391 24.42586125
79 234.215342243 24.4259168056
80 234.217467243 24.4259168056
81 234.219675576 24.4259168056
82 234.221925576 24.4258890278
83 234.224092243 24.4259168056
84 234.226300577 24.4258334722
85 234.228467243 24.4258890278
86 234.230633909 24.4259168056
87 234.232842242 24.4259445833
88 234.203217272 24.42411125
89 234.205425606 24.42411125
90 234.207633938 24.4241945833
91 234.209800605 24.4241390278
92 234.212008939 24.4241390278
93 234.214258938 24.4241668056
94 234.216383938 24.4241668056
95 234.218550606 24.42411125
96 234.220842271 24.4241945833
97 234.223008939 24.4241390278
98 234.225175604 24.4241945833
99 234.227383937 24.4242223611
100 234.229592271 24.4241668056
101 234.231675603 24.4242501389
102 234.202175634 24.4223890278
103 234.204342301 24.42236125
104 234.206550634 24.4224168056
105 234.208758966 24.4224723611
106 234.210925633 24.4224723611
107 234.213133967 24.4224168056
108 234.2153423 24.4224168056
109 234.217467299 24.4224723611
110 234.219758967 24.4224168056
111 234.221883966 24.4224723611
112 234.224050632 24.4225001389
113 234.226300633 24.4224445833
114 234.228425634 24.4224168056
115 234.2307173 24.4224445833
116 234.232883967 24.4224168056
117 234.203217328 24.4207223611
118 234.205425662 24.4206945833
119 234.207633995 24.4206945833
120 234.209800662 24.4206668056
121 234.212008995 24.4207223611
122 234.214217327 24.4208056944
123 234.216342327 24.4207779167
124 234.218550661 24.4207223611
125 234.220800661 24.4207501389
126 234.223008994 24.4207779167
127 234.225133994 24.4207501389
128 234.227383994 24.4207779167
129 234.229592328 24.4207501389
130 234.231717328 24.4207501389
131 234.20217569 24.4190001389
132 234.204342356 24.4190001389
133 234.206592356 24.4190279167
134 234.208759023 24.4189723611
135 234.210967357 24.4189723611
136 234.213134023 24.4190279167
137 234.215342357 24.4189723611
138 234.217509023 24.4190001389
139 234.219759023 24.4190001389
140 234.221925689 24.4190279167
141 234.224134022 24.4190556944
142 234.226259023 24.4190279167
143 234.228467356 24.4190279167
144 234.230717356 24.4190279167
145 234.232884022 24.4190556944
146 234.203259053 24.4171668056
147 234.205425719 24.4172223611
148 234.207592385 24.4172501389
149 234.209800718 24.4172501389
150 234.212050718 24.4172779167
151 234.214217385 24.4172779167
152 234.216425719 24.4172223611
153 234.21863405 24.4173334722
154 234.220800718 24.4173056944
155 234.222967386 24.4172223611
156 234.225175718 24.4172501389
157 234.227342384 24.4173334722
158 234.229509051 24.4173056944
159 234.231759051 24.4172779167
160 234.20213408 24.4155556944
161 234.204342414 24.4155001389
162 234.206592413 24.4155279167
163 234.20875908 24.4155279167
164 234.210967413 24.4155279167
165 234.21313408 24.4155279167
166 234.21538408 24.4155279167
167 234.217550746 24.4155834722
168 234.219717413 24.4155834722
169 234.222009079 24.41561125
170 234.224050746 24.4155556944
171 234.226300746 24.4155834722
172 234.228509079 24.41561125
173 234.230717414 24.4155001389
174 234.232925747 24.4155279167
175 234.203259107 24.41386125
176 234.205425774 24.41386125
177 234.207634107 24.41386125
178 234.209842442 24.4137779167
179 234.212050775 24.4138334722
180 234.214259107 24.4138890278
181 234.216467441 24.41386125
182 234.218675774 24.4138890278
183 234.220842441 24.4138334722
184 234.22296744 24.4138890278
185 234.225217441 24.4138334722
186 234.227384107 24.4138890278
187 234.22959244 24.4139168056
188 234.231759107 24.4138890278
189 234.202217471 24.4120279167
190 234.204384137 24.4120556944
191 234.20659247 24.41211125
192 234.208759137 24.4120834722
193 234.21096747 24.41211125
194 234.213134136 24.41211125
195 234.21534247 24.4120834722
196 234.217550802 24.4121390278
197 234.21971747 24.41211125
198 234.221925803 24.41211125
199 234.224134135 24.4121945833
200 234.226300803 24.41211125
201 234.228550802 24.4121390278
202 234.230634136 24.41211125
203 234.232884134 24.4122223611
204 234.203217498 24.41036125
205 234.205425832 24.4103334722
206 234.207634165 24.41036125
207 234.209842498 24.41036125
208 234.212009165 24.4103890278
209 234.214259165 24.4103890278
210 234.216342499 24.4103334722
211 234.218675833 24.4103056944
212 234.220759165 24.41036125
213 234.223050831 24.4103890278
214 234.225134164 24.4104168056
215 234.227384164 24.4104168056
216 234.229634164 24.4104168056
217 234.231800831 24.4103890278
218 234.20217586 24.40861125
219 234.204384194 24.40861125
220 234.206634194 24.40861125
221 234.208717527 24.4086390278
222 234.210967527 24.4086390278
223 234.213134193 24.4086390278
224 234.21530086 24.40861125
225 234.21755086 24.4086668056
226 234.21967586 24.4086668056
227 234.221967527 24.4086390278
228 234.224092526 24.4086668056
229 234.226300859 24.4087223611
230 234.228509192 24.4087223611
231 234.230717526 24.4086668056
232 234.232842526 24.4086668056
233 234.203217555 24.4069168056
234 234.205425888 24.4069168056
235 234.20763422 24.4070001389
236 234.209884222 24.4068890278
237 234.212092554 24.4070001389
238 234.214217555 24.4068890278
239 234.216384221 24.4069445833
240 234.218592554 24.4069445833
241 234.220800888 24.4069168056
242 234.223009221 24.4069445833
243 234.225259221 24.4069723611
244 234.227384221 24.4069723611
245 234.229592554 24.4070001389
246 234.231800886 24.4070279167
