1 234.23280086 24.4086668056
2 234.235009194 24.40861125
3 234.237217525 24.4087223611
4 234.239384192 24.4086945833
5 234.241509192 24.4086945833
6 234.24380086 24.4086390278
7 234.246009191 24.4087501389
8 234.24817586 24.4086390278
9 234.250342525 24.4087501389
10 234.252592526 24.4086945833
11 234.254759191 24.4087501389
12 234.256925858 24.4087501389
13 234.259092525 24.4087223611
14 234.261300859 24.4086945833
15 234.231800889 24.4068890278
16 234.233884222 24.4069168056
17 234.236092554 24.4069723611
18 234.23825922 24.4070001389
19 234.240467554 24.4069445833
20 234.242717555 24.4069168056
21 234.244884222 24.4068890278
22 234.247050888 24.4069168056
23 234.24925922 24.4070001389
24 234.251342554 24.4069723611
25 234.253634222 24.4069168056
26 234.255842554 24.4069723611
27 234.258050887 24.4069723611
28 234.260300887 24.4069723611
29 234.262384221 24.4069445833
30 234.232842583 24.4052223611
31 234.234967583 24.4052223611
32 234.237175917 24.4051390278
33 234.239342583 24.4052223611
34 234.241550917 24.4051668056
35 234.243800917 24.4051668056
36 234.245967582 24.4052779167
37 234.248175916 24.4052501389
38 234.250342583 24.4051945833
39 234.252592582 24.4052779167
40 234.254759249 24.4052223611
41 234.25688425 24.4051945833
42 234.259175916 24.4052501389
43 234.261342582 24.4052779167
44 234.231675945 24.4034723611
45 234.233925945 24.4034723611
46 234.236092611 24.4034723611
47 234.238300945 24.4034723611
48 234.240509278 24.4035001389
49 234.242634278 24.4035001389
50 234.244884278 24.4034723611
51 234.247134278 24.4035001389
52 234.249300945 24.4034723611
53 234.251509278 24.4034723611
54 234.253675944 24.4035279167
55 234.255842611 24.4035001389
56 234.258009278 24.4034723611
57 234.260217611 24.4035279167
58 234.262467611 24.4034723611
59 234.232800973 24.4017779167
60 234.235009306 24.4017779167
61 234.237259306 24.4018056944
62 234.239425973 24.4017779167
63 234.241509306 24.4018056944
64 234.243800973 24.4017501389
65 234.245967639 24.4017779167
66 234.248175972 24.4018056944
67 234.250342638 24.4018334722
68 234.252550972 24.4018056944
69 234.254842638 24.4018334722
70 234.257009305 24.4018334722
71 234.259175972 24.4018334722
72 234.261384306 24.4018056944
73 234.231717668 24.4000556944
74 234.233884335 24.4000279167
75 234.236092668 24.4000556944
76 234.238342668 24.4000556944
77 234.240551001 24.4000556944
78 234.242717668 24.4000556944
79 234.244926 24.40011125
80 234.247051 24.40011125
81 234.249301 24.4000834722
82 234.251509334 24.4000556944
83 234.253676 24.4000834722
84 234.255884335 24.4000279167
85 234.258051001 24.4000556944
86 234.260217667 24.4000834722
87 234.262426 24.40011125
88 234.23280103 24.3982779167
89 234.235009363 24.3982779167
90 234.237217695 24.39836125
91 234.239384363 24.3983056944
92 234.241592696 24.3983056944
93 234.243842696 24.3983334722
94 234.245967696 24.3983334722
95 234.248134363 24.3983056944
96 234.250426029 24.39836125
97 234.252592696 24.3983056944
98 234.254759362 24.39836125
99 234.256967695 24.3983890278
100 234.259176029 24.39836125
101 234.261259361 24.3984168056
102 234.231759391 24.3965834722
103 234.233926059 24.3965279167
104 234.236134391 24.3965834722
105 234.238342724 24.3966390278
106 234.24050939 24.3966390278
107 234.242717725 24.3965834722
108 234.244926058 24.3965834722
109 234.247051057 24.3966390278
110 234.249342725 24.3965834722
111 234.251467724 24.3966390278
112 234.25363439 24.3966668056
113 234.255884391 24.39661125
114 234.258009391 24.3965834722
115 234.260301057 24.39661125
116 234.262467725 24.3965834722
117 234.232801086 24.3948890278
118 234.23500942 24.39486125
119 234.23725942 24.39486125
120 234.23938442 24.3948334722
121 234.241592752 24.3948890278
122 234.243801084 24.3949723611
123 234.245926085 24.3949445833
124 234.248134419 24.3948890278
125 234.250426085 24.3949168056
126 234.252592751 24.3949723611
127 234.254717752 24.3949168056
128 234.256967752 24.3949445833
129 234.259176085 24.3949445833
130 234.261301085 24.3949168056
131 234.231759447 24.3931668056
132 234.23396778 24.3931945833
133 234.236176113 24.3932223611
134 234.238342781 24.3931390278
135 234.240551114 24.3931390278
136 234.24271778 24.3931945833
137 234.244926114 24.3931390278
138 234.24709278 24.3931945833
139 234.249342781 24.3931668056
140 234.251509447 24.3931945833
141 234.25371778 24.3932223611
142 234.25584278 24.3931945833
143 234.258051114 24.3931945833
144 234.260301113 24.3932223611
145 234.26246778 24.3932223611
146 234.232884477 24.39136125
147 234.235009477 24.3913890278
148 234.237176143 24.3914168056
149 234.239384476 24.3914168056
150 234.241634476 24.3914445833
151 234.243801142 24.3914723611
152 234.246009476 24.3914168056
153 234.248217808 24.3915001389
154 234.250384475 24.3914723611
155 234.252551143 24.3914168056
156 234.254759476 24.3914445833
157 234.256926141 24.3915001389
158 234.259092809 24.3914723611
159 234.261342809 24.3914445833
160 234.231717837 24.3897223611
161 234.233926171 24.3896945833
162 234.236176171 24.3896945833
163 234.238342837 24.3897223611
164 234.240551171 24.3896945833
165 234.242759504 24.3896945833
166 234.244967838 24.3896945833
167 234.247134503 24.3897501389
168 234.24930117 24.3897501389
169 234.251592836 24.3897779167
170 234.253634504 24.3897223611
171 234.255884503 24.3897779167
172 234.258092836 24.3897779167
173 234.260301171 24.3896668056
174 234.262509504 24.3896945833
175 234.232842865 24.3880279167
176 234.235009532 24.3880279167
177 234.237259532 24.3880279167
178 234.2394262 24.3879445833
179 234.241634532 24.3880001389
180 234.243842864 24.3880834722
181 234.246051198 24.3880279167
182 234.248259531 24.3880556944
183 234.250426199 24.3880001389
184 234.252551198 24.3880556944
185 234.254801198 24.3880279167
186 234.256967865 24.3880556944
187 234.259176197 24.3880834722
188 234.261342865 24.3880556944
189 234.231842895 24.3861945833
190 234.233967895 24.3862223611
191 234.236176227 24.3862779167
192 234.238342894 24.3862779167
193 234.240551227 24.3863056944
194 234.242717893 24.3863056944
195 234.244926228 24.3862501389
196 234.24713456 24.3863056944
197 234.249301227 24.3862779167
198 234.25150956 24.3862779167
199 234.253717892 24.38636125
200 234.25588456 24.3862779167
201 234.25813456 24.3863056944
202 234.260217893 24.3863056944
203 234.262467892 24.3863890278
204 234.232801256 24.3845279167
205 234.23500959 24.3845001389
206 234.237217922 24.3845279167
207 234.239426255 24.3845556944
208 234.241592922 24.3845556944
209 234.243842922 24.3845834722
210 234.245926256 24.3845001389
211 234.24825959 24.3845001389
212 234.250342922 24.3845556944
213 234.252634588 24.3845834722
214 234.254717921 24.38461125
215 234.256967922 24.3845834722
216 234.259217922 24.3845834722
217 234.261384589 24.3845556944
218 234.231759618 24.3827779167
219 234.233967951 24.3827779167
220 234.236217951 24.3828056944
221 234.238301284 24.3828056944
222 234.240551284 24.3828334722
223 234.24271795 24.3828334722
224 234.244884618 24.3827779167
225 234.247134617 24.3828334722
226 234.249259617 24.3828334722
227 234.251551284 24.3828056944
228 234.253676283 24.38286125
229 234.255884616 24.3828890278
230 234.258092949 24.3829168056
231 234.260301284 24.3828334722
232 234.262426283 24.38286125
233 234.232801312 24.3810834722
234 234.235009646 24.3810834722
235 234.237259644 24.3811668056
236 234.239467979 24.3810556944
237 234.241676311 24.3811668056
238 234.243801312 24.3810834722
239 234.245967979 24.38111125
240 234.248176312 24.38111125
241 234.250384646 24.3810834722
242 234.252592979 24.38111125
243 234.254842978 24.3811390278
244 234.256967978 24.3811390278
245 234.259176311 24.3811668056
246 234.261384644 24.3811945833
