1 234.231717092 24.4350556944
2 234.23388376 24.4349723611
3 234.236133759 24.4350834722
4 234.238300425 24.4350834722
5 234.240425425 24.4350834722
6 234.242717093 24.4350279167
7 234.244925425 24.43511125
8 234.247050427 24.4350001389
9 234.249217091 24.43511125
10 234.251467092 24.4350834722
11 234.253633758 24.4351390278
12 234.255800424 24.4351390278
13 234.257967091 24.43511125
14 234.260175425 24.4350834722
15 234.230675455 24.4332501389
16 234.232758788 24.4333056944
17 234.234967121 24.4333334722
18 234.237133786 24.4333890278
19 234.239342121 24.4333056944
20 234.241592121 24.4333056944
21 234.243800455 24.4332779167
22 234.245967122 24.4332779167
23 234.248133787 24.43336125
24 234.250258787 24.43336125
25 234.252508788 24.4333056944
26 234.25471712 24.43336125
27 234.256925454 24.43336125
28 234.259175454 24.4333334722
29 234.261300454 24.4333334722
30 234.231717149 24.4315834722
31 234.233842149 24.43161125
32 234.236050484 24.4315279167
33 234.238258816 24.43161125
34 234.24046715 24.4315556944
35 234.242675483 24.4315556944
36 234.244842148 24.4316668056
37 234.247050482 24.4316390278
38 234.24921715 24.4315556944
39 234.251508815 24.4316668056
40 234.253675482 24.43161125
41 234.255758816 24.4315834722
42 234.258050482 24.43161125
43 234.260217148 24.4316668056
44 234.230592178 24.4298334722
45 234.232800511 24.42986125
46 234.234967178 24.4298334722
47 234.237217178 24.42986125
48 234.239383844 24.4298890278
49 234.241550511 24.4298890278
50 234.243800512 24.4298334722
51 234.246008844 24.4298890278
52 234.248217178 24.42986125
53 234.250425511 24.42986125
54 234.252592177 24.4298890278
55 234.254717177 24.4298890278
56 234.256925511 24.42986125
57 234.259133844 24.4299168056
58 234.261342178 24.42986125
59 234.231717206 24.4281668056
60 234.233925539 24.4281668056
61 234.236133872 24.4281945833
62 234.238300539 24.4281390278
63 234.240425539 24.4281945833
64 234.242675539 24.4281390278
65 234.244883872 24.4281668056
66 234.247092205 24.4281945833
67 234.249217205 24.4282223611
68 234.251467205 24.4281945833
69 234.253717205 24.4282223611
70 234.255883872 24.4281945833
71 234.258050539 24.4281945833
72 234.260300539 24.4281945833
73 234.230633901 24.4264445833
74 234.232758901 24.4264168056
75 234.234967234 24.4264168056
76 234.237217234 24.4264168056
77 234.239425567 24.4264445833
78 234.241592234 24.4264168056
79 234.243800567 24.4264723611
80 234.245967234 24.4264723611
81 234.248175567 24.4264723611
82 234.250425567 24.4264445833
83 234.252592234 24.4264723611
84 234.254800568 24.4263890278
85 234.256925567 24.4264445833
86 234.2591339 24.4264723611
87 234.261342233 24.4265001389
88 234.231717263 24.4246668056
89 234.23388393 24.4246668056
90 234.236092262 24.4247501389
91 234.23825893 24.4246668056
92 234.240467263 24.4246945833
93 234.242758929 24.4247223611
94 234.244883929 24.4247223611
95 234.247050597 24.4246668056
96 234.249300595 24.4247501389
97 234.251508929 24.4246945833
98 234.253633928 24.4247501389
99 234.255883928 24.4247779167
100 234.258092262 24.4247223611
101 234.260175595 24.4247779167
102 234.230675625 24.4229445833
103 234.232842292 24.4229168056
104 234.235050624 24.4229723611
105 234.23721729 24.4230279167
106 234.239425623 24.4230279167
107 234.241592291 24.4229723611
108 234.243800624 24.4229723611
109 234.24596729 24.4230279167
110 234.248217291 24.4229723611
111 234.25034229 24.4230279167
112 234.252508956 24.4230556944
113 234.254800624 24.4230001389
114 234.256925624 24.4229723611
115 234.259217291 24.4229723611
116 234.261342291 24.4229723611
117 234.231717319 24.4212501389
118 234.233925653 24.4212501389
119 234.236133986 24.4212501389
120 234.238258986 24.4212223611
121 234.240508986 24.4212779167
122 234.242717318 24.42136125
123 234.244842318 24.4213334722
124 234.247050652 24.4212779167
125 234.249300652 24.4213056944
126 234.251508985 24.4213334722
127 234.253633985 24.4213056944
128 234.255883985 24.4213334722
129 234.258050652 24.4213056944
130 234.260217318 24.4213056944
131 234.230675681 24.4195556944
132 234.232842347 24.4195556944
133 234.23505068 24.4195834722
134 234.237259014 24.4195279167
135 234.239425681 24.4195279167
136 234.241592347 24.4195834722
137 234.243800681 24.4195279167
138 234.246009014 24.4195556944
139 234.248217347 24.4195556944
140 234.25042568 24.4195834722
141 234.252634013 24.4195834722
142 234.254759013 24.4195834722
143 234.256967347 24.4195834722
144 234.259217347 24.4195834722
145 234.261342346 24.41961125
146 234.231759044 24.4177223611
147 234.233884044 24.4177501389
148 234.236092376 24.4178056944
149 234.238259043 24.4178056944
150 234.240550709 24.4178056944
151 234.242675709 24.4178334722
152 234.244884043 24.4177779167
153 234.247134041 24.4178890278
154 234.249300708 24.41786125
155 234.251467376 24.4177779167
156 234.253675709 24.4178056944
157 234.255842375 24.4178890278
158 234.257967375 24.41786125
159 234.260259042 24.4178334722
160 234.230592404 24.41611125
161 234.232842405 24.4160556944
162 234.235050738 24.4160834722
163 234.237217404 24.4160834722
164 234.239467404 24.4160834722
165 234.241634071 24.4160834722
166 234.243842404 24.4160834722
167 234.246050737 24.4161390278
168 234.248217403 24.4161390278
169 234.250467403 24.4161668056
170 234.252550737 24.41611125
171 234.254800737 24.4161390278
172 234.256967403 24.4161668056
173 234.259175738 24.4160556944
174 234.261384071 24.4160834722
175 234.231717432 24.4144168056
176 234.233884098 24.4144168056
177 234.236134098 24.4144168056
178 234.238342433 24.4143334722
179 234.240509099 24.4143890278
180 234.242717431 24.4144445833
181 234.244925765 24.4144168056
182 234.247134098 24.4144445833
183 234.249300765 24.4143890278
184 234.251467431 24.4144445833
185 234.253675765 24.4143890278
186 234.255884098 24.4144445833
187 234.258092431 24.4144723611
188 234.260217431 24.4144445833
189 234.230717462 24.4125834722
190 234.232884128 24.41261125
191 234.235050794 24.4126390278
192 234.237259128 24.4126390278
193 234.23946746 24.4126668056
194 234.24159246 24.4126668056
195 234.243842461 24.4126390278
196 234.246009127 24.4126945833
197 234.248175794 24.4126668056
198 234.250425794 24.4126668056
199 234.252634126 24.4127501389
200 234.254800794 24.4126668056
201 234.257009127 24.4126945833
202 234.259134127 24.4126668056
203 234.261384126 24.4127501389
204 234.231717489 24.4109168056
205 234.233925823 24.4108890278
206 234.236134156 24.4109168056
207 234.238300823 24.4109168056
208 234.240467489 24.4109445833
209 234.242717489 24.4109445833
210 234.244800823 24.4108890278
211 234.247134157 24.41086125
212 234.249259156 24.4109168056
213 234.251509155 24.4109445833
214 234.253592488 24.4109723611
215 234.255842488 24.4109723611
216 234.258134155 24.4109723611
217 234.260259155 24.4109445833
218 234.230675851 24.4091668056
219 234.232884185 24.4091668056
220 234.235134185 24.4091668056
221 234.237175851 24.4091945833
222 234.239425851 24.4091945833
223 234.241592517 24.4091945833
224 234.243800851 24.4091668056
225 234.246009184 24.4092223611
226 234.24817585 24.4092223611
227 234.250425851 24.4091945833
228 234.25255085 24.4092223611
229 234.254800849 24.4092779167
230 234.256967516 24.4092779167
231 234.25917585 24.4092223611
232 234.261342517 24.4092223611
233 234.231675879 24.4074723611
234 234.233884212 24.4074723611
235 234.236134211 24.4075556944
236 234.238384213 24.4074445833
237 234.240592545 24.4075279167
238 234.242717546 24.4074445833
239 234.244842545 24.4075001389
240 234.247050879 24.4075001389
241 234.24930088 24.4074445833
242 234.251509212 24.4075001389
243 234.253759212 24.4075279167
244 234.255884212 24.4075279167
245 234.258050878 24.4075556944
246 234.260259211 24.4075834722
