1 234.232800435 24.4345001389
2 234.235008769 24.4344445833
3 234.237217101 24.4345279167
4 234.239383768 24.4345279167
5 234.241508768 24.4345279167
6 234.243800435 24.4344723611
7 234.246050434 24.4345556944
8 234.248175436 24.4344445833
9 234.250342101 24.4345556944
10 234.252592101 24.4345279167
11 234.254758767 24.4345834722
12 234.256925433 24.4345834722
13 234.259092101 24.4345556944
14 234.261300434 24.4345279167
15 234.231800465 24.4326945833
16 234.233883797 24.4327501389
17 234.23609213 24.4327779167
18 234.238258796 24.4328334722
19 234.24046713 24.4327779167
20 234.24271713 24.4327501389
21 234.244883797 24.4327223611
22 234.247050464 24.4327223611
23 234.249258796 24.4328056944
24 234.251383796 24.4328056944
25 234.253633797 24.4327501389
26 234.255842129 24.4328056944
27 234.258050463 24.4328056944
28 234.260300463 24.4327779167
29 234.262383796 24.4327779167
30 234.232842159 24.4310279167
31 234.234967158 24.4310556944
32 234.237175493 24.4309723611
33 234.239342158 24.4310556944
34 234.241550492 24.4310001389
35 234.243800492 24.4310001389
36 234.245967157 24.43111125
37 234.248175491 24.4310834722
38 234.250342159 24.4310001389
39 234.252592157 24.43111125
40 234.254800491 24.4310556944
41 234.256883825 24.4310279167
42 234.259175491 24.4310556944
43 234.261342157 24.43111125
44 234.231675521 24.4292779167
45 234.23392552 24.4293056944
46 234.236092187 24.4292779167
47 234.23830052 24.4293056944
48 234.240508853 24.4293334722
49 234.242633853 24.4293334722
50 234.244883854 24.4292779167
51 234.247133853 24.4293334722
52 234.24930052 24.4293056944
53 234.251508854 24.4293056944
54 234.25367552 24.4293334722
55 234.255842186 24.4293334722
56 234.258008854 24.4293056944
57 234.260217186 24.42936125
58 234.262467187 24.4293056944
59 234.232800548 24.42761125
60 234.235008881 24.42761125
61 234.237258881 24.4276390278
62 234.239425549 24.4275834722
63 234.241508881 24.4276390278
64 234.243800549 24.4275834722
65 234.245967215 24.42761125
66 234.248175548 24.4276390278
67 234.250342214 24.4276668056
68 234.252550548 24.4276390278
69 234.254842214 24.4276668056
70 234.257008881 24.4276390278
71 234.259175548 24.4276390278
72 234.261383881 24.4276390278
73 234.231717243 24.4258890278
74 234.23388391 24.42586125
75 234.236092244 24.42586125
76 234.238342244 24.42586125
77 234.240550576 24.4258890278
78 234.242717244 24.42586125
79 234.244925576 24.4259168056
80 234.247050576 24.4259168056
81 234.249300576 24.4259168056
82 234.25150891 24.4258890278
83 234.253675576 24.4259168056
84 234.255883911 24.4258334722
85 234.258050576 24.4258890278
86 234.260258909 24.4259168056
87 234.262425576 24.4259445833
88 234.232800606 24.42411125
89 234.235008939 24.42411125
90 234.237217271 24.4241945833
91 234.239383939 24.4241390278
92 234.241592272 24.4241390278
93 234.243842271 24.4241668056
94 234.245967271 24.4241668056
95 234.248133939 24.42411125
96 234.250425604 24.4241945833
97 234.252592272 24.4241390278
98 234.254758938 24.4241945833
99 234.256967271 24.4242223611
100 234.259217271 24.4241668056
101 234.261300603 24.4242501389
102 234.231758967 24.4223890278
103 234.233925634 24.42236125
104 234.236133967 24.4224168056
105 234.238342299 24.4224723611
106 234.240508966 24.4224723611
107 234.2427173 24.4224168056
108 234.244925634 24.4224168056
109 234.247050633 24.4224723611
110 234.2493423 24.4224168056
111 234.251467299 24.4224723611
112 234.253633965 24.4225001389
113 234.255925633 24.4224445833
114 234.258008967 24.4224168056
115 234.260300633 24.4224445833
116 234.2624673 24.4224168056
117 234.232800661 24.4207223611
118 234.235008995 24.4206945833
119 234.237258995 24.4206945833
120 234.239383996 24.4206668056
121 234.241633995 24.4207223611
122 234.24380066 24.4208056944
123 234.24592566 24.4207779167
124 234.248133995 24.4207223611
125 234.250425661 24.4207501389
126 234.252592327 24.4207779167
127 234.254717328 24.4207501389
128 234.256967327 24.4207779167
129 234.259175661 24.4207501389
130 234.261342328 24.4207501389
131 234.231759023 24.4190001389
132 234.233967356 24.4190001389
133 234.236175689 24.4190279167
134 234.238342357 24.4189723611
135 234.24055069 24.4189723611
136 234.242717356 24.4190279167
137 234.24492569 24.4189723611
138 234.247092356 24.4190001389
139 234.249342356 24.4190001389
140 234.251509023 24.4190279167
141 234.253717355 24.4190556944
142 234.255842356 24.4190279167
143 234.258092356 24.4190279167
144 234.260300689 24.4190279167
145 234.262467355 24.4190556944
146 234.232884053 24.4171668056
147 234.235009052 24.4172223611
148 234.237175718 24.4172501389
149 234.239384052 24.4172501389
150 234.241634051 24.4172779167
151 234.243800718 24.4172779167
152 234.246009052 24.4172223611
153 234.248217384 24.4173334722
154 234.250425718 24.4173056944
155 234.252550719 24.4172223611
156 234.254759052 24.4172501389
157 234.256925717 24.4173334722
158 234.259092384 24.4173056944
159 234.261342385 24.4172779167
160 234.231717413 24.4155556944
161 234.233925747 24.4155001389
162 234.236175747 24.4155279167
163 234.238342413 24.4155279167
164 234.240550747 24.4155279167
165 234.24275908 24.4155279167
166 234.244967413 24.4155279167
167 234.247134079 24.4155834722
168 234.249342413 24.4155834722
169 234.251592412 24.41561125
170 234.253675746 24.4155556944
171 234.255884079 24.4155834722
172 234.258092412 24.41561125
173 234.260300747 24.4155001389
174 234.26250908 24.4155279167
175 234.232842441 24.41386125
176 234.235009107 24.41386125
177 234.237259107 24.41386125
178 234.239425776 24.4137779167
179 234.241634108 24.4138334722
180 234.24384244 24.4138890278
181 234.246050774 24.41386125
182 234.248259107 24.4138890278
183 234.250425775 24.4138334722
184 234.25259244 24.4138890278
185 234.254800775 24.4138334722
186 234.25696744 24.4138890278
187 234.25921744 24.4139168056
188 234.26134244 24.4138890278
189 234.231842471 24.4120279167
190 234.23396747 24.4120556944
191 234.236175803 24.41211125
192 234.23834247 24.4120834722
193 234.240550803 24.41211125
194 234.24271747 24.41211125
195 234.244925803 24.4120834722
196 234.247134136 24.4121390278
197 234.249300803 24.41211125
198 234.251509136 24.41211125
199 234.253717468 24.4121945833
200 234.255884136 24.41211125
201 234.258134136 24.4121390278
202 234.26021747 24.41211125
203 234.262509134 24.4122223611
204 234.232800832 24.41036125
205 234.235009165 24.4103334722
206 234.237217498 24.41036125
207 234.239425832 24.41036125
208 234.241592498 24.4103890278
209 234.243842498 24.4103890278
210 234.245925832 24.4103334722
211 234.248259166 24.4103056944
212 234.250342498 24.41036125
213 234.252634165 24.4103890278
214 234.254717497 24.4104168056
215 234.256967497 24.4104168056
216 234.259217497 24.4104168056
217 234.261384165 24.4103890278
218 234.231759194 24.40861125
219 234.233967527 24.40861125
220 234.236217527 24.40861125
221 234.23830086 24.4086390278
222 234.24055086 24.4086390278
223 234.242717527 24.4086390278
224 234.244884194 24.40861125
225 234.247134193 24.4086668056
226 234.24930086 24.4086668056
227 234.25155086 24.4086390278
228 234.25367586 24.4086668056
229 234.255925859 24.4087223611
230 234.258092525 24.4087223611
231 234.26030086 24.4086668056
232 234.26242586 24.4086668056
233 234.232800888 24.4069168056
234 234.235009222 24.4069168056
235 234.23725922 24.4070001389
236 234.239467555 24.4068890278
237 234.241675887 24.4070001389
238 234.243800889 24.4068890278
239 234.245967554 24.4069445833
240 234.248175888 24.4069445833
241 234.250384222 24.4069168056
242 234.252634221 24.4069445833
243 234.254842554 24.4069723611
244 234.257009221 24.4069723611
245 234.259175887 24.4070001389
246 234.26138422 24.4070279167
