1 234.202134202 24.40811125
2 234.20430087 24.4080556944
3 234.206550868 24.4081390278
4 234.208717535 24.4081390278
5 234.210842535 24.4081390278
6 234.213134202 24.4080834722
7 234.215342534 24.4081668056
8 234.217467536 24.4080834722
9 234.219634201 24.4081945833
10 234.221884202 24.4081390278
11 234.224050867 24.4081945833
12 234.226217534 24.4081945833
13 234.228384201 24.4081668056
14 234.230592535 24.4081390278
15 234.201092564 24.4063334722
16 234.203175897 24.40636125
17 234.20538423 24.4063890278
18 234.207550896 24.4064445833
19 234.20975923 24.4063890278
20 234.212009231 24.40636125
21 234.214175898 24.4063334722
22 234.216342564 24.4063334722
23 234.218550896 24.4064168056
24 234.220675896 24.4064168056
25 234.222925897 24.40636125
26 234.22513423 24.4064168056
27 234.227342563 24.4064168056
28 234.229592564 24.4063890278
29 234.231675897 24.4063890278
30 234.202134259 24.4046668056
31 234.204259259 24.4046668056
32 234.206467593 24.4045834722
33 234.208675925 24.4046668056
34 234.210884259 24.40461125
35 234.213092593 24.40461125
36 234.215259258 24.4047223611
37 234.217467591 24.4046945833
38 234.219634259 24.4046390278
39 234.221884258 24.4047223611
40 234.224092592 24.4046668056
41 234.226175926 24.4046390278
42 234.228467592 24.4046668056
43 234.230634258 24.4047223611
44 234.201009287 24.4029168056
45 234.203217621 24.4029168056
46 234.205384288 24.4028890278
47 234.207634287 24.4029168056
48 234.209800953 24.4029445833
49 234.21196762 24.4029445833
50 234.214217621 24.4029168056
51 234.216425953 24.4029445833
52 234.218592621 24.4029168056
53 234.220842621 24.4029168056
54 234.223009286 24.4029723611
55 234.225134287 24.4029445833
56 234.227342621 24.4029168056
57 234.229509286 24.4029723611
58 234.231759287 24.4029168056
59 234.202092648 24.4012223611
60 234.204342648 24.4012223611
61 234.206550981 24.4012501389
62 234.208717649 24.4011945833
63 234.210842648 24.4012501389
64 234.213092649 24.4011945833
65 234.215259315 24.4012223611
66 234.217467648 24.4012501389
67 234.219634314 24.4012779167
68 234.221842648 24.4012501389
69 234.224134314 24.4012779167
70 234.226300981 24.4012501389
71 234.228467648 24.4012501389
72 234.230717648 24.4012501389
73 234.20105101 24.3995001389
74 234.203176011 24.3994723611
75 234.205384343 24.3995001389
76 234.207634343 24.3995001389
77 234.209842677 24.3995001389
78 234.212009344 24.3994723611
79 234.214217676 24.3995556944
80 234.216342676 24.3995556944
81 234.218592676 24.3995279167
82 234.22080101 24.3995001389
83 234.223009343 24.3995279167
84 234.225217678 24.3994445833
85 234.227342677 24.3995001389
86 234.22955101 24.3995279167
87 234.231717676 24.3995556944
88 234.202092706 24.3977223611
89 234.204301039 24.3977223611
90 234.206509371 24.3978056944
91 234.208676039 24.3977501389
92 234.210884372 24.3977501389
93 234.213134372 24.3977779167
94 234.215259372 24.3977779167
95 234.217426039 24.3977501389
96 234.219717705 24.3978056944
97 234.221926039 24.3977501389
98 234.224051038 24.3978056944
99 234.226301037 24.3978334722
100 234.228509372 24.3977779167
101 234.230592704 24.39786125
102 234.201092734 24.3960001389
103 234.203259401 24.3959723611
104 234.205467734 24.3960279167
105 234.207634399 24.3960834722
106 234.209842733 24.3960834722
107 234.2120094 24.3960279167
108 234.214217734 24.3960279167
109 234.216384399 24.3960834722
110 234.2186344 24.3960279167
111 234.220759399 24.3960834722
112 234.222926066 24.39611125
113 234.225217733 24.3960556944
114 234.227301067 24.3960279167
115 234.2296344 24.3960556944
116 234.2317594 24.3960279167
117 234.202134428 24.3943334722
118 234.204342762 24.3943056944
119 234.206551095 24.3943056944
120 234.208676096 24.3942779167
121 234.210926095 24.3943334722
122 234.213134427 24.3944168056
123 234.215259427 24.3943890278
124 234.217426095 24.3943334722
125 234.219717761 24.39436125
126 234.221884427 24.3943890278
127 234.224051094 24.39436125
128 234.226301094 24.3943890278
129 234.228467761 24.3943890278
130 234.230634428 24.39436125
131 234.201051123 24.39261125
132 234.203259456 24.39261125
133 234.205467789 24.3926668056
134 234.207676124 24.3925834722
135 234.20984279 24.3925834722
136 234.212009456 24.3926390278
137 234.21421779 24.3925834722
138 234.216426123 24.39261125
139 234.218634456 24.39261125
140 234.220842789 24.3926390278
141 234.223009456 24.3926668056
142 234.225176123 24.3926390278
143 234.227384456 24.3926390278
144 234.229592789 24.3926668056
145 234.231759456 24.3926668056
146 234.202176153 24.3908056944
147 234.204301152 24.3908334722
148 234.206509485 24.39086125
149 234.208676152 24.39086125
150 234.210967818 24.3908890278
151 234.213092818 24.3909168056
152 234.215301152 24.39086125
153 234.217551151 24.3909445833
154 234.219717818 24.3909168056
155 234.221884485 24.39086125
156 234.224051151 24.3908890278
157 234.226217817 24.3909445833
158 234.228384484 24.3909168056
159 234.230676151 24.3908890278
160 234.201009513 24.3891668056
161 234.203217847 24.3891390278
162 234.205467847 24.3891390278
163 234.207634513 24.3891390278
164 234.209884513 24.3891390278
165 234.21205118 24.3891390278
166 234.214259513 24.3891390278
167 234.216426179 24.3891945833
168 234.218634513 24.3891945833
169 234.220884512 24.3892223611
170 234.222967846 24.3891668056
171 234.225176179 24.3891945833
172 234.227384512 24.3892223611
173 234.229592847 24.38911125
174 234.23180118 24.3891390278
175 234.202134541 24.3874723611
176 234.204301207 24.3874723611
177 234.206551207 24.3874723611
178 234.208717876 24.3873890278
179 234.210926208 24.3874445833
180 234.21313454 24.3875279167
181 234.215342874 24.3874723611
182 234.217551207 24.3875001389
183 234.219717875 24.3874445833
184 234.22188454 24.3875001389
185 234.224092875 24.3874445833
186 234.22625954 24.3875001389
187 234.22850954 24.3875279167
188 234.23063454 24.3875001389
189 234.201134571 24.3856390278
190 234.203301237 24.3856668056
191 234.205467903 24.3857223611
192 234.207676236 24.3857223611
193 234.209884569 24.3857501389
194 234.212009569 24.3857501389
195 234.214217903 24.3856945833
196 234.216426236 24.3857501389
197 234.218592903 24.3857223611
198 234.220842903 24.3857223611
199 234.223051235 24.3858056944
200 234.225217903 24.3857223611
201 234.227426236 24.3857501389
202 234.229509569 24.3857501389
203 234.231801234 24.3858334722
204 234.202134598 24.3839723611
205 234.204342932 24.3839445833
206 234.206551265 24.3839723611
207 234.208717931 24.3840001389
208 234.210884598 24.3840001389
209 234.213134598 24.3840001389
210 234.215217932 24.3839445833
211 234.217551265 24.3839445833
212 234.219676265 24.3839723611
213 234.221926264 24.3840001389
214 234.224009597 24.3840556944
215 234.226259597 24.3840279167
216 234.228509597 24.3840279167
217 234.230676264 24.3840001389
218 234.201051294 24.3822223611
219 234.203301294 24.3822223611
220 234.205509627 24.3822501389
221 234.20759296 24.3822501389
222 234.209842959 24.3822779167
223 234.212009627 24.3822501389
224 234.21421796 24.3822223611
225 234.216426293 24.3822779167
226 234.218592959 24.3822779167
227 234.22084296 24.3822501389
228 234.222967959 24.3822779167
229 234.225217958 24.3823334722
230 234.227384625 24.3823334722
231 234.229592959 24.3822779167
232 234.231717959 24.3822779167
233 234.202092988 24.3805279167
234 234.204301321 24.3805279167
235 234.20655132 24.38061125
236 234.208759655 24.3805001389
237 234.211009653 24.38061125
238 234.213092988 24.3805279167
239 234.215259654 24.3805556944
240 234.217467988 24.3805556944
241 234.219717988 24.3805279167
242 234.221926321 24.3805556944
243 234.224134654 24.3805834722
244 234.226301321 24.3805834722
245 234.228467987 24.38061125
246 234.23067632 24.3806390278
