1 234.203217083 24.43561125
2 234.205383751 24.4355556944
3 234.207633749 24.4356390278
4 234.209800416 24.4356390278
5 234.211925416 24.4356390278
6 234.214217084 24.4355834722
7 234.216425416 24.4356668056
8 234.218592084 24.4355834722
9 234.220758748 24.4356945833
10 234.223008749 24.4356390278
11 234.225133748 24.4356945833
12 234.227342082 24.4356945833
13 234.229508749 24.4356668056
14 234.231717083 24.4356390278
15 234.202175446 24.4338334722
16 234.204258779 24.43386125
17 234.206467112 24.4338890278
18 234.208675444 24.4339445833
19 234.210883778 24.4338890278
20 234.213092112 24.43386125
21 234.215300446 24.4338334722
22 234.217467112 24.4338334722
23 234.219633778 24.4339168056
24 234.221758778 24.4339168056
25 234.224050445 24.43386125
26 234.226217111 24.4339168056
27 234.228425444 24.4339168056
28 234.230675445 24.4338890278
29 234.232800445 24.4338890278
30 234.20321714 24.4321390278
31 234.205383807 24.4321668056
32 234.207550475 24.4320834722
33 234.209758807 24.4321668056
34 234.211967141 24.43211125
35 234.214217141 24.43211125
36 234.216383806 24.4322223611
37 234.218592139 24.4321945833
38 234.220758807 24.4321390278
39 234.223008806 24.4322223611
40 234.225175473 24.4321668056
41 234.227300474 24.4321390278
42 234.22959214 24.4321668056
43 234.231758806 24.4322223611
44 234.202092169 24.4304168056
45 234.204300502 24.4304168056
46 234.206508836 24.4303890278
47 234.208717169 24.4304168056
48 234.210925502 24.4304445833
49 234.213050502 24.4304445833
50 234.215300502 24.4304168056
51 234.217508835 24.4304445833
52 234.219717169 24.4304168056
53 234.221925502 24.4304168056
54 234.224092168 24.4304445833
55 234.226258835 24.4304445833
56 234.228425502 24.4304168056
57 234.230633834 24.4304723611
58 234.232883835 24.4304168056
59 234.203217197 24.4287223611
60 234.20542553 24.4287223611
61 234.207675529 24.4287501389
62 234.20980053 24.4286945833
63 234.211925529 24.4287501389
64 234.21417553 24.4286945833
65 234.216383863 24.4287223611
66 234.218592196 24.4287501389
67 234.220758862 24.4287779167
68 234.222967196 24.4287501389
69 234.225217196 24.4287779167
70 234.227383863 24.4287501389
71 234.229592196 24.4287501389
72 234.231800529 24.4287501389
73 234.202133892 24.4270001389
74 234.204258892 24.4269723611
75 234.206467225 24.4269723611
76 234.208717225 24.4269723611
77 234.210967225 24.4270001389
78 234.213133892 24.4269723611
79 234.215342224 24.4270556944
80 234.217467224 24.4270556944
81 234.219675558 24.4270279167
82 234.221925558 24.4270001389
83 234.224092224 24.4270279167
84 234.226300559 24.4269445833
85 234.228467225 24.4270001389
86 234.230633891 24.4270279167
87 234.232842224 24.4270556944
88 234.203217254 24.4252223611
89 234.205383921 24.4252223611
90 234.207633919 24.4253056944
91 234.209800587 24.4252501389
92 234.21200892 24.4252501389
93 234.21425892 24.4252779167
94 234.21638392 24.4252779167
95 234.218550587 24.4252501389
96 234.220842253 24.4253056944
97 234.22300892 24.4252501389
98 234.225133919 24.4253056944
99 234.227383919 24.4253334722
100 234.229592253 24.4252779167
101 234.231675585 24.42536125
102 234.202175616 24.4235001389
103 234.204342283 24.4234723611
104 234.206550615 24.4235279167
105 234.208758948 24.4235834722
106 234.210925614 24.4235834722
107 234.213133949 24.4235279167
108 234.215342282 24.4235279167
109 234.217467281 24.4235834722
110 234.219758949 24.4235279167
111 234.221883948 24.4235834722
112 234.224050614 24.42361125
113 234.226300615 24.4235556944
114 234.228425615 24.4235279167
115 234.230717281 24.4235556944
116 234.232883949 24.4235279167
117 234.20321731 24.4218334722
118 234.205425644 24.4218056944
119 234.207633977 24.4218056944
120 234.209800644 24.4217779167
121 234.212008976 24.4218334722
122 234.214217308 24.4219168056
123 234.216342309 24.4218890278
124 234.218550643 24.4218334722
125 234.220800643 24.42186125
126 234.223008976 24.4218890278
127 234.225133976 24.42186125
128 234.227383976 24.4218890278
129 234.229592309 24.4218890278
130 234.231717309 24.42186125
131 234.202175671 24.42011125
132 234.204342338 24.42011125
133 234.206592337 24.4201668056
134 234.208759005 24.4200834722
135 234.210967339 24.4200834722
136 234.213134004 24.4201390278
137 234.215300672 24.4200834722
138 234.217509005 24.42011125
139 234.219759005 24.42011125
140 234.221925671 24.4201390278
141 234.224134004 24.4201668056
142 234.226259004 24.4201390278
143 234.228467338 24.4201390278
144 234.230717338 24.4201390278
145 234.232884004 24.4201668056
146 234.203259034 24.4183056944
147 234.205425701 24.4183334722
148 234.207592367 24.41836125
149 234.2098007 24.41836125
150 234.2120507 24.4183890278
151 234.214217366 24.4184168056
152 234.2164257 24.41836125
153 234.218634032 24.4184445833
154 234.220800699 24.4184168056
155 234.222967367 24.41836125
156 234.2251757 24.41836125
157 234.227342365 24.4184445833
158 234.229467366 24.4184168056
159 234.231759033 24.4183890278
160 234.202134061 24.4166668056
161 234.204342395 24.4166390278
162 234.206592395 24.4166390278
163 234.208759062 24.4166390278
164 234.210967395 24.4166390278
165 234.213134062 24.4166390278
166 234.215384062 24.4166390278
167 234.217550728 24.4166945833
168 234.219717394 24.4166945833
169 234.22200906 24.4167223611
170 234.224050728 24.4166668056
171 234.226300728 24.4166945833
172 234.22850906 24.4167223611
173 234.230717396 24.41661125
174 234.232925729 24.4166390278
175 234.203217423 24.4149723611
176 234.205425756 24.4149723611
177 234.207634089 24.4149723611
178 234.209842424 24.4148890278
179 234.212050756 24.4149445833
180 234.214259088 24.4150279167
181 234.216425756 24.4149723611
182 234.218675755 24.4150001389
183 234.220800756 24.4149445833
184 234.222967422 24.4150001389
185 234.225217423 24.4149445833
186 234.227384089 24.4150001389
187 234.229592422 24.4150279167
188 234.231717422 24.4150001389
189 234.202217453 24.4131390278
190 234.204384119 24.4131668056
191 234.206550785 24.4132223611
192 234.208759118 24.4131945833
193 234.210967451 24.4132223611
194 234.213134118 24.4132501389
195 234.215342452 24.4131945833
196 234.217550784 24.4132501389
197 234.219717451 24.4132223611
198 234.221925785 24.4132223611
199 234.224134117 24.4133056944
200 234.226300785 24.4132223611
201 234.228550784 24.4132501389
202 234.230634118 24.4132223611
203 234.232884116 24.4133334722
204 234.20321748 24.4114723611
205 234.205425814 24.4114445833
206 234.207634147 24.4114723611
207 234.20984248 24.4115001389
208 234.212009146 24.4115001389
209 234.214259146 24.4115001389
210 234.216342481 24.4114445833
211 234.218675814 24.4114445833
212 234.220759147 24.4114723611
213 234.223050813 24.4115001389
214 234.225092479 24.4115279167
215 234.227384146 24.4115279167
216 234.229634146 24.4115279167
217 234.231800813 24.4115001389
218 234.202175842 24.4097223611
219 234.204384175 24.4097223611
220 234.206634175 24.4097501389
221 234.208717508 24.4097501389
222 234.210967508 24.4097779167
223 234.213134175 24.4097501389
224 234.215300842 24.4097223611
225 234.217550841 24.4097779167
226 234.219675841 24.4097779167
227 234.221967508 24.4097501389
228 234.224092508 24.4097779167
229 234.22630084 24.4098334722
230 234.228509174 24.4098334722
231 234.230717508 24.4097779167
232 234.232842508 24.4097779167
233 234.203217537 24.4080279167
234 234.20542587 24.4080279167
235 234.207634202 24.40811125
236 234.209884204 24.4080001389
237 234.212092535 24.40811125
238 234.214217537 24.4080279167
239 234.216384203 24.4080556944
240 234.218592536 24.4080556944
241 234.22080087 24.4080279167
242 234.223009203 24.4080556944
243 234.225259202 24.4080834722
244 234.227384202 24.4080834722
245 234.229550869 24.40811125
246 234.231800868 24.4081390278
