1 250.07795299 46.7257223611
2 250.080827994 46.7256390278
3 250.083827989 46.7257501389
4 250.086702989 46.7257501389
5 250.089536322 46.7257501389
6 250.092536325 46.7256945833
7 250.095494654 46.7257779167
8 250.098327993 46.7256668056
9 250.101202987 46.7257779167
10 250.104202989 46.7257501389
11 250.107077986 46.7258056944
12 250.109952986 46.7258056944
13 250.112869654 46.7257779167
14 250.115786322 46.7257501389
15 250.076578082 46.7239168056
16 250.079369746 46.7239723611
17 250.082286411 46.7240001389
18 250.085161408 46.7240556944
19 250.088119746 46.7239723611
20 250.091078079 46.7239723611
21 250.093994747 46.7239445833
22 250.096869747 46.7239445833
23 250.09978641 46.7240279167
24 250.102578077 46.7240279167
25 250.105619746 46.7239723611
26 250.10853641 46.7240279167
27 250.111453077 46.7240279167
28 250.114453078 46.7240001389
29 250.117244745 46.7240001389
30 250.077953167 46.7222501389
31 250.080786499 46.7222779167
32 250.08370317 46.7221945833
33 250.086619833 46.7222779167
34 250.08957817 46.7221945833
35 250.092536502 46.7222223611
36 250.095411496 46.7223334722
37 250.098369831 46.7223056944
38 250.101244835 46.7222223611
39 250.10424483 46.7223334722
40 250.107119833 46.7222779167
41 250.109911501 46.7222501389
42 250.112953166 46.7222779167
43 250.115828163 46.7223334722
44 250.076453257 46.7205001389
45 250.079411589 46.7205279167
46 250.08228659 46.7205001389
47 250.085244922 46.7205279167
48 250.088161587 46.7205556944
49 250.090994921 46.7205556944
50 250.093994923 46.7205001389
51 250.096953254 46.7205556944
52 250.099869922 46.7205279167
53 250.102786589 46.7205279167
54 250.105661587 46.7205556944
55 250.108536587 46.7205556944
56 250.111411589 46.7205279167
57 250.114369919 46.7205834722
58 250.117328255 46.7205279167
59 250.077953342 46.7188334722
60 250.080870008 46.7188334722
61 250.08382834 46.71886125
62 250.086703343 46.7188056944
63 250.089536674 46.71886125
64 250.092536677 46.7188056944
65 250.095411677 46.7188056944
66 250.098370007 46.71886125
67 250.101203339 46.7188890278
68 250.104161674 46.71886125
69 250.107161672 46.7188890278
70 250.11007834 46.71886125
71 250.11295334 46.71886125
72 250.115911675 46.7188334722
73 250.076495096 46.71711125
74 250.079328431 46.7170834722
75 250.082286765 46.7170834722
76 250.085286765 46.7170834722
77 250.08820343 46.71711125
78 250.091078431 46.7170834722
79 250.094036762 46.7171390278
80 250.096870095 46.7171390278
81 250.099828428 46.7171390278
82 250.102786763 46.71711125
83 250.105661762 46.7171390278
84 250.108620099 46.7170556944
85 250.11145343 46.71711125
86 250.114370096 46.71711125
87 250.117286762 46.7171390278
88 250.077953521 46.7153334722
89 250.080828521 46.7153334722
90 250.08378685 46.7154168056
91 250.086661854 46.7153334722
92 250.089620186 46.71536125
93 250.092620184 46.7153890278
94 250.095411851 46.7153890278
95 250.098286854 46.7153334722
96 250.101328516 46.7154168056
97 250.104245187 46.7153334722
98 250.107078516 46.7154168056
99 250.110036848 46.7154445833
100 250.112995184 46.7153890278
101 250.115745182 46.7154445833
102 250.076578608 46.71361125
103 250.07945361 46.7135834722
104 250.082370274 46.7136390278
105 250.085286938 46.7136945833
106 250.088203604 46.7136945833
107 250.091120274 46.7136390278
108 250.09403694 46.7136390278
109 250.096870271 46.7136945833
110 250.09991194 46.7136390278
111 250.102703604 46.7136945833
112 250.105578603 46.7137223611
113 250.108620272 46.7136668056
114 250.11141194 46.7136390278
115 250.114495274 46.7136390278
116 250.117328607 46.7136390278
117 250.077953695 46.7119168056
118 250.080870363 46.7118890278
119 250.083828695 46.7119168056
120 250.08666203 46.7118890278
121 250.08962036 46.7119445833
122 250.092537023 46.7120279167
123 250.095370357 46.7120001389
124 250.098328694 46.7119445833
125 250.101328692 46.7119723611
126 250.104245357 46.7120001389
127 250.107078692 46.7119723611
128 250.110037024 46.7120001389
129 250.112953692 46.7119723611
130 250.115787025 46.7119723611
131 250.076578781 46.7102223611
132 250.079453781 46.7102223611
133 250.082412113 46.7102501389
134 250.085328783 46.7101945833
135 250.088203783 46.7101945833
136 250.09107878 46.7102501389
137 250.094037116 46.7101945833
138 250.096912115 46.7102223611
139 250.099912115 46.7102223611
140 250.102787113 46.7102501389
141 250.10570378 46.7102501389
142 250.108537113 46.7102501389
143 250.111495447 46.7102501389
144 250.11445378 46.7102501389
145 250.117328779 46.7102779167
146 250.078037208 46.7083890278
147 250.08087054 46.7084168056
148 250.083787204 46.7084723611
149 250.086662204 46.7084723611
150 250.089662204 46.7084723611
151 250.092537203 46.7085001389
152 250.095453872 46.7084445833
153 250.0984122 46.7085556944
154 250.101328868 46.7085279167
155 250.104162205 46.7084445833
156 250.107120537 46.7084723611
157 250.109995533 46.7085556944
158 250.112828868 46.7085279167
159 250.115870536 46.7085001389
160 250.076495624 46.7067779167
161 250.07945396 46.7067223611
162 250.082412292 46.7067501389
163 250.085287292 46.7067501389
164 250.088245627 46.7067223611
165 250.091120625 46.7067501389
166 250.094078959 46.7067501389
167 250.096953956 46.7068056944
168 250.099870622 46.7068056944
169 250.102870621 46.7068334722
170 250.105620624 46.7067779167
171 250.108620622 46.7068056944
172 250.111495621 46.7068334722
173 250.114453961 46.7066945833
174 250.117370625 46.7067501389
175 250.077954044 46.7050834722
176 250.080870712 46.7050556944
177 250.083829045 46.7050556944
178 250.086745715 46.7050001389
179 250.089662378 46.7050556944
180 250.092579042 46.70511125
181 250.09549571 46.7050834722
182 250.098454042 46.70511125
183 250.101329045 46.7050556944
184 250.104204042 46.70511125
185 250.107120712 46.7050556944
186 250.110037376 46.70511125
187 250.112995707 46.7051390278
188 250.115829042 46.70511125
189 250.076620804 46.7032501389
190 250.079495802 46.7032779167
191 250.082412468 46.7033056944
192 250.085329134 46.7033056944
193 250.0882458 46.7033334722
194 250.0911208 46.7033334722
195 250.094037468 46.7033056944
196 250.096954131 46.70336125
197 250.099829133 46.7033334722
198 250.102787466 46.7033334722
199 250.105745795 46.7034168056
200 250.1086208 46.7033334722
201 250.111579131 46.70336125
202 250.114329133 46.7033334722
203 250.117370795 46.7034168056
204 250.077954222 46.7015834722
205 250.08087089 46.7015556944
206 250.083829222 46.7015834722
207 250.086704222 46.7015834722
208 250.089620887 46.70161125
209 250.092579221 46.70161125
210 250.09537089 46.7015556944
211 250.098454225 46.7015279167
212 250.101245889 46.7015834722
213 250.104245887 46.70161125
214 250.107037553 46.7016390278
215 250.110037554 46.70161125
216 250.113037554 46.70161125
217 250.115912554 46.70161125
218 250.076579311 46.6998334722
219 250.079495978 46.6998334722
220 250.082495978 46.6998334722
221 250.08520431 46.69986125
222 250.08820431 46.69986125
223 250.09107931 46.69986125
224 250.093995978 46.6998334722
225 250.096954309 46.6998890278
226 250.099829309 46.6998890278
227 250.10282931 46.69986125
228 250.105662642 46.6998890278
229 250.108620972 46.6999445833
230 250.111537639 46.6999445833
231 250.114454309 46.6998890278
232 250.117287642 46.6998890278
233 250.077912731 46.6981390278
234 250.080871065 46.6981390278
235 250.083829394 46.6982223611
236 250.086787733 46.69811125
237 250.089746062 46.6981945833
238 250.092537733 46.69811125
239 250.09541273 46.6981668056
240 250.098329396 46.6981668056
241 250.101287733 46.69811125
242 250.104246063 46.6981668056
243 250.107204396 46.6981668056
244 250.110037728 46.6981945833
245 250.112954394 46.6982223611
246 250.115912726 46.6982501389
