1 250.076454337 46.6993334722
2 250.07932934 46.6992779167
3 250.082287669 46.69936125
4 250.085162669 46.69936125
5 250.087996002 46.69936125
6 250.091037672 46.6993056944
7 250.093996001 46.6993890278
8 250.09682934 46.6992779167
9 250.099704333 46.6994168056
10 250.102704336 46.69936125
11 250.105537666 46.6994168056
12 250.108454333 46.6994168056
13 250.111329334 46.6993890278
14 250.114246002 46.69936125
15 250.075079429 46.6975279167
16 250.077829426 46.6975834722
17 250.080787758 46.69761125
18 250.083662755 46.6976668056
19 250.086579425 46.69761125
20 250.089579426 46.6975834722
21 250.092496094 46.6975556944
22 250.095371094 46.6975556944
23 250.09824609 46.6976390278
24 250.101079423 46.6976390278
25 250.104079426 46.6975834722
26 250.10699609 46.6976390278
27 250.109912757 46.6976390278
28 250.112912758 46.69761125
29 250.115704425 46.69761125
30 250.076454514 46.69586125
31 250.079287846 46.6958890278
32 250.082204517 46.6958056944
33 250.085121179 46.6958890278
34 250.088079515 46.6958334722
35 250.091037849 46.6958334722
36 250.093912843 46.6959445833
37 250.096829511 46.6959168056
38 250.099704514 46.69586125
39 250.10270451 46.6959445833
40 250.105621179 46.6958890278
41 250.108412847 46.69586125
42 250.111412846 46.6958890278
43 250.11432951 46.6959445833
44 250.074954603 46.69411125
45 250.077912935 46.6941390278
46 250.080787937 46.69411125
47 250.083746269 46.6941390278
48 250.086662934 46.6941668056
49 250.089496267 46.6941668056
50 250.09249627 46.69411125
51 250.0954546 46.6941668056
52 250.098329602 46.6941390278
53 250.101287935 46.6941390278
54 250.104162934 46.6941668056
55 250.106996267 46.6941668056
56 250.109912935 46.6941390278
57 250.112829599 46.6941945833
58 250.115829602 46.6941390278
59 250.076454688 46.6924445833
60 250.079371355 46.6924445833
61 250.082329687 46.6924723611
62 250.08520469 46.6924168056
63 250.087996354 46.6924723611
64 250.090996356 46.6924168056
65 250.093913022 46.6924445833
66 250.096829687 46.6924723611
67 250.099704685 46.6925001389
68 250.10266302 46.6924723611
69 250.105663019 46.6925001389
70 250.10853802 46.6924723611
71 250.111454687 46.6924723611
72 250.114371354 46.6924723611
73 250.074996443 46.6907223611
74 250.077829777 46.6906945833
75 250.080788111 46.6906945833
76 250.083746444 46.6906945833
77 250.086704776 46.6907223611
78 250.089579777 46.6906945833
79 250.09249644 46.6907779167
80 250.09537144 46.6907779167
81 250.098329775 46.6907501389
82 250.101288109 46.6907223611
83 250.104163108 46.6907501389
84 250.107079779 46.6906668056
85 250.109954776 46.6907223611
86 250.112871441 46.6907501389
87 250.115788107 46.6907779167
88 250.076454867 46.6889445833
89 250.079329867 46.6889445833
90 250.082288196 46.6890279167
91 250.085163199 46.6889723611
92 250.088079865 46.6889723611
93 250.091079864 46.6890001389
94 250.093913197 46.6890001389
95 250.0967882 46.6889445833
96 250.099829862 46.6890279167
97 250.102704865 46.6889723611
98 250.105579862 46.6890279167
99 250.108538194 46.6890556944
100 250.111454864 46.6890001389
101 250.114246526 46.6890834722
102 250.075079955 46.6872223611
103 250.077954956 46.6871945833
104 250.08087162 46.6872501389
105 250.083788284 46.6873056944
106 250.08670495 46.6873056944
107 250.089579953 46.6872501389
108 250.09249662 46.6872501389
109 250.095371617 46.6873056944
110 250.09837162 46.6872501389
111 250.10120495 46.6873056944
112 250.104079949 46.6873334722
113 250.107079952 46.6872779167
114 250.109913286 46.6872501389
115 250.112954952 46.6872779167
116 250.115788286 46.6872501389
117 250.076455039 46.6855556944
118 250.079371708 46.6855279167
119 250.082330041 46.6855279167
120 250.085163376 46.6855001389
121 250.088121706 46.6855556944
122 250.091038369 46.6856390278
123 250.093871703 46.68561125
124 250.096788373 46.6855556944
125 250.099788371 46.6855834722
126 250.102705037 46.68561125
127 250.105538371 46.6855834722
128 250.10853837 46.68561125
129 250.111413371 46.6855834722
130 250.114288371 46.6855834722
131 250.075038461 46.6838334722
132 250.077955127 46.6838334722
133 250.080913458 46.6838890278
134 250.083788462 46.6838056944
135 250.086705129 46.6838056944
136 250.089580126 46.68386125
137 250.092496795 46.6838056944
138 250.095413461 46.6838334722
139 250.098371794 46.6838334722
140 250.101288459 46.68386125
141 250.104205124 46.6838890278
142 250.107038459 46.68386125
143 250.109996792 46.68386125
144 250.112955126 46.68386125
145 250.115788458 46.6838890278
146 250.076496887 46.6820001389
147 250.079371884 46.6820556944
148 250.082246883 46.6820834722
149 250.08516355 46.6820834722
150 250.088163548 46.68211125
151 250.091038548 46.68211125
152 250.093955216 46.6820834722
153 250.096913546 46.6821668056
154 250.099788547 46.6821390278
155 250.10266355 46.6820834722
156 250.105580216 46.6820834722
157 250.108455212 46.6821668056
158 250.111330214 46.6821390278
159 250.114330215 46.68211125
160 250.074996969 46.6803890278
161 250.077913639 46.6803334722
162 250.080913638 46.68036125
163 250.083788638 46.68036125
164 250.086746971 46.68036125
165 250.089621971 46.68036125
166 250.092580304 46.68036125
167 250.095455301 46.6804168056
168 250.098371968 46.6804168056
169 250.101371967 46.6804445833
170 250.104121969 46.6803890278
171 250.107080301 46.6804168056
172 250.109996967 46.6804445833
173 250.112955306 46.6803334722
174 250.115871971 46.68036125
175 250.076455389 46.6786945833
176 250.079330389 46.6786945833
177 250.082330389 46.6786945833
178 250.08524706 46.67861125
179 250.088163724 46.6786668056
180 250.091080386 46.6787501389
181 250.093997056 46.6786945833
182 250.096955388 46.6787223611
183 250.099788724 46.6786668056
184 250.102663721 46.6787223611
185 250.105622057 46.6786668056
186 250.108497054 46.6787223611
187 250.111455386 46.6787501389
188 250.114288721 46.6787223611
189 250.075122149 46.67686125
190 250.077997148 46.6768890278
191 250.080913812 46.6769445833
192 250.083788813 46.6769168056
193 250.086747145 46.6769445833
194 250.089580478 46.6769445833
195 250.092538813 46.6769168056
196 250.095455477 46.6769723611
197 250.098330478 46.6769445833
198 250.101288812 46.6769445833
199 250.104205474 46.6770279167
200 250.107080478 46.6769445833
201 250.11003881 46.6769723611
202 250.112830478 46.6769445833
203 250.115830473 46.6770556944
204 250.076455567 46.6751945833
205 250.079372235 46.6751668056
206 250.082330567 46.6751945833
207 250.085205567 46.6751945833
208 250.088122233 46.6752223611
209 250.091080566 46.6752223611
210 250.093872235 46.6751668056
211 250.09695557 46.6751390278
212 250.099747234 46.6751945833
213 250.102747233 46.6752223611
214 250.105497231 46.6752501389
215 250.108497231 46.6752501389
216 250.111497231 46.6752501389
217 250.114372233 46.6752223611
218 250.075080657 46.6734445833
219 250.077997323 46.6734445833
220 250.080955657 46.6734445833
221 250.083705655 46.6734723611
222 250.086705654 46.6735001389
223 250.089580655 46.6734723611
224 250.092497323 46.6734445833
225 250.095455654 46.6735001389
226 250.098288987 46.6735001389
227 250.101330655 46.6734723611
228 250.10412232 46.6735001389
229 250.107080651 46.6735556944
230 250.109997318 46.6735556944
231 250.112913987 46.6735001389
232 250.11574732 46.6735001389
233 250.076414076 46.6717501389
234 250.07937241 46.6717501389
235 250.082330739 46.6718334722
236 250.085289078 46.6717223611
237 250.088247405 46.6718334722
238 250.091039076 46.6717501389
239 250.093914075 46.6717779167
240 250.096830741 46.6717779167
241 250.099789076 46.6717501389
242 250.102747408 46.6717779167
243 250.10570574 46.6718056944
244 250.108539073 46.6718056944
245 250.111414072 46.6718334722
246 250.114372404 46.67186125
