1 250.077912699 46.6987779167
2 250.080829368 46.6987223611
3 250.083787697 46.6988056944
4 250.086662697 46.6988056944
5 250.089496031 46.6988056944
6 250.092496033 46.6987501389
7 250.095454362 46.6988334722
8 250.0982877 46.6987501389
9 250.101162694 46.69886125
10 250.104162697 46.6988056944
11 250.107037694 46.69886125
12 250.109912694 46.69886125
13 250.112787696 46.6988334722
14 250.115746031 46.6988056944
15 250.076537789 46.6970001389
16 250.079329455 46.6970279167
17 250.08224612 46.6970556944
18 250.085121117 46.69711125
19 250.088079453 46.6970556944
20 250.091037788 46.6970279167
21 250.093954456 46.6970001389
22 250.096829456 46.6970001389
23 250.099746118 46.6970834722
24 250.102537785 46.6970834722
25 250.105537788 46.6970279167
26 250.108454452 46.6970834722
27 250.111412785 46.6970834722
28 250.11437112 46.6970556944
29 250.117162786 46.6970556944
30 250.077954542 46.6953056944
31 250.080787874 46.6953334722
32 250.083704545 46.6952501389
33 250.086621208 46.6953334722
34 250.089537877 46.6952779167
35 250.09249621 46.6952779167
36 250.095371205 46.6953890278
37 250.09832954 46.69536125
38 250.101204542 46.6953056944
39 250.104162871 46.6953890278
40 250.107079541 46.6953334722
41 250.109871209 46.6953056944
42 250.112912874 46.6953334722
43 250.115787871 46.6953890278
44 250.076412965 46.6935556944
45 250.079371297 46.6935834722
46 250.082287965 46.6935556944
47 250.08520463 46.6935834722
48 250.088121295 46.69361125
49 250.090954629 46.69361125
50 250.09395463 46.6935834722
51 250.096912962 46.69361125
52 250.09982963 46.6935834722
53 250.102746297 46.6935834722
54 250.105621295 46.69361125
55 250.108454629 46.69361125
56 250.111371297 46.6935834722
57 250.114287961 46.6936390278
58 250.117287964 46.6935834722
59 250.07791305 46.6918890278
60 250.080871383 46.6918890278
61 250.083788049 46.6919168056
62 250.086663051 46.69186125
63 250.089496382 46.6919168056
64 250.092496385 46.69186125
65 250.095371383 46.6918890278
66 250.098329715 46.6919168056
67 250.101163047 46.6919445833
68 250.104121382 46.6919168056
69 250.10712138 46.6919445833
70 250.110038049 46.6919168056
71 250.112913049 46.6919168056
72 250.115871382 46.6919168056
73 250.076496471 46.6901668056
74 250.079329806 46.6901390278
75 250.082246472 46.6901390278
76 250.085246472 46.6901390278
77 250.088163138 46.6901668056
78 250.091038139 46.6901390278
79 250.093996468 46.6902223611
80 250.096829802 46.6902223611
81 250.099788136 46.6901945833
82 250.102746471 46.6901668056
83 250.10562147 46.6901945833
84 250.108579807 46.69011125
85 250.111413138 46.6901668056
86 250.114329803 46.6901945833
87 250.117246468 46.6902223611
88 250.077913228 46.6883890278
89 250.080829895 46.6883890278
90 250.083746557 46.6884723611
91 250.08662156 46.6884168056
92 250.089579894 46.6884168056
93 250.092579892 46.6884445833
94 250.095371559 46.6884445833
95 250.09824656 46.6884168056
96 250.101288224 46.6884723611
97 250.104204894 46.6884168056
98 250.107038224 46.6884723611
99 250.109996556 46.6885001389
100 250.112954892 46.6884445833
101 250.115704888 46.6885279167
102 250.076538316 46.6866668056
103 250.079413318 46.6866390278
104 250.082329981 46.6866945833
105 250.085246645 46.6867501389
106 250.088163312 46.6867501389
107 250.091079981 46.6866945833
108 250.093996648 46.6866945833
109 250.096829979 46.6867501389
110 250.099871648 46.6866945833
111 250.102663312 46.6867501389
112 250.10553831 46.6867779167
113 250.10857998 46.6867223611
114 250.111371648 46.6866945833
115 250.114413313 46.6867223611
116 250.117288315 46.6866945833
117 250.077913401 46.6850001389
118 250.080871736 46.6849723611
119 250.083788403 46.6849723611
120 250.086663404 46.6849445833
121 250.089580068 46.6850001389
122 250.092538397 46.6850834722
123 250.095330065 46.6850556944
124 250.098288401 46.6850001389
125 250.1012884 46.6850279167
126 250.104205065 46.6850556944
127 250.1070384 46.6850279167
128 250.109996732 46.6850556944
129 250.1129134 46.6850279167
130 250.115746733 46.6850279167
131 250.076538489 46.6832779167
132 250.079413489 46.6832779167
133 250.082371819 46.6833334722
134 250.08528849 46.6832501389
135 250.088205157 46.6832501389
136 250.091038487 46.6833056944
137 250.093996824 46.6832501389
138 250.096871822 46.6832779167
139 250.099871822 46.6832779167
140 250.102746821 46.6833056944
141 250.105663486 46.6833334722
142 250.108496821 46.6833056944
143 250.111455154 46.6833056944
144 250.114413487 46.6833056944
145 250.117246819 46.6833334722
146 250.077996914 46.6814723611
147 250.080830246 46.6815001389
148 250.083746911 46.6815279167
149 250.086621911 46.6815279167
150 250.089663577 46.6815556944
151 250.092496909 46.6815834722
152 250.095413578 46.6815279167
153 250.098371907 46.68161125
154 250.101288575 46.6815834722
155 250.104121911 46.6815279167
156 250.107080245 46.6815279167
157 250.10995524 46.68161125
158 250.112788575 46.6815834722
159 250.115788577 46.6815556944
160 250.076455331 46.6798334722
161 250.079413666 46.6798056944
162 250.082371999 46.6798056944
163 250.085246999 46.6798056944
164 250.088205332 46.6798056944
165 250.091121999 46.6798056944
166 250.094038666 46.6798056944
167 250.09695533 46.67986125
168 250.09983033 46.67986125
169 250.102830328 46.6798890278
170 250.105580331 46.6798334722
171 250.108538663 46.67986125
172 250.111455328 46.6798890278
173 250.114413667 46.6797779167
174 250.117330332 46.6798056944
175 250.077955417 46.6781390278
176 250.080830417 46.6781390278
177 250.083788751 46.6781390278
178 250.086705422 46.6780556944
179 250.089622085 46.67811125
180 250.092538748 46.6781945833
181 250.095455417 46.6781390278
182 250.098413749 46.6781668056
183 250.101288752 46.67811125
184 250.104163749 46.6781668056
185 250.107080419 46.67811125
186 250.109997083 46.6781668056
187 250.112955415 46.6781945833
188 250.115747083 46.6781668056
189 250.076622177 46.6763056944
190 250.079455509 46.6763334722
191 250.082372173 46.6763890278
192 250.085288841 46.67636125
193 250.088205507 46.6763890278
194 250.091080505 46.6764168056
195 250.093997175 46.67636125
196 250.096913838 46.6764168056
197 250.09978884 46.6763890278
198 250.102747173 46.6763890278
199 250.105705502 46.6764723611
200 250.108580507 46.6763890278
201 250.111538838 46.6764168056
202 250.11428884 46.6763890278
203 250.117288834 46.6765001389
204 250.077913929 46.6746390278
205 250.080830597 46.67461125
206 250.083788929 46.6746390278
207 250.086663928 46.6746668056
208 250.089580594 46.6746668056
209 250.092580594 46.6746668056
210 250.095330597 46.67461125
211 250.09841393 46.67461125
212 250.101205596 46.6746390278
213 250.104205594 46.6746668056
214 250.106955593 46.6746945833
215 250.10999726 46.6746945833
216 250.11299726 46.6746945833
217 250.115830594 46.6746668056
218 250.076539018 46.6728890278
219 250.079455685 46.6728890278
220 250.082455683 46.6729168056
221 250.085205683 46.6729168056
222 250.088164015 46.6729445833
223 250.091080683 46.6729168056
224 250.093955685 46.6728890278
225 250.096914015 46.6729445833
226 250.099789015 46.6729445833
227 250.102789017 46.6729168056
228 250.105622349 46.6729445833
229 250.108580679 46.6730001389
230 250.111455679 46.6730001389
231 250.114414015 46.6729445833
232 250.117247349 46.6729445833
233 250.077914104 46.6711945833
234 250.080830771 46.6711945833
235 250.0837891 46.6712779167
236 250.086747439 46.6711668056
237 250.089705767 46.6712779167
238 250.092497438 46.6711945833
239 250.095372436 46.6712223611
240 250.098289103 46.6712223611
241 250.101247438 46.6711945833
242 250.10420577 46.6712223611
243 250.107164102 46.6712501389
244 250.109997435 46.6712501389
245 250.112872434 46.6712779167
246 250.115830765 46.6713056944
