1 250.077912642 46.6998890278
2 250.080787645 46.6998334722
3 250.083787641 46.6999168056
4 250.086662641 46.6999168056
5 250.089495974 46.6999168056
6 250.092495977 46.69986125
7 250.095454304 46.6999723611
8 250.098287643 46.69986125
9 250.101162638 46.6999723611
10 250.104162641 46.6999168056
11 250.107037638 46.6999723611
12 250.109912638 46.6999723611
13 250.112787639 46.6999445833
14 250.115704307 46.6999168056
15 250.076537733 46.69811125
16 250.079329398 46.6981390278
17 250.082246063 46.6981668056
18 250.08512106 46.6982223611
19 250.088079396 46.6981668056
20 250.091037731 46.6981390278
21 250.093954399 46.69811125
22 250.096829399 46.69811125
23 250.099704395 46.6981945833
24 250.102537728 46.6981945833
25 250.105537731 46.6981390278
26 250.108454395 46.6981945833
27 250.111412728 46.6981945833
28 250.114371063 46.6981668056
29 250.11716273 46.6981668056
30 250.077912818 46.6964445833
31 250.080787818 46.6964445833
32 250.083704489 46.69636125
33 250.086621151 46.6964445833
34 250.08953782 46.6963890278
35 250.092496154 46.6963890278
36 250.095371148 46.6965001389
37 250.098329483 46.6964723611
38 250.101204486 46.6964168056
39 250.104162815 46.6965001389
40 250.107079484 46.6964445833
41 250.109871152 46.6964168056
42 250.112912818 46.6964445833
43 250.115787815 46.6965001389
44 250.076412907 46.6946945833
45 250.07937124 46.6946945833
46 250.082246242 46.6946668056
47 250.085204574 46.6946945833
48 250.088121239 46.6947223611
49 250.090954572 46.6947223611
50 250.093954574 46.6946945833
51 250.096912905 46.6947223611
52 250.099787907 46.6946945833
53 250.10274624 46.6946945833
54 250.105621237 46.6947501389
55 250.108454572 46.6947223611
56 250.11137124 46.6946945833
57 250.114287904 46.6947501389
58 250.117287907 46.6946945833
59 250.077912993 46.6930001389
60 250.08082966 46.6930001389
61 250.083787992 46.6930279167
62 250.086662993 46.6930001389
63 250.089496325 46.6930279167
64 250.092496328 46.6929723611
65 250.095371327 46.6930001389
66 250.098329659 46.6930279167
67 250.10116299 46.6930556944
68 250.104121325 46.6930279167
69 250.107121324 46.6930556944
70 250.109996325 46.6930279167
71 250.112912992 46.6930279167
72 250.115871325 46.6930279167
73 250.076454748 46.6912779167
74 250.079329749 46.6912501389
75 250.082246414 46.6912779167
76 250.085246414 46.6912779167
77 250.088163081 46.6912779167
78 250.091038081 46.6912779167
79 250.093996412 46.6913334722
80 250.096829745 46.6913334722
81 250.09978808 46.6913056944
82 250.102746414 46.6912779167
83 250.105621413 46.6913056944
84 250.108538084 46.6912223611
85 250.111413081 46.6912779167
86 250.114329746 46.6913056944
87 250.117246412 46.6913334722
88 250.077913172 46.6895001389
89 250.080829838 46.6895001389
90 250.083746501 46.6895834722
91 250.086621504 46.6895279167
92 250.089579837 46.6895279167
93 250.092579836 46.6895556944
94 250.095371502 46.6895556944
95 250.098246504 46.6895279167
96 250.101288167 46.6895834722
97 250.104204837 46.6895279167
98 250.107038167 46.6895834722
99 250.109996499 46.68961125
100 250.112954836 46.6895556944
101 250.115704831 46.6896390278
102 250.07653826 46.6877779167
103 250.079413261 46.6877501389
104 250.082329925 46.6878056944
105 250.085246589 46.68786125
106 250.088163255 46.68786125
107 250.091079925 46.6878056944
108 250.093996591 46.6878056944
109 250.096829922 46.68786125
110 250.099871591 46.6878056944
111 250.102663255 46.68786125
112 250.105538254 46.6878890278
113 250.108579923 46.6878334722
114 250.111371591 46.6878056944
115 250.114413257 46.6878334722
116 250.117288258 46.6878056944
117 250.077913344 46.68611125
118 250.080830013 46.6860834722
119 250.083788346 46.6860834722
120 250.086621681 46.6860556944
121 250.089580011 46.68611125
122 250.092496674 46.6861945833
123 250.095330008 46.6861668056
124 250.098246678 46.68611125
125 250.101288343 46.6861390278
126 250.104163342 46.6861668056
127 250.106996676 46.6861390278
128 250.109996675 46.6861668056
129 250.112913342 46.6861668056
130 250.115746676 46.6861390278
131 250.076538432 46.6843890278
132 250.079413432 46.6843890278
133 250.082371763 46.6844445833
134 250.085288434 46.68436125
135 250.0882051 46.68436125
136 250.091038431 46.6844168056
137 250.0939551 46.68436125
138 250.096871766 46.6843890278
139 250.099871766 46.6843890278
140 250.102746764 46.6844168056
141 250.105663429 46.6844445833
142 250.108496764 46.6844168056
143 250.111455098 46.6844168056
144 250.114413429 46.6844445833
145 250.117246763 46.6844445833
146 250.077996858 46.6825834722
147 250.08083019 46.68261125
148 250.083746855 46.6826390278
149 250.086621855 46.6826390278
150 250.089621853 46.6826668056
151 250.092496852 46.6826945833
152 250.095413521 46.6826390278
153 250.098371851 46.6827223611
154 250.101246852 46.6826945833
155 250.104121855 46.6826390278
156 250.10703852 46.6826668056
157 250.109913517 46.6827223611
158 250.112788519 46.6826945833
159 250.11578852 46.6826668056
160 250.076455274 46.6809445833
161 250.079413609 46.6809168056
162 250.082371943 46.6809168056
163 250.085246943 46.6809168056
164 250.088205276 46.6809168056
165 250.091080276 46.6809168056
166 250.094038609 46.6809168056
167 250.096913606 46.6809723611
168 250.099830273 46.6809723611
169 250.102830272 46.6810001389
170 250.105580274 46.6809445833
171 250.108538606 46.6809723611
172 250.111455272 46.6810001389
173 250.114413611 46.6808890278
174 250.117330276 46.6809168056
175 250.077955361 46.6792501389
176 250.080830361 46.6792501389
177 250.083788694 46.6792501389
178 250.086705365 46.6791668056
179 250.089622029 46.6792223611
180 250.092538691 46.6793056944
181 250.095455361 46.6792501389
182 250.098413693 46.6792779167
183 250.101288696 46.6792223611
184 250.104163693 46.6792779167
185 250.107080362 46.6792223611
186 250.109997026 46.6792779167
187 250.112955358 46.6793056944
188 250.115747026 46.6792779167
189 250.076622121 46.6774168056
190 250.079455453 46.6774445833
191 250.082372117 46.6775001389
192 250.085288783 46.6775001389
193 250.088205449 46.6775279167
194 250.091080449 46.6775279167
195 250.093997118 46.6774723611
196 250.096913782 46.6775279167
197 250.099788783 46.6775001389
198 250.102747117 46.6775001389
199 250.105705446 46.6775834722
200 250.10858045 46.6775001389
201 250.111538782 46.6775279167
202 250.114288782 46.6775279167
203 250.117288778 46.67761125
204 250.077913872 46.6757501389
205 250.080830541 46.6757223611
206 250.083788872 46.6757501389
207 250.086663871 46.6757779167
208 250.089580538 46.6757779167
209 250.09253887 46.6758056944
210 250.095330541 46.6757223611
211 250.098413874 46.6757223611
212 250.101205539 46.6757501389
213 250.104205538 46.6757779167
214 250.106955535 46.6758334722
215 250.109997203 46.6758056944
216 250.112955536 46.6758056944
217 250.115830538 46.6757779167
218 250.076538962 46.6740001389
219 250.079455628 46.6740001389
220 250.082455627 46.6740279167
221 250.085205627 46.6740279167
222 250.088163959 46.6740556944
223 250.09103896 46.6740279167
224 250.093955628 46.6740001389
225 250.096913959 46.6740556944
226 250.099788959 46.6740556944
227 250.10278896 46.6740279167
228 250.105622291 46.6740834722
229 250.108580623 46.67411125
230 250.111455623 46.67411125
231 250.114413959 46.6740556944
232 250.117247292 46.6740556944
233 250.077914048 46.6723056944
234 250.080830715 46.6723056944
235 250.083789044 46.6723890278
236 250.086747383 46.6722779167
237 250.08970571 46.6723890278
238 250.092497381 46.6723056944
239 250.09537238 46.6723334722
240 250.098289046 46.6723334722
241 250.101247381 46.6723056944
242 250.104205713 46.6723334722
243 250.107164045 46.67236125
244 250.109997378 46.67236125
245 250.112872377 46.6723890278
246 250.115830709 46.6724168056
