1 250.076452963 46.7262501389
2 250.079369633 46.7261945833
3 250.08232796 46.7263056944
4 250.08520296 46.7263056944
5 250.088036294 46.7263056944
6 250.091077963 46.7262501389
7 250.094036292 46.7263334722
8 250.096869631 46.7262223611
9 250.099744625 46.7263334722
10 250.102744627 46.7263056944
11 250.105619624 46.72636125
12 250.108494624 46.72636125
13 250.111369625 46.7263334722
14 250.114286294 46.7263056944
15 250.075119721 46.7244723611
16 250.077869719 46.7245001389
17 250.08082805 46.7245556944
18 250.083703047 46.72461125
19 250.086619718 46.7245279167
20 250.089619719 46.7245001389
21 250.092536387 46.7244723611
22 250.095411386 46.7245001389
23 250.098286382 46.7245834722
24 250.101119715 46.7245834722
25 250.104119718 46.7245279167
26 250.107036382 46.7245834722
27 250.109994715 46.7245834722
28 250.11295305 46.7245556944
29 250.115744716 46.7245556944
30 250.076494806 46.7228056944
31 250.079328138 46.7228334722
32 250.082244808 46.7227501389
33 250.085161471 46.7228334722
34 250.088078142 46.7227501389
35 250.091036474 46.7227779167
36 250.093953135 46.7228890278
37 250.096869803 46.72286125
38 250.099744807 46.7227779167
39 250.102744801 46.7228890278
40 250.105661471 46.7228334722
41 250.108453139 46.7228056944
42 250.111494804 46.7228334722
43 250.114369801 46.7228890278
44 250.074994895 46.7210556944
45 250.077953227 46.7210834722
46 250.080828228 46.7210556944
47 250.08378656 46.7210834722
48 250.086703226 46.72111125
49 250.08953656 46.7210834722
50 250.092536562 46.7210556944
51 250.095494892 46.72111125
52 250.098369894 46.7210834722
53 250.101328227 46.7210834722
54 250.104203226 46.72111125
55 250.107036559 46.72111125
56 250.109953227 46.7210834722
57 250.112869891 46.7211390278
58 250.115869894 46.7210834722
59 250.076453313 46.7193890278
60 250.079411647 46.7193890278
61 250.082369979 46.7194168056
62 250.085244982 46.71936125
63 250.088036645 46.7194168056
64 250.091036648 46.71936125
65 250.093953315 46.71936125
66 250.096869979 46.7194168056
67 250.099744977 46.7194445833
68 250.102703312 46.7194168056
69 250.105703311 46.7194445833
70 250.108578312 46.7194168056
71 250.111494979 46.7194168056
72 250.114453313 46.7193890278
73 250.075036735 46.7176668056
74 250.077870069 46.7176390278
75 250.080828403 46.7176390278
76 250.083786736 46.7176390278
77 250.086745068 46.7176668056
78 250.089620069 46.7176390278
79 250.092536733 46.7176945833
80 250.095411733 46.7176945833
81 250.0983284 46.7176945833
82 250.101328401 46.7176668056
83 250.104203401 46.7176668056
84 250.107120071 46.71761125
85 250.109995068 46.7176668056
86 250.112911735 46.7176668056
87 250.1158284 46.7176945833
88 250.076453492 46.7158890278
89 250.079370159 46.7158890278
90 250.082328489 46.7159445833
91 250.085203492 46.7158890278
92 250.088120157 46.7159168056
93 250.091120156 46.7159445833
94 250.093953489 46.7159445833
95 250.096828492 46.7158890278
96 250.099870155 46.7159723611
97 250.102745159 46.7158890278
98 250.105620155 46.7159723611
99 250.108578486 46.7160001389
100 250.111495156 46.7159445833
101 250.11428682 46.7160001389
102 250.07507858 46.7141668056
103 250.077953581 46.7141390278
104 250.080911912 46.7141945833
105 250.083828576 46.7142501389
106 250.086703576 46.7142501389
107 250.089620245 46.7141945833
108 250.092536912 46.7141945833
109 250.095411909 46.7142501389
110 250.098411912 46.7141945833
111 250.101245242 46.7142501389
112 250.104120241 46.7142779167
113 250.107161911 46.7142223611
114 250.109953579 46.7141945833
115 250.112995245 46.7141945833
116 250.115870245 46.7141945833
117 250.076495333 46.7124723611
118 250.079412001 46.7124445833
119 250.082370333 46.7124723611
120 250.085203668 46.7124445833
121 250.088161998 46.7125001389
122 250.091078661 46.7125834722
123 250.093911997 46.7125279167
124 250.096828665 46.7125001389
125 250.099828664 46.7125279167
126 250.102745329 46.7125556944
127 250.105578664 46.7125279167
128 250.108578662 46.7125556944
129 250.11149533 46.7125279167
130 250.114328664 46.7125279167
131 250.075078753 46.7107779167
132 250.07799542 46.7107779167
133 250.080953752 46.7108056944
134 250.083828754 46.7107501389
135 250.086745421 46.7107501389
136 250.089620418 46.7108056944
137 250.092537088 46.7107501389
138 250.095453753 46.7107779167
139 250.098412086 46.7107779167
140 250.101328752 46.7108056944
141 250.104245418 46.7108056944
142 250.107078752 46.7108056944
143 250.110037085 46.7108056944
144 250.112995418 46.7108056944
145 250.11582875 46.7108334722
146 250.07653718 46.7089445833
147 250.079412179 46.7089723611
148 250.082287176 46.7090279167
149 250.085203842 46.7090279167
150 250.088203842 46.7090279167
151 250.091078841 46.7090556944
152 250.09399551 46.7090001389
153 250.096953838 46.70911125
154 250.09982884 46.7090834722
155 250.102703844 46.7090001389
156 250.105620509 46.7090279167
157 250.108495505 46.70911125
158 250.111370506 46.7090834722
159 250.114370508 46.7090556944
160 250.075037262 46.7073334722
161 250.077953932 46.7072779167
162 250.08095393 46.7073056944
163 250.08382893 46.7073056944
164 250.086787265 46.7072779167
165 250.089662264 46.7073056944
166 250.092620597 46.7073056944
167 250.095495594 46.70736125
168 250.098412261 46.70736125
169 250.101412259 46.7073890278
170 250.104162262 46.7073334722
171 250.107120594 46.70736125
172 250.110037259 46.7073890278
173 250.1129956 46.7072501389
174 250.115912264 46.7073056944
175 250.076495682 46.7056390278
176 250.079370683 46.70561125
177 250.082370683 46.70561125
178 250.085287353 46.7055556944
179 250.088204017 46.70561125
180 250.091120681 46.7056668056
181 250.094037349 46.7056390278
182 250.096995681 46.7056668056
183 250.099829017 46.70561125
184 250.102704014 46.7056668056
185 250.10566235 46.70561125
186 250.108579014 46.7056668056
187 250.111495679 46.7056945833
188 250.114329015 46.7056390278
189 250.075162442 46.7038056944
190 250.078037441 46.7038334722
191 250.080912439 46.70386125
192 250.083829106 46.70386125
193 250.086787438 46.7038890278
194 250.089620771 46.7038890278
195 250.092579106 46.70386125
196 250.09549577 46.7039168056
197 250.098370771 46.7038890278
198 250.101329105 46.7038890278
199 250.104245767 46.7039723611
200 250.107120771 46.7038890278
201 250.11012077 46.7039168056
202 250.112870771 46.7038890278
203 250.115870767 46.7039723611
204 250.076495861 46.7021390278
205 250.079412529 46.70211125
206 250.082329194 46.7021390278
207 250.085245861 46.7021390278
208 250.088120859 46.7021668056
209 250.091120859 46.7021668056
210 250.093870862 46.70211125
211 250.096954197 46.7020834722
212 250.099787527 46.7021390278
213 250.102787526 46.7021668056
214 250.105537524 46.7021945833
215 250.108537526 46.7021668056
216 250.111537526 46.7021668056
217 250.114412526 46.7021668056
218 250.075079283 46.7003890278
219 250.078037616 46.7003890278
220 250.08099595 46.7003890278
221 250.083745948 46.7004168056
222 250.086745948 46.7004168056
223 250.089620948 46.7004168056
224 250.092537616 46.7003890278
225 250.095495947 46.7004445833
226 250.09832928 46.7004445833
227 250.101370948 46.7004168056
228 250.104162614 46.7004445833
229 250.107162611 46.7005001389
230 250.110037611 46.7005001389
231 250.112995947 46.7004445833
232 250.11582928 46.7004445833
233 250.07645437 46.6986945833
234 250.079371036 46.6986945833
235 250.082371032 46.6987779167
236 250.085329371 46.6986668056
237 250.088246033 46.6987501389
238 250.091079371 46.6986668056
239 250.093954368 46.6987223611
240 250.096871035 46.6987223611
241 250.099829371 46.6986668056
242 250.102787701 46.6987223611
243 250.105746035 46.6987223611
244 250.108579367 46.6987501389
245 250.111454365 46.6987779167
246 250.114412699 46.6987779167
