1 250.038579309 46.6998890278
2 250.041454311 46.6998334722
3 250.044454307 46.6999168056
4 250.047329307 46.6999168056
5 250.050120974 46.6999168056
6 250.053162643 46.69986125
7 250.056120971 46.6999723611
8 250.05895431 46.69986125
9 250.061829304 46.6999723611
10 250.064829307 46.6999168056
11 250.067704304 46.6999723611
12 250.070579304 46.6999723611
13 250.073454306 46.6999445833
14 250.076370974 46.6999168056
15 250.037204399 46.69811125
16 250.039996065 46.6981390278
17 250.04291273 46.6981668056
18 250.045787727 46.6982223611
19 250.048704396 46.6981668056
20 250.051704398 46.6981390278
21 250.054621066 46.69811125
22 250.057496066 46.69811125
23 250.060371062 46.6981945833
24 250.063204395 46.6981945833
25 250.066204398 46.6981390278
26 250.069121062 46.6981945833
27 250.072037728 46.6981945833
28 250.07503773 46.6981668056
29 250.077829396 46.6981668056
30 250.038579484 46.6964445833
31 250.041412818 46.6964445833
32 250.044329489 46.69636125
33 250.047246151 46.6964445833
34 250.050204487 46.6963890278
35 250.05316282 46.6963890278
36 250.056037815 46.6965001389
37 250.058954483 46.6964723611
38 250.061829486 46.6964168056
39 250.064829481 46.6965001389
40 250.067746151 46.6964445833
41 250.070537819 46.6964168056
42 250.073537818 46.6964445833
43 250.076454481 46.6965001389
44 250.037079574 46.6946945833
45 250.040037907 46.6946945833
46 250.042912908 46.6946668056
47 250.04587124 46.6946945833
48 250.048787905 46.6947223611
49 250.051621239 46.6947223611
50 250.05462124 46.6946945833
51 250.057579572 46.6947223611
52 250.060454574 46.6946945833
53 250.063412907 46.6946945833
54 250.066287904 46.6947501389
55 250.069121239 46.6947223611
56 250.072037907 46.6946945833
57 250.074954571 46.6947501389
58 250.077954574 46.6946945833
59 250.03857966 46.6930001389
60 250.041496327 46.6930001389
61 250.044454659 46.6930279167
62 250.04732966 46.6930001389
63 250.050162992 46.6930279167
64 250.053121328 46.6929723611
65 250.056037993 46.6930001389
66 250.058954659 46.6930279167
67 250.061829657 46.6930556944
68 250.064787992 46.6930279167
69 250.06778799 46.6930556944
70 250.070662992 46.6930279167
71 250.073579659 46.6930279167
72 250.076537992 46.6930279167
73 250.037121414 46.6912779167
74 250.039954749 46.6912501389
75 250.042913081 46.6912779167
76 250.045871414 46.6912779167
77 250.048829748 46.6912779167
78 250.051704748 46.6912779167
79 250.054663078 46.6913334722
80 250.057496412 46.6913334722
81 250.060454746 46.6913056944
82 250.063413081 46.6912779167
83 250.06628808 46.6913056944
84 250.069204751 46.6912223611
85 250.072079748 46.6912779167
86 250.074996413 46.6913056944
87 250.077913078 46.6913334722
88 250.038579838 46.6895001389
89 250.041454838 46.6895001389
90 250.044413167 46.6895834722
91 250.04728817 46.6895279167
92 250.050204837 46.6895279167
93 250.053204836 46.6895556944
94 250.056038169 46.6895556944
95 250.05891317 46.6895279167
96 250.061954834 46.6895834722
97 250.064829837 46.6895279167
98 250.067704834 46.6895834722
99 250.070663166 46.68961125
100 250.073579836 46.6895556944
101 250.076371498 46.6896390278
102 250.037204926 46.6877779167
103 250.040079928 46.6877501389
104 250.042996591 46.6878056944
105 250.045913255 46.68786125
106 250.048829922 46.68786125
107 250.051746591 46.6878056944
108 250.054621591 46.6878056944
109 250.057496589 46.68786125
110 250.060538258 46.6878056944
111 250.063329922 46.68786125
112 250.066204921 46.6878890278
113 250.06924659 46.6878334722
114 250.072038258 46.6878056944
115 250.075079923 46.6878334722
116 250.077913258 46.6878056944
117 250.038580011 46.68611125
118 250.041496679 46.6860834722
119 250.044455013 46.6860834722
120 250.047288347 46.6860556944
121 250.050246678 46.68611125
122 250.05316334 46.6861945833
123 250.055996675 46.6861668056
124 250.058913344 46.68611125
125 250.061913343 46.6861390278
126 250.064830008 46.6861668056
127 250.067663343 46.6861390278
128 250.070663342 46.6861668056
129 250.073538342 46.6861668056
130 250.076413343 46.6861390278
131 250.037205099 46.6843890278
132 250.040080099 46.6843890278
133 250.043038429 46.6844445833
134 250.0459551 46.68436125
135 250.0488301 46.68436125
136 250.051705098 46.6844168056
137 250.054621767 46.68436125
138 250.057538432 46.6843890278
139 250.060496766 46.6843890278
140 250.063413431 46.6844168056
141 250.066330096 46.6844445833
142 250.069163431 46.6844168056
143 250.072121764 46.6844168056
144 250.075080096 46.6844445833
145 250.077913429 46.6844445833
146 250.038663524 46.6825834722
147 250.041496856 46.68261125
148 250.044371855 46.6826390278
149 250.047288521 46.6826390278
150 250.05028852 46.6826668056
151 250.053163519 46.6826945833
152 250.056080188 46.6826390278
153 250.059038517 46.6827223611
154 250.061913519 46.6826945833
155 250.064788521 46.6826390278
156 250.067705187 46.6826668056
157 250.070580184 46.6827223611
158 250.073455185 46.6826945833
159 250.076455187 46.6826668056
160 250.037121941 46.6809445833
161 250.040080276 46.6809168056
162 250.043038609 46.6809168056
163 250.045913609 46.6809168056
164 250.048871943 46.6809168056
165 250.051746943 46.6809168056
166 250.054705276 46.6809168056
167 250.057580273 46.6809723611
168 250.06049694 46.6809723611
169 250.063496938 46.6810001389
170 250.066246941 46.6809445833
171 250.069205273 46.6809723611
172 250.072121938 46.6810001389
173 250.075080277 46.6808890278
174 250.077996943 46.6809168056
175 250.038580361 46.6792501389
176 250.041497027 46.6792501389
177 250.044455361 46.6792501389
178 250.047372032 46.6791668056
179 250.050288696 46.6792223611
180 250.053205358 46.6793056944
181 250.056122027 46.6792501389
182 250.059080359 46.6792779167
183 250.061955362 46.6792223611
184 250.064788693 46.6792779167
185 250.067747029 46.6792223611
186 250.070622026 46.6792779167
187 250.073580358 46.6793056944
188 250.076413693 46.6792779167
189 250.037247121 46.6774168056
190 250.040122119 46.6774445833
191 250.043038783 46.6775001389
192 250.045913783 46.6775001389
193 250.048872115 46.6775279167
194 250.051705449 46.6775279167
195 250.054663785 46.6774723611
196 250.057580449 46.6775279167
197 250.06045545 46.6775001389
198 250.063413783 46.6775001389
199 250.066330446 46.6775834722
200 250.06920545 46.6775001389
201 250.072163782 46.6775279167
202 250.074955449 46.6775279167
203 250.077955444 46.67761125
204 250.038580539 46.6757501389
205 250.041497207 46.6757223611
206 250.044455539 46.6757501389
207 250.047330538 46.6757779167
208 250.050247204 46.6757779167
209 250.053205536 46.6758056944
210 250.055997207 46.6757223611
211 250.059080541 46.6757223611
212 250.061872206 46.6757501389
213 250.064872204 46.6757779167
214 250.067622202 46.6758334722
215 250.070622203 46.6758056944
216 250.073622203 46.6758056944
217 250.076497204 46.6757779167
218 250.037205628 46.6740001389
219 250.040122295 46.6740001389
220 250.043122293 46.6740279167
221 250.045830627 46.6740279167
222 250.048830625 46.6740556944
223 250.051705627 46.6740279167
224 250.054622295 46.6740001389
225 250.057580625 46.6740556944
226 250.060413959 46.6740556944
227 250.063455627 46.6740279167
228 250.066247291 46.6740834722
229 250.069247289 46.67411125
230 250.072122289 46.67411125
231 250.075038959 46.6740556944
232 250.077913959 46.6740556944
233 250.038580715 46.6723056944
234 250.041497381 46.6723056944
235 250.04445571 46.6723890278
236 250.047414049 46.6722779167
237 250.050372377 46.6723890278
238 250.053164048 46.6723056944
239 250.056039046 46.6723334722
240 250.058955713 46.6723334722
241 250.061914048 46.6723056944
242 250.06487238 46.6723334722
243 250.067830712 46.67236125
244 250.070664045 46.67236125
245 250.073539044 46.6723890278
246 250.076497376 46.6724168056
