1 250.037077963 46.7262501389
2 250.039994633 46.7261945833
3 250.04295296 46.7263056944
4 250.04582796 46.7263056944
5 250.048661294 46.7263056944
6 250.051702963 46.7262501389
7 250.054661292 46.7263334722
8 250.057494631 46.7262223611
9 250.060369625 46.7263334722
10 250.063369627 46.7263056944
11 250.066202957 46.72636125
12 250.069119624 46.72636125
13 250.071994625 46.7263334722
14 250.074911294 46.7263056944
15 250.035744721 46.7244723611
16 250.038494719 46.7245001389
17 250.041411383 46.7245556944
18 250.044328047 46.72461125
19 250.047244718 46.7245279167
20 250.050203052 46.7245001389
21 250.053119721 46.7244723611
22 250.055994719 46.7245001389
23 250.058911382 46.7245834722
24 250.061744715 46.7245834722
25 250.064744718 46.7245279167
26 250.067661382 46.7245834722
27 250.070578048 46.7245834722
28 250.07357805 46.7245556944
29 250.076369716 46.7245556944
30 250.037119806 46.7228056944
31 250.039953138 46.7228334722
32 250.042869808 46.7227501389
33 250.045786471 46.7228334722
34 250.048703142 46.7227501389
35 250.051661474 46.7227779167
36 250.054578135 46.7228890278
37 250.057494803 46.72286125
38 250.060369807 46.7227779167
39 250.063369801 46.7228890278
40 250.066286471 46.7228334722
41 250.069078139 46.7228056944
42 250.072078138 46.7228334722
43 250.074994801 46.7228890278
44 250.035578228 46.7210556944
45 250.03853656 46.7210834722
46 250.041453228 46.7210556944
47 250.04441156 46.7210834722
48 250.047286559 46.72111125
49 250.05016156 46.7210834722
50 250.053161562 46.7210556944
51 250.056078226 46.72111125
52 250.058994894 46.7210834722
53 250.061953227 46.7210834722
54 250.064828226 46.72111125
55 250.067661559 46.72111125
56 250.070578227 46.7210834722
57 250.073494891 46.7211390278
58 250.076494894 46.7210834722
59 250.037078313 46.7193890278
60 250.040036647 46.7193890278
61 250.042994979 46.7194168056
62 250.045869982 46.71936125
63 250.048661645 46.7194168056
64 250.051661648 46.71936125
65 250.054578315 46.71936125
66 250.057494979 46.7194168056
67 250.060369977 46.7194445833
68 250.063328312 46.7194168056
69 250.066328311 46.7194445833
70 250.069203312 46.7194168056
71 250.072119979 46.7194168056
72 250.075078313 46.7193890278
73 250.035661735 46.7176668056
74 250.038495069 46.7176390278
75 250.041453403 46.7176390278
76 250.044411736 46.7176390278
77 250.047370068 46.7176668056
78 250.050245069 46.7176390278
79 250.053161733 46.7176945833
80 250.055995067 46.7176945833
81 250.0589534 46.7176945833
82 250.061953401 46.7176668056
83 250.064828401 46.7176668056
84 250.067745071 46.71761125
85 250.070620068 46.7176668056
86 250.073536735 46.7176668056
87 250.0764534 46.7176945833
88 250.037078492 46.7158890278
89 250.039995159 46.7158890278
90 250.042953489 46.7159445833
91 250.045828492 46.7158890278
92 250.048745157 46.7159168056
93 250.051745156 46.7159445833
94 250.054578489 46.7159445833
95 250.057453492 46.7158890278
96 250.060495155 46.7159723611
97 250.063370159 46.7158890278
98 250.066203488 46.7159723611
99 250.069203486 46.7160001389
100 250.072120156 46.7159445833
101 250.07491182 46.7160001389
102 250.03570358 46.7141668056
103 250.038578581 46.7141390278
104 250.041536912 46.7141945833
105 250.044453576 46.7142501389
106 250.047328576 46.7142501389
107 250.050245245 46.7141945833
108 250.053161912 46.7141945833
109 250.056036909 46.7142501389
110 250.059036912 46.7141945833
111 250.061870242 46.7142501389
112 250.064745241 46.7142779167
113 250.067745244 46.7142223611
114 250.070578579 46.7141945833
115 250.073620245 46.7141945833
116 250.076453579 46.7141945833
117 250.037078667 46.7124723611
118 250.040037001 46.7124445833
119 250.042995333 46.7124723611
120 250.045828668 46.7124445833
121 250.048786998 46.7125001389
122 250.051703661 46.7125834722
123 250.054536997 46.7125279167
124 250.057453665 46.7125001389
125 250.060453664 46.7125279167
126 250.063370329 46.7125556944
127 250.066203664 46.7125279167
128 250.069203662 46.7125556944
129 250.072078664 46.7125279167
130 250.074953664 46.7125279167
131 250.035703753 46.7107779167
132 250.03862042 46.7107779167
133 250.041578752 46.7108056944
134 250.044453754 46.7107501389
135 250.047370421 46.7107501389
136 250.050245418 46.7108056944
137 250.053162088 46.7107501389
138 250.056078753 46.7107779167
139 250.059037086 46.7107779167
140 250.061953752 46.7108056944
141 250.064870418 46.7108056944
142 250.067703752 46.7108056944
143 250.070620418 46.7108056944
144 250.073620418 46.7108056944
145 250.07645375 46.7108334722
146 250.03716218 46.7089445833
147 250.040037179 46.7089723611
148 250.042912176 46.7090279167
149 250.045828842 46.7090279167
150 250.048828842 46.7090279167
151 250.051662174 46.7090556944
152 250.05462051 46.7090001389
153 250.057578838 46.70911125
154 250.06045384 46.7090834722
155 250.063328844 46.7090001389
156 250.066245509 46.7090279167
157 250.069120505 46.70911125
158 250.071995506 46.7090834722
159 250.074995508 46.7090556944
160 250.035662262 46.7073334722
161 250.038578932 46.7072779167
162 250.04157893 46.7073056944
163 250.04445393 46.7073056944
164 250.047412265 46.7072779167
165 250.050287264 46.7073056944
166 250.053245597 46.7073056944
167 250.056120594 46.70736125
168 250.059037261 46.70736125
169 250.062037259 46.7073890278
170 250.064787262 46.7073334722
171 250.067745594 46.70736125
172 250.070662259 46.7073890278
173 250.0736206 46.7072501389
174 250.076537264 46.7073056944
175 250.037120682 46.7056390278
176 250.039995683 46.70561125
177 250.042995683 46.70561125
178 250.045870686 46.7055556944
179 250.04878735 46.70561125
180 250.051745681 46.7056668056
181 250.054662349 46.7056390278
182 250.057620681 46.7056668056
183 250.060454017 46.70561125
184 250.063329014 46.7056668056
185 250.06628735 46.70561125
186 250.069162347 46.7056668056
187 250.072120679 46.7056945833
188 250.074954015 46.7056390278
189 250.035787442 46.7038056944
190 250.038662441 46.7038334722
191 250.041537439 46.70386125
192 250.044454106 46.70386125
193 250.047412438 46.7038890278
194 250.050245771 46.7038890278
195 250.053204106 46.70386125
196 250.05612077 46.7039168056
197 250.058995771 46.7038890278
198 250.061954105 46.7038890278
199 250.064870767 46.7039723611
200 250.067745771 46.7038890278
201 250.070704103 46.7039168056
202 250.073495771 46.7038890278
203 250.076495767 46.7039723611
204 250.037120861 46.7021390278
205 250.040037529 46.70211125
206 250.042954194 46.7021390278
207 250.045870861 46.7021390278
208 250.048745859 46.7021668056
209 250.051745859 46.7021668056
210 250.054495862 46.70211125
211 250.057579197 46.7020834722
212 250.060412527 46.7021390278
213 250.063412526 46.7021668056
214 250.066162524 46.7021945833
215 250.069162526 46.7021668056
216 250.072162526 46.7021668056
217 250.075037526 46.7021668056
218 250.035704283 46.7003890278
219 250.038662616 46.7003890278
220 250.04162095 46.7003890278
221 250.044370948 46.7004168056
222 250.047370948 46.7004168056
223 250.050245948 46.7004168056
224 250.053162616 46.7003890278
225 250.056120947 46.7004445833
226 250.05895428 46.7004445833
227 250.061995948 46.7004168056
228 250.064787614 46.7004445833
229 250.067745944 46.7005001389
230 250.070662611 46.7005001389
231 250.07357928 46.7004445833
232 250.07645428 46.7004445833
233 250.03707937 46.6986945833
234 250.039996036 46.6986945833
235 250.042996032 46.6987779167
236 250.045954371 46.6986668056
237 250.048871033 46.6987501389
238 250.051704371 46.6986668056
239 250.054579368 46.6987223611
240 250.057496035 46.6987223611
241 250.060454371 46.6986668056
242 250.063412701 46.6987223611
243 250.066371035 46.6987223611
244 250.069204367 46.6987501389
245 250.072079365 46.6987779167
246 250.075037699 46.6987779167
