1 250.077952933 46.7268334722
2 250.080827936 46.7267779167
3 250.083786265 46.72686125
4 250.086702932 46.72686125
5 250.089494599 46.72686125
6 250.092536268 46.7268056944
7 250.095494597 46.7268890278
8 250.098327936 46.7267779167
9 250.10120293 46.7268890278
10 250.104202932 46.72686125
11 250.107077929 46.7269168056
12 250.109952929 46.7269168056
13 250.11282793 46.7268890278
14 250.115786265 46.72686125
15 250.076578025 46.7250279167
16 250.079328023 46.7250834722
17 250.082286355 46.72511125
18 250.085161352 46.7251668056
19 250.088078021 46.72511125
20 250.091078023 46.7250834722
21 250.093994691 46.7250556944
22 250.096869691 46.7250556944
23 250.099744686 46.7251390278
24 250.10257802 46.7251390278
25 250.105578023 46.7250834722
26 250.108494686 46.7251390278
27 250.11145302 46.7251390278
28 250.114411355 46.72511125
29 250.117244688 46.72511125
30 250.077953111 46.72336125
31 250.080786443 46.7233890278
32 250.083703113 46.7233056944
33 250.086619776 46.7233890278
34 250.089578112 46.7233334722
35 250.092536445 46.7233334722
36 250.09541144 46.7234445833
37 250.098328108 46.7234168056
38 250.101244779 46.7233334722
39 250.104203106 46.7234445833
40 250.107119776 46.7233890278
41 250.109911444 46.72336125
42 250.112953109 46.7233890278
43 250.115828106 46.7234445833
44 250.0764532 46.72161125
45 250.079411532 46.7216390278
46 250.082286533 46.72161125
47 250.085244865 46.7216390278
48 250.08816153 46.7216668056
49 250.090994864 46.7216668056
50 250.093994867 46.72161125
51 250.096953197 46.7216668056
52 250.099828199 46.7216390278
53 250.102786532 46.7216390278
54 250.10566153 46.7216668056
55 250.108494864 46.7216668056
56 250.111411532 46.7216390278
57 250.114328196 46.7216945833
58 250.117328199 46.7216390278
59 250.077953285 46.7199445833
60 250.080869952 46.7199445833
61 250.083828284 46.7199723611
62 250.086703287 46.7199168056
63 250.089536617 46.7199723611
64 250.09253662 46.7199168056
65 250.095411618 46.7199445833
66 250.09836995 46.7199723611
67 250.101203282 46.7200001389
68 250.104161617 46.7199723611
69 250.107161616 46.7200001389
70 250.110078284 46.7199723611
71 250.112953284 46.7199723611
72 250.115911617 46.7199723611
73 250.07649504 46.7182223611
74 250.079328374 46.7181945833
75 250.082286708 46.7181945833
76 250.085245041 46.7181945833
77 250.088203373 46.7182223611
78 250.091078374 46.7181945833
79 250.094036705 46.7182501389
80 250.096870038 46.7182501389
81 250.099828372 46.7182501389
82 250.102786706 46.7182223611
83 250.105661705 46.7182501389
84 250.108620043 46.7181668056
85 250.111453373 46.7182223611
86 250.114370038 46.7182501389
87 250.117286704 46.7182779167
88 250.077953464 46.7164445833
89 250.080828464 46.7164445833
90 250.083786793 46.7165279167
91 250.086661796 46.7164723611
92 250.089578462 46.7164723611
93 250.092578461 46.7165001389
94 250.095411794 46.7165001389
95 250.098286797 46.7164445833
96 250.10132846 46.7165279167
97 250.104245129 46.7164723611
98 250.10707846 46.7165279167
99 250.110036791 46.7165556944
100 250.112995128 46.7165001389
101 250.115745125 46.7165556944
102 250.076578552 46.7147223611
103 250.079453553 46.7146945833
104 250.082370217 46.7147501389
105 250.085286881 46.7148056944
106 250.088203547 46.7148056944
107 250.091120217 46.7147501389
108 250.094036884 46.7147501389
109 250.096870214 46.7148056944
110 250.099911884 46.7147501389
111 250.102703547 46.7148056944
112 250.105578546 46.7148334722
113 250.108620216 46.7147779167
114 250.111411884 46.7147501389
115 250.11445355 46.7147501389
116 250.11732855 46.7147501389
117 250.077953637 46.7130556944
118 250.080870305 46.7130279167
119 250.083828638 46.7130279167
120 250.086661973 46.7130001389
121 250.089620303 46.7130556944
122 250.092536966 46.7131390278
123 250.095370301 46.71311125
124 250.09828697 46.7130556944
125 250.101328635 46.7130834722
126 250.104245301 46.71311125
127 250.107078635 46.7130834722
128 250.110036967 46.71311125
129 250.112953635 46.7130834722
130 250.115786969 46.7130834722
131 250.076537058 46.7113334722
132 250.079453725 46.7113334722
133 250.082412057 46.71136125
134 250.085287059 46.7113056944
135 250.088203726 46.7113056944
136 250.091078723 46.71136125
137 250.093995393 46.7113056944
138 250.096912058 46.7113334722
139 250.099912058 46.7113334722
140 250.102787057 46.71136125
141 250.105703722 46.7113890278
142 250.108537057 46.71136125
143 250.11149539 46.71136125
144 250.114453723 46.71136125
145 250.117328722 46.7113890278
146 250.077995485 46.7095001389
147 250.080870482 46.7095556944
148 250.083745481 46.7095834722
149 250.086662147 46.7095834722
150 250.089662146 46.70961125
151 250.092537146 46.70961125
152 250.095453815 46.7095556944
153 250.098412143 46.7096668056
154 250.101287145 46.7096390278
155 250.104162149 46.7095556944
156 250.107120481 46.7095834722
157 250.109995476 46.7096668056
158 250.112828811 46.7096390278
159 250.115870479 46.70961125
160 250.076495567 46.7078890278
161 250.079412237 46.7078334722
162 250.082412235 46.70786125
163 250.085287235 46.70786125
164 250.088245569 46.70786125
165 250.091120569 46.70786125
166 250.094078902 46.70786125
167 250.096953899 46.7079168056
168 250.099870566 46.7079168056
169 250.102870564 46.7079445833
170 250.105620567 46.7078890278
171 250.108578899 46.7079168056
172 250.111495564 46.7079445833
173 250.114453903 46.7078334722
174 250.117370569 46.70786125
175 250.077953987 46.7061945833
176 250.080828987 46.7061945833
177 250.083828987 46.7061945833
178 250.086745658 46.70611125
179 250.089662322 46.7061668056
180 250.092578986 46.7062223611
181 250.095495654 46.7061945833
182 250.098453986 46.7062223611
183 250.101328988 46.7061668056
184 250.104203986 46.7062223611
185 250.107120655 46.7061668056
186 250.110037319 46.7062223611
187 250.112995651 46.7062501389
188 250.115828986 46.7062223611
189 250.076620747 46.70436125
190 250.079495746 46.7043890278
191 250.082412411 46.7044168056
192 250.085287411 46.7044168056
193 250.088245743 46.7044445833
194 250.091120743 46.7044445833
195 250.094037411 46.7044168056
196 250.096954075 46.7044723611
197 250.099829076 46.7044445833
198 250.10278741 46.7044445833
199 250.105745739 46.7045279167
200 250.108620743 46.7044445833
201 250.111579075 46.7044723611
202 250.114329076 46.7044445833
203 250.117370739 46.7045279167
204 250.077954166 46.7026945833
205 250.080870834 46.7026668056
206 250.083829166 46.7026945833
207 250.086704166 46.7026945833
208 250.089620831 46.7027223611
209 250.092579164 46.7027223611
210 250.095370834 46.7026668056
211 250.098454168 46.7026390278
212 250.101245832 46.7026945833
213 250.104245831 46.7027223611
214 250.106995829 46.7027501389
215 250.110037496 46.7027501389
216 250.113037496 46.7027501389
217 250.115870831 46.7027223611
218 250.076537588 46.7009445833
219 250.079495921 46.7009445833
220 250.082454255 46.7009445833
221 250.085204253 46.7009723611
222 250.088204253 46.7009723611
223 250.091079253 46.7009723611
224 250.093995921 46.7009445833
225 250.096954252 46.7010001389
226 250.099829252 46.7010001389
227 250.102829253 46.7009723611
228 250.105662585 46.7010001389
229 250.108620916 46.7010556944
230 250.111495916 46.7010556944
231 250.114454252 46.7010001389
232 250.117287585 46.7010001389
233 250.077912675 46.6992501389
234 250.080871008 46.6992501389
235 250.083829337 46.6993334722
236 250.086787676 46.6992223611
237 250.089746004 46.6993334722
238 250.092537676 46.6992223611
239 250.095412673 46.6992779167
240 250.09832934 46.6992779167
241 250.101287675 46.6992501389
242 250.104246006 46.6992779167
243 250.107204338 46.6993056944
244 250.110037672 46.6993056944
245 250.112954337 46.6993334722
246 250.115871002 46.69936125
