1 250.03857799 46.7257223611
2 250.041452994 46.7256390278
3 250.044411322 46.7257501389
4 250.047286322 46.7257501389
5 250.050119655 46.7257501389
6 250.053161325 46.7256945833
7 250.056119654 46.7257779167
8 250.058952993 46.7256668056
9 250.061827987 46.7257779167
10 250.064827989 46.7257501389
11 250.067702986 46.7258056944
12 250.070577986 46.7258056944
13 250.073452987 46.7257779167
14 250.076411322 46.7257501389
15 250.037203082 46.7239168056
16 250.039953079 46.7239723611
17 250.042911411 46.7240001389
18 250.045786408 46.7240556944
19 250.048703079 46.7239723611
20 250.051703079 46.7239723611
21 250.054619747 46.7239445833
22 250.057494747 46.7239445833
23 250.060369743 46.7240279167
24 250.063203077 46.7240279167
25 250.066203079 46.7239723611
26 250.069119743 46.7240279167
27 250.072078077 46.7240279167
28 250.075036411 46.7240001389
29 250.077828078 46.7240001389
30 250.038578167 46.7222501389
31 250.041411499 46.7222779167
32 250.04432817 46.7221945833
33 250.047244833 46.7222779167
34 250.05020317 46.7221945833
35 250.053161502 46.7222223611
36 250.056036496 46.7223334722
37 250.058953165 46.7223056944
38 250.061828169 46.7222223611
39 250.064828163 46.7223334722
40 250.067744833 46.7222779167
41 250.070536501 46.7222501389
42 250.073578166 46.7222779167
43 250.076453163 46.7223334722
44 250.037078257 46.7205001389
45 250.040036589 46.7205279167
46 250.04291159 46.7205001389
47 250.045869922 46.7205279167
48 250.048786587 46.7205556944
49 250.051619921 46.7205556944
50 250.054619923 46.7205001389
51 250.057578254 46.7205556944
52 250.060453255 46.7205279167
53 250.063411589 46.7205279167
54 250.066286587 46.7205556944
55 250.069119921 46.7205556944
56 250.072036589 46.7205279167
57 250.074953252 46.7205834722
58 250.077953255 46.7205279167
59 250.038578342 46.7188334722
60 250.041495008 46.7188334722
61 250.04445334 46.71886125
62 250.047328343 46.7188056944
63 250.050161674 46.71886125
64 250.05312001 46.7188056944
65 250.056036677 46.7188056944
66 250.058995007 46.71886125
67 250.061828339 46.7188890278
68 250.064786674 46.71886125
69 250.067786672 46.7188890278
70 250.07070334 46.71886125
71 250.07357834 46.71886125
72 250.076536675 46.7188334722
73 250.037120096 46.71711125
74 250.039953431 46.7170834722
75 250.042911765 46.7170834722
76 250.045870098 46.7170834722
77 250.04882843 46.71711125
78 250.051703431 46.7170834722
79 250.054661762 46.7171390278
80 250.057495095 46.7171390278
81 250.060453428 46.7171390278
82 250.063411763 46.71711125
83 250.066286762 46.7171390278
84 250.069245099 46.7170556944
85 250.07207843 46.71711125
86 250.074995096 46.71711125
87 250.077911762 46.7171390278
88 250.038578521 46.7153334722
89 250.041453521 46.7153334722
90 250.04441185 46.7154168056
91 250.047286854 46.7153334722
92 250.050203519 46.71536125
93 250.053203518 46.7153890278
94 250.056036851 46.7153890278
95 250.058911854 46.7153334722
96 250.061953516 46.7154168056
97 250.064870187 46.7153334722
98 250.067703516 46.7154168056
99 250.070661848 46.7154445833
100 250.073620184 46.7153890278
101 250.076370182 46.7154445833
102 250.037203608 46.71361125
103 250.04007861 46.7135834722
104 250.042995274 46.7136390278
105 250.045911938 46.7136945833
106 250.048828604 46.7136945833
107 250.051745274 46.7136390278
108 250.054620274 46.7136390278
109 250.057495271 46.7136945833
110 250.06053694 46.7136390278
111 250.063328604 46.7136945833
112 250.066203603 46.7137223611
113 250.069245272 46.7136668056
114 250.07203694 46.7136390278
115 250.075078607 46.7136390278
116 250.077953607 46.7136390278
117 250.038578695 46.7119168056
118 250.041495363 46.7118890278
119 250.044453695 46.7119168056
120 250.04728703 46.7118890278
121 250.05024536 46.7119445833
122 250.053162023 46.7120279167
123 250.055995357 46.7120001389
124 250.058912027 46.7119445833
125 250.061953692 46.7119723611
126 250.064828691 46.7120001389
127 250.067662025 46.7119723611
128 250.070662024 46.7120001389
129 250.073578692 46.7119723611
130 250.076412025 46.7119723611
131 250.037162115 46.7102223611
132 250.040078781 46.7102223611
133 250.043037113 46.7102501389
134 250.045912116 46.7101945833
135 250.048828783 46.7101945833
136 250.05170378 46.7102501389
137 250.054620449 46.7101945833
138 250.057537115 46.7102223611
139 250.060537115 46.7102223611
140 250.063412113 46.7102501389
141 250.06632878 46.7102501389
142 250.069162113 46.7102501389
143 250.072120447 46.7102501389
144 250.07507878 46.7102501389
145 250.077953779 46.7102779167
146 250.038620542 46.7083890278
147 250.04149554 46.7084168056
148 250.044370537 46.7084723611
149 250.047287204 46.7084723611
150 250.050287204 46.7084723611
151 250.053162203 46.7085001389
152 250.056078872 46.7084445833
153 250.0590372 46.7085556944
154 250.061912201 46.7085279167
155 250.064787205 46.7084445833
156 250.067745537 46.7084723611
157 250.070620533 46.7085556944
158 250.073453868 46.7085279167
159 250.076495536 46.7085001389
160 250.037120624 46.7067779167
161 250.040037293 46.7067223611
162 250.043037292 46.7067501389
163 250.045912292 46.7067501389
164 250.048870627 46.7067223611
165 250.051745625 46.7067501389
166 250.054703959 46.7067501389
167 250.057578956 46.7068056944
168 250.060495622 46.7068056944
169 250.063495621 46.7068334722
170 250.066245624 46.7067779167
171 250.069203956 46.7068056944
172 250.072120621 46.7068334722
173 250.075078961 46.7066945833
174 250.077995625 46.7067501389
175 250.038579044 46.7050834722
176 250.041454045 46.7050556944
177 250.044454045 46.7050556944
178 250.047370715 46.7050001389
179 250.050287378 46.7050556944
180 250.053204042 46.70511125
181 250.05612071 46.7050834722
182 250.059079042 46.70511125
183 250.061954045 46.7050556944
184 250.064829042 46.70511125
185 250.067745712 46.7050556944
186 250.070662376 46.70511125
187 250.073620707 46.7051390278
188 250.076454042 46.70511125
189 250.037245804 46.7032501389
190 250.040120802 46.7032779167
191 250.043037468 46.7033056944
192 250.045912468 46.7033056944
193 250.0488708 46.7033334722
194 250.051704133 46.7033334722
195 250.054662468 46.7033056944
196 250.057579131 46.70336125
197 250.060454133 46.7033334722
198 250.063412466 46.7033334722
199 250.066370795 46.7034168056
200 250.0692458 46.7033334722
201 250.072204131 46.70336125
202 250.074954133 46.7033334722
203 250.077954129 46.7034168056
204 250.038579222 46.7015834722
205 250.04149589 46.7015556944
206 250.044454222 46.7015834722
207 250.047329222 46.7015834722
208 250.050245887 46.70161125
209 250.053204221 46.70161125
210 250.05599589 46.7015556944
211 250.059079225 46.7015279167
212 250.061870889 46.7015834722
213 250.064870887 46.70161125
214 250.067620886 46.7016390278
215 250.070662554 46.70161125
216 250.073662554 46.70161125
217 250.076495887 46.70161125
218 250.037162645 46.6998334722
219 250.040120978 46.6998334722
220 250.043079311 46.6998334722
221 250.04582931 46.69986125
222 250.04882931 46.69986125
223 250.05170431 46.69986125
224 250.054620978 46.6998334722
225 250.057579309 46.6998890278
226 250.060454309 46.6998890278
227 250.06345431 46.69986125
228 250.066287642 46.6998890278
229 250.069245972 46.6999445833
230 250.072120972 46.6999445833
231 250.075079309 46.6998890278
232 250.077912642 46.6998890278
233 250.038537731 46.6981390278
234 250.041496065 46.6981390278
235 250.044454394 46.6982223611
236 250.047412733 46.69811125
237 250.050371062 46.6981945833
238 250.053162733 46.69811125
239 250.05603773 46.6981668056
240 250.058954396 46.6981668056
241 250.061912733 46.69811125
242 250.064871063 46.6981668056
243 250.067829396 46.6981668056
244 250.070662728 46.6981945833
245 250.073579394 46.6982223611
246 250.076496059 46.6982501389
