1 250.038579365 46.6987779167
2 250.041454368 46.6987223611
3 250.044454364 46.6988056944
4 250.047329364 46.6988056944
5 250.050162697 46.6988056944
6 250.0531627 46.6987501389
7 250.056121029 46.6988334722
8 250.058954367 46.6987501389
9 250.061829361 46.69886125
10 250.064829364 46.6988056944
11 250.067704361 46.69886125
12 250.070579361 46.69886125
13 250.073454362 46.6988334722
14 250.076371031 46.6988056944
15 250.037204456 46.6970001389
16 250.039996121 46.6970279167
17 250.042912786 46.6970556944
18 250.045787784 46.69711125
19 250.04874612 46.6970556944
20 250.051704455 46.6970279167
21 250.054621123 46.6970001389
22 250.057496123 46.6970001389
23 250.060371118 46.6970834722
24 250.063204452 46.6970834722
25 250.066204455 46.6970279167
26 250.069121118 46.6970834722
27 250.072079452 46.6970834722
28 250.075037786 46.6970556944
29 250.077829453 46.6970556944
30 250.038579542 46.6953056944
31 250.041412874 46.6953334722
32 250.044371212 46.6952501389
33 250.047246208 46.6953334722
34 250.050204544 46.6952779167
35 250.053162877 46.6952779167
36 250.056037871 46.6953890278
37 250.05895454 46.69536125
38 250.061829542 46.6953056944
39 250.064829538 46.6953890278
40 250.067746208 46.6953334722
41 250.070537876 46.6953056944
42 250.073579541 46.6953334722
43 250.076454538 46.6953890278
44 250.037079632 46.6935556944
45 250.040037964 46.6935834722
46 250.042912965 46.6935556944
47 250.045871297 46.6935834722
48 250.048787962 46.69361125
49 250.051621295 46.69361125
50 250.054621297 46.6935834722
51 250.057579629 46.69361125
52 250.06045463 46.6935834722
53 250.063412964 46.6935834722
54 250.066287962 46.69361125
55 250.069121295 46.69361125
56 250.072037964 46.6935834722
57 250.074954627 46.6936390278
58 250.07795463 46.6935834722
59 250.038579717 46.6918890278
60 250.041496383 46.6918890278
61 250.044454715 46.6919168056
62 250.047329718 46.69186125
63 250.050163049 46.6919168056
64 250.053163051 46.69186125
65 250.05603805 46.6918890278
66 250.058996382 46.6919168056
67 250.061829714 46.6919445833
68 250.064788049 46.6919168056
69 250.067788047 46.6919445833
70 250.070663049 46.6919168056
71 250.073579715 46.6919168056
72 250.076538049 46.6919168056
73 250.037121471 46.6901668056
74 250.039996472 46.6901390278
75 250.042913139 46.6901390278
76 250.045913139 46.6901390278
77 250.048829804 46.6901668056
78 250.051704806 46.6901390278
79 250.054663135 46.6902223611
80 250.057496468 46.6902223611
81 250.060454803 46.6901945833
82 250.063413138 46.6901668056
83 250.066288136 46.6901945833
84 250.069204807 46.69011125
85 250.072079804 46.6901668056
86 250.07499647 46.6901945833
87 250.077913135 46.6902223611
88 250.038579895 46.6883890278
89 250.041454895 46.6883890278
90 250.044413224 46.6884723611
91 250.047288227 46.6884168056
92 250.05024656 46.6884168056
93 250.053204892 46.6884445833
94 250.056038226 46.6884445833
95 250.058913227 46.6884168056
96 250.061954891 46.6884723611
97 250.064829894 46.6884168056
98 250.067704891 46.6884723611
99 250.070663223 46.6885001389
100 250.073579892 46.6884445833
101 250.076371555 46.6885279167
102 250.037204983 46.6866668056
103 250.040079984 46.6866390278
104 250.042996648 46.6866945833
105 250.045913312 46.6867501389
106 250.048829979 46.6867501389
107 250.051746648 46.6866945833
108 250.054663315 46.6866945833
109 250.057496645 46.6867501389
110 250.060538315 46.6866945833
111 250.063329979 46.6867501389
112 250.066204977 46.6867779167
113 250.069246647 46.6867223611
114 250.072038315 46.6866945833
115 250.07507998 46.6867223611
116 250.077913315 46.6866945833
117 250.038580068 46.6850001389
118 250.041496736 46.6849723611
119 250.044455069 46.6849723611
120 250.047288404 46.6849445833
121 250.050246734 46.6850001389
122 250.053163397 46.6850834722
123 250.055996732 46.6850556944
124 250.058913401 46.6850001389
125 250.0619134 46.6850279167
126 250.064830065 46.6850556944
127 250.0676634 46.6850279167
128 250.070663398 46.6850556944
129 250.073580066 46.6850279167
130 250.0764134 46.6850279167
131 250.037205156 46.6832779167
132 250.040080156 46.6832779167
133 250.043038486 46.6833334722
134 250.045955157 46.6832501389
135 250.048830157 46.6832501389
136 250.051705154 46.6833056944
137 250.054621824 46.6832501389
138 250.057538489 46.6832779167
139 250.060538489 46.6832779167
140 250.063413487 46.6833056944
141 250.066330153 46.6833334722
142 250.069163487 46.6833056944
143 250.072121821 46.6833056944
144 250.075080154 46.6833056944
145 250.077913486 46.6833334722
146 250.038663581 46.6814723611
147 250.041496913 46.6815001389
148 250.044413578 46.6815279167
149 250.047288578 46.6815279167
150 250.050288577 46.6815556944
151 250.053163575 46.6815834722
152 250.056080245 46.6815279167
153 250.059038574 46.68161125
154 250.061913575 46.6815834722
155 250.064788578 46.6815279167
156 250.067705245 46.6815279167
157 250.07058024 46.68161125
158 250.073455242 46.6815834722
159 250.076455243 46.6815556944
160 250.037121998 46.6798334722
161 250.040080332 46.6798056944
162 250.043038666 46.6798056944
163 250.045913666 46.6798056944
164 250.048871999 46.6798056944
165 250.051746999 46.6798056944
166 250.054705332 46.6798056944
167 250.05758033 46.67986125
168 250.060496996 46.67986125
169 250.063496995 46.6798890278
170 250.066246998 46.6798334722
171 250.06920533 46.67986125
172 250.072121995 46.6798890278
173 250.075080334 46.6797779167
174 250.077996999 46.6798056944
175 250.038622084 46.6781390278
176 250.041497084 46.6781390278
177 250.044455417 46.6781390278
178 250.047372088 46.6780556944
179 250.050288752 46.67811125
180 250.053205415 46.6781945833
181 250.056122084 46.6781390278
182 250.059080416 46.6781668056
183 250.061955419 46.67811125
184 250.064788749 46.6781668056
185 250.067747085 46.67811125
186 250.070663749 46.6781668056
187 250.073580415 46.6781945833
188 250.076413749 46.6781668056
189 250.037288844 46.6763056944
190 250.040122176 46.6763334722
191 250.04303884 46.6763890278
192 250.045955508 46.67636125
193 250.048872173 46.6763890278
194 250.051747172 46.6764168056
195 250.054663841 46.67636125
196 250.057580505 46.6764168056
197 250.060455507 46.6763890278
198 250.06341384 46.6763890278
199 250.066330502 46.6764723611
200 250.069247173 46.6763890278
201 250.072205505 46.6764168056
202 250.074955507 46.6763890278
203 250.077955501 46.6765001389
204 250.038580596 46.6746390278
205 250.041497264 46.67461125
206 250.044455596 46.6746390278
207 250.047330594 46.6746668056
208 250.050247261 46.6746668056
209 250.053205594 46.6746668056
210 250.055997264 46.67461125
211 250.059080597 46.67461125
212 250.061872262 46.6746390278
213 250.064872261 46.6746668056
214 250.06762226 46.6746945833
215 250.07062226 46.6746945833
216 250.07362226 46.6746945833
217 250.076497261 46.6746668056
218 250.037205685 46.6728890278
219 250.040122352 46.6728890278
220 250.04312235 46.6729168056
221 250.045830683 46.6729168056
222 250.048830682 46.6729445833
223 250.051705683 46.6729168056
224 250.054622352 46.6728890278
225 250.057580682 46.6729445833
226 250.060455682 46.6729445833
227 250.063455683 46.6729168056
228 250.066289015 46.6729445833
229 250.069247346 46.6730001389
230 250.072122346 46.6730001389
231 250.075080682 46.6729445833
232 250.077914015 46.6729445833
233 250.038580771 46.6711945833
234 250.041497438 46.6711945833
235 250.044455767 46.6712779167
236 250.047414106 46.6711668056
237 250.050372434 46.6712779167
238 250.053164104 46.6711945833
239 250.056039103 46.6712223611
240 250.05895577 46.6712223611
241 250.061914104 46.6711945833
242 250.064872436 46.6712223611
243 250.067830768 46.6712501389
244 250.070664102 46.6712501389
245 250.0735391 46.6712779167
246 250.076497432 46.6713056944
