1 250.037121004 46.6993334722
2 250.039996006 46.6992779167
3 250.042954336 46.69936125
4 250.045829336 46.69936125
5 250.048662669 46.69936125
6 250.051704338 46.6993056944
7 250.054662667 46.6993890278
8 250.057496006 46.6992779167
9 250.060370999 46.6994168056
10 250.063371002 46.69936125
11 250.066204333 46.6994168056
12 250.069120999 46.6994168056
13 250.071996001 46.6993890278
14 250.074912669 46.69936125
15 250.035746096 46.6975279167
16 250.038496093 46.6975834722
17 250.041454425 46.69761125
18 250.044329422 46.6976668056
19 250.047246091 46.69761125
20 250.050246093 46.6975834722
21 250.053121094 46.6975556944
22 250.055996094 46.6975556944
23 250.058912757 46.6976390278
24 250.06174609 46.6976390278
25 250.064746093 46.6975834722
26 250.067662757 46.6976390278
27 250.070579423 46.6976390278
28 250.073579425 46.69761125
29 250.076371091 46.69761125
30 250.037121181 46.69586125
31 250.039954513 46.6958890278
32 250.042871184 46.6958056944
33 250.045787846 46.6958890278
34 250.048704515 46.6958334722
35 250.051662849 46.6958334722
36 250.05457951 46.6959445833
37 250.057496178 46.6959168056
38 250.060371181 46.69586125
39 250.063371176 46.6959445833
40 250.066287846 46.6958890278
41 250.069079514 46.69586125
42 250.072079513 46.6958890278
43 250.074996176 46.6959445833
44 250.03562127 46.69411125
45 250.038579602 46.6941390278
46 250.041454603 46.69411125
47 250.044412935 46.6941390278
48 250.0473296 46.6941668056
49 250.050162934 46.6941668056
50 250.053162937 46.69411125
51 250.0560796 46.6941668056
52 250.058996269 46.6941390278
53 250.061954602 46.6941390278
54 250.0648296 46.6941668056
55 250.067662934 46.6941668056
56 250.070579602 46.6941390278
57 250.073496266 46.6941945833
58 250.076454602 46.6941390278
59 250.037079688 46.6924445833
60 250.040038022 46.6924445833
61 250.042996354 46.6924723611
62 250.045871356 46.6924168056
63 250.04866302 46.6924723611
64 250.051663023 46.6924168056
65 250.054579688 46.6924445833
66 250.057496354 46.6924723611
67 250.060371352 46.6925001389
68 250.063329687 46.6924723611
69 250.066329685 46.6925001389
70 250.069204687 46.6924723611
71 250.072079687 46.6924723611
72 250.07503802 46.6924723611
73 250.035663109 46.6907223611
74 250.038496444 46.6906945833
75 250.041454777 46.6906945833
76 250.044413111 46.6906945833
77 250.047371443 46.6907223611
78 250.050246444 46.6906945833
79 250.053163107 46.6907779167
80 250.05599644 46.6907779167
81 250.058954775 46.6907501389
82 250.061954776 46.6907223611
83 250.064829775 46.6907501389
84 250.067746446 46.6906668056
85 250.070621443 46.6907223611
86 250.073496441 46.6907501389
87 250.076413107 46.6907779167
88 250.037079867 46.6889445833
89 250.039996533 46.6889445833
90 250.042954862 46.6890279167
91 250.045829865 46.6889723611
92 250.048746532 46.6889723611
93 250.051746531 46.6890001389
94 250.054579864 46.6890001389
95 250.057454867 46.6889445833
96 250.060496529 46.6890279167
97 250.063371532 46.6889723611
98 250.066204862 46.6890279167
99 250.069204861 46.6890556944
100 250.072121531 46.6890001389
101 250.074913193 46.6890834722
102 250.035746621 46.6872223611
103 250.038579956 46.6871945833
104 250.041538286 46.6872501389
105 250.04445495 46.6873056944
106 250.04732995 46.6873056944
107 250.05024662 46.6872501389
108 250.053163286 46.6872501389
109 250.056038284 46.6873056944
110 250.059038286 46.6872501389
111 250.061871617 46.6873056944
112 250.064746616 46.6873334722
113 250.067746618 46.6872779167
114 250.070538286 46.6872501389
115 250.073621618 46.6872779167
116 250.076454953 46.6872501389
117 250.037121706 46.6855556944
118 250.040038374 46.6855279167
119 250.042996708 46.6855279167
120 250.045830042 46.6855001389
121 250.048788373 46.6855556944
122 250.051705035 46.6856390278
123 250.05453837 46.68561125
124 250.057455039 46.6855556944
125 250.060455038 46.6855834722
126 250.063371703 46.68561125
127 250.066205038 46.6855834722
128 250.069205037 46.68561125
129 250.072080038 46.6855834722
130 250.074955038 46.6855834722
131 250.035705127 46.6838334722
132 250.038621794 46.6838334722
133 250.041580124 46.6838890278
134 250.044455129 46.6838056944
135 250.047371795 46.6838056944
136 250.050246792 46.68386125
137 250.053163462 46.6838056944
138 250.056080127 46.6838334722
139 250.059038461 46.6838334722
140 250.061955126 46.68386125
141 250.064871791 46.6838890278
142 250.067705126 46.68386125
143 250.070621792 46.68386125
144 250.073621792 46.68386125
145 250.076455124 46.6838890278
146 250.037163554 46.6820001389
147 250.040038551 46.6820556944
148 250.04291355 46.6820834722
149 250.045830216 46.6820834722
150 250.048830215 46.68211125
151 250.051663548 46.68211125
152 250.054621883 46.6820834722
153 250.057580212 46.6821668056
154 250.060455214 46.6821390278
155 250.063330216 46.6820834722
156 250.066246883 46.6820834722
157 250.069121879 46.6821668056
158 250.071955214 46.6821390278
159 250.074996882 46.68211125
160 250.035663636 46.6803890278
161 250.038580306 46.6803334722
162 250.041580304 46.68036125
163 250.044455304 46.68036125
164 250.047413638 46.68036125
165 250.050288638 46.68036125
166 250.053246971 46.68036125
167 250.056121968 46.6804168056
168 250.059038635 46.6804168056
169 250.062038633 46.6804445833
170 250.064788636 46.6803890278
171 250.067746968 46.6804168056
172 250.070663633 46.6804445833
173 250.073580306 46.6803334722
174 250.076538638 46.68036125
175 250.037122056 46.6786945833
176 250.039997056 46.6786945833
177 250.042997056 46.6786945833
178 250.045913727 46.67861125
179 250.048830391 46.6786668056
180 250.051747053 46.6787501389
181 250.054663722 46.6786945833
182 250.057622054 46.6787223611
183 250.060455391 46.6786668056
184 250.063330388 46.6787223611
185 250.066288724 46.6786668056
186 250.069163721 46.6787223611
187 250.072122053 46.6787501389
188 250.074955388 46.6787223611
189 250.035788816 46.67686125
190 250.038663814 46.6768890278
191 250.041538812 46.6769445833
192 250.04445548 46.6769168056
193 250.047413812 46.6769445833
194 250.050247145 46.6769445833
195 250.05320548 46.6769168056
196 250.056122144 46.6769723611
197 250.058997145 46.6769445833
198 250.061955478 46.6769445833
199 250.064872141 46.6770279167
200 250.067747145 46.6769445833
201 250.070705477 46.6769723611
202 250.073497145 46.6769445833
203 250.076497139 46.6770556944
204 250.037122234 46.6751945833
205 250.040038902 46.6751668056
206 250.042955567 46.6751945833
207 250.045872234 46.6751945833
208 250.048747233 46.6752223611
209 250.051747233 46.6752223611
210 250.054497235 46.6751668056
211 250.05758057 46.6751390278
212 250.060413901 46.6751945833
213 250.063413899 46.6752223611
214 250.066163898 46.6752501389
215 250.069163898 46.6752501389
216 250.072163898 46.6752501389
217 250.075038899 46.6752223611
218 250.035705657 46.6734445833
219 250.03866399 46.6734445833
220 250.041622323 46.6734445833
221 250.044372322 46.6734723611
222 250.04737232 46.6735001389
223 250.050247322 46.6734723611
224 250.05316399 46.6734445833
225 250.05612232 46.6735001389
226 250.058955654 46.6735001389
227 250.061955655 46.6734723611
228 250.064788987 46.6735001389
229 250.067747318 46.6735556944
230 250.070663984 46.6735556944
231 250.073580654 46.6735001389
232 250.076413987 46.6735001389
233 250.037080743 46.6717501389
234 250.03999741 46.6717501389
235 250.042997405 46.6718334722
236 250.045955744 46.6717223611
237 250.048872405 46.6718334722
238 250.051705743 46.6717501389
239 250.054580741 46.6717779167
240 250.057497408 46.6717779167
241 250.060455743 46.6717501389
242 250.063372408 46.6717779167
243 250.066372407 46.6718056944
244 250.06920574 46.6718056944
245 250.072080739 46.6718334722
246 250.075039071 46.67186125
