1 260.611519591 32.13236125
2 260.613894592 32.1323056944
3 260.61626959 32.1324168056
4 260.618602924 32.1323890278
5 260.62089459 32.1323890278
6 260.623352925 32.1323334722
7 260.625727922 32.1324445833
8 260.628019592 32.1323334722
9 260.630352922 32.1324445833
10 260.632811257 32.1323890278
11 260.635102922 32.1324445833
12 260.637436256 32.1324445833
13 260.639769589 32.1324445833
14 260.64214459 32.1324168056
15 260.610436301 32.1305834722
16 260.6126863 32.13061125
17 260.615061299 32.1306668056
18 260.617394632 32.1306945833
19 260.619769633 32.1306390278
20 260.622144634 32.13061125
21 260.624519634 32.1305834722
22 260.626852967 32.13061125
23 260.629186298 32.1306945833
24 260.631477966 32.1306668056
25 260.6339363 32.1306390278
26 260.636269632 32.1306668056
27 260.638644632 32.1306668056
28 260.641061299 32.1306668056
29 260.6433113 32.1306390278
30 260.611561342 32.1289168056
31 260.613853009 32.1289168056
32 260.61622801 32.12886125
33 260.618561342 32.1289168056
34 260.620936343 32.12886125
35 260.623353009 32.1288890278
36 260.625686341 32.1289723611
37 260.628061341 32.1289723611
38 260.630394676 32.1288890278
39 260.632811341 32.1289723611
40 260.635144675 32.1289445833
41 260.637394676 32.1288890278
42 260.639853008 32.1289445833
43 260.64218634 32.1290001389
44 260.610311385 32.1271668056
45 260.612728051 32.1271668056
46 260.615061385 32.1271668056
47 260.617436385 32.1271668056
48 260.619811384 32.1271945833
49 260.622103051 32.1271945833
50 260.624519718 32.1271668056
51 260.626894717 32.1272223611
52 260.629269717 32.1271945833
53 260.631644717 32.1271945833
54 260.63397805 32.1272223611
55 260.636269717 32.1271945833
56 260.638644718 32.1271668056
57 260.641019716 32.1272501389
58 260.643436385 32.1271668056
59 260.611519759 32.1255001389
60 260.613894759 32.1254723611
61 260.616311425 32.1255001389
62 260.618644759 32.1254723611
63 260.620894759 32.1255001389
64 260.623311427 32.1254445833
65 260.625686426 32.1254723611
66 260.628061425 32.1255279167
67 260.630394757 32.1255556944
68 260.632769758 32.1255279167
69 260.635186425 32.1255279167
70 260.637519758 32.1255279167
71 260.639853091 32.1255279167
72 260.642269759 32.1255001389
73 260.610353134 32.1237779167
74 260.612686468 32.1237501389
75 260.615061468 32.1237501389
76 260.617478135 32.1237501389
77 260.619853135 32.1237501389
78 260.622186468 32.1237501389
79 260.624561467 32.1238056944
80 260.626853133 32.1238056944
81 260.629228134 32.1237779167
82 260.631644801 32.1237501389
83 260.633978134 32.1237779167
84 260.636353136 32.1237223611
85 260.638644801 32.1237779167
86 260.641019801 32.1237779167
87 260.6433948 32.1238056944
88 260.611519845 32.1219723611
89 260.613894845 32.1219723611
90 260.616269843 32.1220556944
91 260.618603178 32.1220001389
92 260.620978177 32.1220279167
93 260.623394843 32.1220556944
94 260.62568651 32.1220556944
95 260.628019844 32.1220001389
96 260.630478176 32.1220556944
97 260.632811511 32.1220001389
98 260.635103176 32.1220556944
99 260.637519842 32.1220834722
100 260.639894843 32.1220556944
101 260.642144842 32.12211125
102 260.610436553 32.1202779167
103 260.61272822 32.1202501389
104 260.61510322 32.1202779167
105 260.617478218 32.1203334722
106 260.619811552 32.1203334722
107 260.622186552 32.1203056944
108 260.624561553 32.1202779167
109 260.626853218 32.1203334722
110 260.629311553 32.1202779167
111 260.631561552 32.1203334722
112 260.633894884 32.1203890278
113 260.636353219 32.1203056944
114 260.638644886 32.1202779167
115 260.641103219 32.1203056944
116 260.643394886 32.1203056944
117 260.611519928 32.1185834722
118 260.613894928 32.1185556944
119 260.616311595 32.1185556944
120 260.618603262 32.1185556944
121 260.62097826 32.11861125
122 260.623353259 32.1186668056
123 260.625644926 32.1186390278
124 260.628019928 32.1185834722
125 260.630436594 32.11861125
126 260.632811592 32.1186668056
127 260.63510326 32.11861125
128 260.637519926 32.1186390278
129 260.63985326 32.1186390278
130 260.642186594 32.11861125
131 260.61039497 32.11686125
132 260.612769969 32.1168890278
133 260.615144968 32.1169168056
134 260.617478304 32.1168334722
135 260.619853304 32.1168334722
136 260.622186636 32.1168890278
137 260.624519971 32.1168334722
138 260.626894969 32.1168890278
139 260.629311637 32.11686125
140 260.631644968 32.1169168056
141 260.634019968 32.1169168056
142 260.636311635 32.1169168056
143 260.638686636 32.1168890278
144 260.641103302 32.1169168056
145 260.643394968 32.1169168056
146 260.611603347 32.1150556944
147 260.613895013 32.1150834722
148 260.616228345 32.1151390278
149 260.618603346 32.11511125
150 260.621020012 32.1151390278
151 260.623353345 32.1151668056
152 260.625728346 32.11511125
153 260.628103344 32.1151945833
154 260.630436678 32.1151668056
155 260.632770013 32.11511125
156 260.635145012 32.1151390278
157 260.637478344 32.1151945833
158 260.639770011 32.1151668056
159 260.642228345 32.1151668056
160 260.610353387 32.1134168056
161 260.612728388 32.1133890278
162 260.615145055 32.1133890278
163 260.617478387 32.1134168056
164 260.619853388 32.1133890278
165 260.622228388 32.1133890278
166 260.624603387 32.1134168056
167 260.62693672 32.1134445833
168 260.629270053 32.1134723611
169 260.631728386 32.1134723611
170 260.633936721 32.1134168056
171 260.636353386 32.1134723611
172 260.638686719 32.1135001389
173 260.641103389 32.11336125
174 260.643436721 32.1134168056
175 260.611561762 32.1117223611
176 260.613895095 32.1117223611
177 260.616311762 32.1117223611
178 260.618645097 32.1116668056
179 260.621020096 32.1116945833
180 260.623395094 32.1117779167
181 260.625770095 32.1117223611
182 260.628145095 32.1117501389
183 260.630436763 32.1116945833
184 260.632770095 32.1117501389
185 260.635145095 32.1117223611
186 260.637520094 32.1117779167
187 260.639895094 32.1117779167
188 260.642186761 32.1117501389
189 260.610478473 32.1098890278
190 260.612770139 32.1099445833
191 260.615145138 32.1099723611
192 260.617478471 32.1099723611
193 260.619853471 32.1100001389
194 260.622186804 32.1100001389
195 260.624561805 32.1099723611
196 260.626936803 32.1100279167
197 260.629270138 32.1099723611
198 260.631645137 32.1100001389
199 260.634020136 32.1100556944
200 260.636353471 32.1100001389
201 260.638770137 32.1100001389
202 260.641020137 32.1100001389
203 260.643436802 32.1100834722
204 260.611520181 32.1082223611
205 260.613895182 32.1081945833
206 260.61627018 32.1082501389
207 260.61864518 32.1082501389
208 260.620978513 32.1082779167
209 260.623395179 32.1082779167
210 260.625645181 32.1082223611
211 260.628145182 32.1081945833
212 260.63039518 32.1082501389
213 260.632853513 32.1082779167
214 260.635061845 32.1083056944
215 260.637520179 32.1082779167
216 260.639936846 32.1082779167
217 260.642270179 32.1082779167
218 260.610395224 32.1064723611
219 260.612770224 32.1064723611
220 260.61518689 32.1065001389
221 260.61743689 32.1065001389
222 260.619853556 32.1065279167
223 260.622186889 32.1065279167
224 260.624520224 32.1064723611
225 260.626936889 32.1065279167
226 260.629228556 32.1065279167
227 260.63168689 32.1065001389
228 260.633978555 32.1065556944
229 260.636353554 32.1065834722
230 260.638728554 32.10661125
231 260.641103555 32.1065556944
232 260.643395222 32.1065556944
233 260.611520264 32.1048056944
234 260.613895265 32.1047779167
235 260.61631193 32.10486125
236 260.618686932 32.1047501389
237 260.62106193 32.10486125
238 260.623353598 32.1047779167
239 260.625686931 32.1048056944
240 260.628020264 32.1048056944
241 260.630436932 32.1047779167
242 260.632811931 32.1048056944
243 260.635228597 32.1048334722
244 260.637520264 32.1048334722
245 260.639853596 32.1048890278
246 260.642270262 32.1048890278
