1 260.611518957 32.1582779167
2 260.613852292 32.1582223611
3 260.616268956 32.1583056944
4 260.61860229 32.1583056944
5 260.620893956 32.1583056944
6 260.623352291 32.1582501389
7 260.625727289 32.1583334722
8 260.628060624 32.1582501389
9 260.630352288 32.15836125
10 260.632810623 32.1583056944
11 260.635102288 32.15836125
12 260.637477288 32.15836125
13 260.639810622 32.1583334722
14 260.642143956 32.1583056944
15 260.610435667 32.1565001389
16 260.612685666 32.1565279167
17 260.615060666 32.1565556944
18 260.617393998 32.15661125
19 260.619768999 32.1565556944
20 260.622144 32.1565279167
21 260.624519 32.1565001389
22 260.626852334 32.1565001389
23 260.629185665 32.1565834722
24 260.631477332 32.1565834722
25 260.633935666 32.1565279167
26 260.636268998 32.1565834722
27 260.638643998 32.1565834722
28 260.641060666 32.1565556944
29 260.643352332 32.1565556944
30 260.611560709 32.1548056944
31 260.613852375 32.1548334722
32 260.616227377 32.1547501389
33 260.618560708 32.1548334722
34 260.620935709 32.1547779167
35 260.623352376 32.1547779167
36 260.625685707 32.1548890278
37 260.628060707 32.15486125
38 260.630394042 32.1548056944
39 260.632810707 32.1548890278
40 260.635144041 32.1548334722
41 260.637435709 32.1548056944
42 260.639852375 32.1548334722
43 260.642227373 32.1548890278
44 260.610310751 32.1530834722
45 260.612727417 32.1530834722
46 260.615060751 32.1530556944
47 260.617435751 32.1530834722
48 260.61981075 32.15311125
49 260.622102417 32.15311125
50 260.624519084 32.1530834722
51 260.62693575 32.15311125
52 260.629269084 32.1530834722
53 260.631644084 32.1530834722
54 260.633977417 32.15311125
55 260.636269083 32.15311125
56 260.638644084 32.1530834722
57 260.641019083 32.1531390278
58 260.643435751 32.1530834722
59 260.611519126 32.1513890278
60 260.613894126 32.1513890278
61 260.616310792 32.1514168056
62 260.618644126 32.15136125
63 260.620894125 32.1514168056
64 260.623310793 32.15136125
65 260.625685792 32.1513890278
66 260.628060792 32.1514168056
67 260.630394124 32.1514445833
68 260.632769125 32.1514168056
69 260.635185791 32.1514445833
70 260.637519125 32.1514168056
71 260.639894125 32.1514168056
72 260.642269125 32.1514168056
73 260.610352501 32.1496668056
74 260.612644168 32.1496390278
75 260.615060835 32.1496390278
76 260.617477502 32.1496390278
77 260.619852501 32.1496668056
78 260.622185835 32.1496390278
79 260.624560833 32.1497223611
80 260.6268525 32.1497223611
81 260.6292275 32.1496945833
82 260.631644168 32.1496668056
83 260.6339775 32.1496945833
84 260.636352502 32.14961125
85 260.638685834 32.1496668056
86 260.641019167 32.1496945833
87 260.643394166 32.1497223611
88 260.611519211 32.1478890278
89 260.613894211 32.1478890278
90 260.616269209 32.1479723611
91 260.618602544 32.1479168056
92 260.620977544 32.1479168056
93 260.62339421 32.1479445833
94 260.625685876 32.1479445833
95 260.628019211 32.1479168056
96 260.630477542 32.1479723611
97 260.632810877 32.1479168056
98 260.635102542 32.1479723611
99 260.637519208 32.1480001389
100 260.63989421 32.1479445833
101 260.642144208 32.1480279167
102 260.610394253 32.1461668056
103 260.612727587 32.1461390278
104 260.615102586 32.1461945833
105 260.617477585 32.1462501389
106 260.619810918 32.1462501389
107 260.622185919 32.1461945833
108 260.624560919 32.1461945833
109 260.626852585 32.1462501389
110 260.629310919 32.1461945833
111 260.631602585 32.1462501389
112 260.633894251 32.1462779167
113 260.636352585 32.1462223611
114 260.638644253 32.1461945833
115 260.641102585 32.1462223611
116 260.643394253 32.1461945833
117 260.611519294 32.1445001389
118 260.613894295 32.1444723611
119 260.616310961 32.1444723611
120 260.618602629 32.1444445833
121 260.620977627 32.1445001389
122 260.623352625 32.1445834722
123 260.625644293 32.1445556944
124 260.628019294 32.1445001389
125 260.63043596 32.1445279167
126 260.632810959 32.1445556944
127 260.635102627 32.1445279167
128 260.637519293 32.1445556944
129 260.639852626 32.1445556944
130 260.64218596 32.1445279167
131 260.610394336 32.1427779167
132 260.612769336 32.1427779167
133 260.615144335 32.1428334722
134 260.61747767 32.1427501389
135 260.61985267 32.1427501389
136 260.622186002 32.1428056944
137 260.624561004 32.1427501389
138 260.626894336 32.1427779167
139 260.629311003 32.1427779167
140 260.631644336 32.1428056944
141 260.634019335 32.1428334722
142 260.636311002 32.1428056944
143 260.638686002 32.1428056944
144 260.641102669 32.1428056944
145 260.643394335 32.1428334722
146 260.611602714 32.1409723611
147 260.61389438 32.1410001389
148 260.616227712 32.1410279167
149 260.618602712 32.1410279167
150 260.621019378 32.1410556944
151 260.623352711 32.1410834722
152 260.625727712 32.1410279167
153 260.62810271 32.14111125
154 260.630436044 32.1410834722
155 260.632769379 32.1410279167
156 260.635144379 32.1410279167
157 260.63747771 32.14111125
158 260.639769378 32.1410834722
159 260.642227712 32.1410556944
160 260.610352754 32.1393334722
161 260.612727755 32.1393056944
162 260.615144421 32.1393056944
163 260.617477755 32.1393056944
164 260.619852755 32.1393056944
165 260.622227755 32.1393056944
166 260.624602755 32.1393056944
167 260.626936086 32.13936125
168 260.62926942 32.13936125
169 260.631727752 32.1393890278
170 260.633936087 32.1393334722
171 260.636352753 32.13936125
172 260.638686086 32.1393890278
173 260.641102755 32.1392779167
174 260.643477755 32.1393056944
175 260.611561129 32.1376390278
176 260.613894462 32.1376390278
177 260.616311129 32.1376390278
178 260.618644464 32.1375556944
179 260.621019463 32.13761125
180 260.623394461 32.1376945833
181 260.625769462 32.1376390278
182 260.628144461 32.1376668056
183 260.630477796 32.13761125
184 260.632769461 32.1376668056
185 260.635186129 32.13761125
186 260.637519461 32.1376668056
187 260.639894461 32.1376945833
188 260.642186128 32.1376668056
189 260.61047784 32.1358056944
190 260.612769506 32.1358334722
191 260.615144505 32.1358890278
192 260.617477839 32.13586125
193 260.619852838 32.1358890278
194 260.622186171 32.1359168056
195 260.624561172 32.13586125
196 260.626936171 32.1359168056
197 260.629269505 32.1358890278
198 260.631644505 32.1358890278
199 260.634019503 32.1359723611
200 260.636352838 32.1358890278
201 260.638769504 32.1359168056
202 260.641019505 32.1358890278
203 260.643436169 32.1360001389
204 260.611519548 32.1341390278
205 260.613894548 32.13411125
206 260.616269548 32.1341390278
207 260.618644547 32.1341668056
208 260.62097788 32.1341668056
209 260.623394547 32.1341668056
210 260.625644548 32.13411125
211 260.628144548 32.13411125
212 260.630394548 32.1341390278
213 260.63285288 32.1341668056
214 260.635061213 32.1341945833
215 260.637519546 32.1341945833
216 260.639936213 32.1341945833
217 260.642269547 32.1341668056
218 260.61039459 32.1323890278
219 260.61276959 32.1323890278
220 260.615186256 32.1324168056
221 260.617436256 32.1324168056
222 260.619852922 32.1324445833
223 260.622186256 32.1324168056
224 260.62451959 32.1323890278
225 260.626936256 32.1324445833
226 260.629227922 32.1324445833
227 260.631686256 32.1324168056
228 260.633977922 32.1324445833
229 260.636352921 32.1325001389
230 260.638727921 32.1325001389
231 260.641102922 32.1324445833
232 260.643394589 32.1324445833
233 260.611519632 32.1306945833
234 260.613894632 32.1306945833
235 260.616311296 32.1307779167
236 260.618686299 32.1306668056
237 260.621061296 32.1307779167
238 260.623352965 32.1306945833
239 260.625686298 32.1307223611
240 260.628061298 32.1307223611
241 260.630436298 32.1306945833
242 260.632811298 32.1307223611
243 260.635227964 32.1307501389
244 260.63751963 32.1307501389
245 260.639852963 32.1307779167
246 260.642269629 32.1308056944
