1 260.611519618 32.1312501389
2 260.61389462 32.1311945833
3 260.616269617 32.1313056944
4 260.618602951 32.1312779167
5 260.620894617 32.1312779167
6 260.623352952 32.1312223611
7 260.625727949 32.1313334722
8 260.628061286 32.1312223611
9 260.630352949 32.1313334722
10 260.632811284 32.1312779167
11 260.635102949 32.1313334722
12 260.637436283 32.1313334722
13 260.639769617 32.1313056944
14 260.642144617 32.1312779167
15 260.610436328 32.1294723611
16 260.612686328 32.1295001389
17 260.615061326 32.1295556944
18 260.617394659 32.1295834722
19 260.61976966 32.1295279167
20 260.622144661 32.1295001389
21 260.624519662 32.1294723611
22 260.626852994 32.1295001389
23 260.629186326 32.1295834722
24 260.631477993 32.1295556944
25 260.633936327 32.1295279167
26 260.63626966 32.1295556944
27 260.63864466 32.1295556944
28 260.641061326 32.1295556944
29 260.643352994 32.1295279167
30 260.611561369 32.1278056944
31 260.613853036 32.1278056944
32 260.616228038 32.1277223611
33 260.618561369 32.1278056944
34 260.62093637 32.1277501389
35 260.623353036 32.1277779167
36 260.625686368 32.12786125
37 260.628061368 32.12786125
38 260.630394703 32.1277779167
39 260.632811368 32.12786125
40 260.635144702 32.1278056944
41 260.63743637 32.1277779167
42 260.639853035 32.1278334722
43 260.642228034 32.1278890278
44 260.610311412 32.1260556944
45 260.612728078 32.1260556944
46 260.615061412 32.1260556944
47 260.617436412 32.1260556944
48 260.619811411 32.1260834722
49 260.622103078 32.1260834722
50 260.624519745 32.1260556944
51 260.62693641 32.12611125
52 260.629269744 32.1260834722
53 260.631644744 32.1260834722
54 260.633978077 32.12611125
55 260.636269744 32.1260834722
56 260.638644745 32.1260556944
57 260.641019743 32.1261390278
58 260.643436412 32.1260556944
59 260.611519786 32.1243890278
60 260.613894787 32.12436125
61 260.616311453 32.1243890278
62 260.618644787 32.12436125
63 260.620894786 32.1243890278
64 260.623311454 32.1243334722
65 260.625686453 32.12436125
66 260.628061453 32.1243890278
67 260.630394785 32.1244445833
68 260.632769785 32.1244168056
69 260.635186452 32.1244168056
70 260.637519785 32.1244168056
71 260.639853119 32.1244168056
72 260.642269786 32.1243890278
73 260.610353162 32.1226390278
74 260.612686495 32.1226390278
75 260.615061495 32.1226390278
76 260.617478162 32.1226390278
77 260.619853162 32.1226390278
78 260.622186495 32.1226390278
79 260.624561494 32.1226945833
80 260.626853161 32.1226945833
81 260.629228161 32.1226668056
82 260.631644829 32.1226390278
83 260.633978161 32.1226668056
84 260.636353163 32.12261125
85 260.638644829 32.1226390278
86 260.641019828 32.1226668056
87 260.643394827 32.1226945833
88 260.611519872 32.12086125
89 260.613894872 32.12086125
90 260.61626987 32.1209445833
91 260.618603205 32.1208890278
92 260.620978205 32.1208890278
93 260.623394871 32.1209168056
94 260.625686537 32.1209168056
95 260.628019871 32.1208890278
96 260.630478203 32.1209445833
97 260.632811538 32.1208890278
98 260.635103203 32.1209445833
99 260.637519869 32.1209723611
100 260.63989487 32.1209445833
101 260.642144869 32.1210001389
102 260.61043658 32.1191668056
103 260.612728248 32.1191390278
104 260.615144914 32.1191668056
105 260.617478245 32.1192223611
106 260.619811579 32.1192223611
107 260.622186579 32.1191945833
108 260.62456158 32.1191668056
109 260.626853245 32.1192223611
110 260.62931158 32.1191668056
111 260.631603245 32.1192223611
112 260.633894911 32.1192779167
113 260.636353246 32.1191945833
114 260.638644914 32.1191668056
115 260.641103246 32.1191945833
116 260.643394913 32.1191945833
117 260.611519955 32.1174723611
118 260.613894956 32.1174445833
119 260.616311622 32.1174445833
120 260.618603289 32.1174445833
121 260.620978288 32.1174723611
122 260.623353286 32.1175556944
123 260.625644954 32.1175279167
124 260.628019955 32.1174723611
125 260.630436621 32.1175001389
126 260.63281162 32.1175556944
127 260.635103288 32.1175001389
128 260.637519954 32.1175279167
129 260.639853287 32.1175279167
130 260.642186621 32.1175001389
131 260.610394997 32.1157501389
132 260.612769996 32.1157779167
133 260.615144996 32.1158056944
134 260.617478331 32.1157223611
135 260.619853331 32.1157223611
136 260.622186663 32.1157779167
137 260.624561664 32.1157223611
138 260.626894996 32.1157779167
139 260.629311664 32.1157501389
140 260.631644996 32.1157779167
141 260.634019996 32.1158056944
142 260.636311663 32.1157779167
143 260.638686663 32.1157779167
144 260.641103329 32.1158056944
145 260.643394996 32.1158056944
146 260.611603374 32.1139445833
147 260.61389504 32.1139723611
148 260.616228373 32.1140001389
149 260.618603373 32.1140001389
150 260.621020039 32.1140279167
151 260.623353372 32.1140556944
152 260.625728373 32.1140001389
153 260.628103371 32.1140834722
154 260.630436705 32.1140556944
155 260.63277004 32.1140001389
156 260.635145039 32.1140279167
157 260.637478371 32.1140834722
158 260.639770038 32.1140556944
159 260.642228372 32.1140556944
160 260.610353414 32.1123056944
161 260.612728415 32.1122779167
162 260.615145082 32.1122779167
163 260.617478414 32.1123056944
164 260.619895082 32.1122779167
165 260.622228415 32.1122779167
166 260.624603414 32.1123056944
167 260.626936747 32.1123334722
168 260.62927008 32.1123334722
169 260.631728413 32.11236125
170 260.633936748 32.1123056944
171 260.636353413 32.11236125
172 260.638686746 32.1123890278
173 260.641103416 32.1122501389
174 260.643436748 32.1123056944
175 260.611561789 32.11061125
176 260.613895123 32.11061125
177 260.616311789 32.11061125
178 260.618645124 32.1105556944
179 260.621020123 32.1105834722
180 260.623395121 32.1106668056
181 260.625770123 32.11061125
182 260.628145122 32.1106390278
183 260.63043679 32.1105834722
184 260.632770122 32.1106390278
185 260.635145123 32.11061125
186 260.637520122 32.1106390278
187 260.639895121 32.1106668056
188 260.642186788 32.1106390278
189 260.610478501 32.1087779167
190 260.612770166 32.1088334722
191 260.615145165 32.10886125
192 260.617478499 32.10886125
193 260.619853498 32.1088890278
194 260.622186831 32.1088890278
195 260.624561833 32.1088334722
196 260.626936831 32.1088890278
197 260.629270165 32.10886125
198 260.631645165 32.1088890278
199 260.634020163 32.1089445833
200 260.636353498 32.1088890278
201 260.638770165 32.1088890278
202 260.641020165 32.1088890278
203 260.643436829 32.1089723611
204 260.611561875 32.10711125
205 260.613895209 32.1070834722
206 260.616270208 32.10711125
207 260.618645207 32.1071390278
208 260.620978541 32.1071390278
209 260.623395207 32.1071668056
210 260.625645208 32.10711125
211 260.628145209 32.1070834722
212 260.630395207 32.1071390278
213 260.63285354 32.1071668056
214 260.635061873 32.1071945833
215 260.637520207 32.1071668056
216 260.639936873 32.1071668056
217 260.642270207 32.1071668056
218 260.610395251 32.10536125
219 260.612770251 32.10536125
220 260.615186917 32.1053890278
221 260.617436917 32.1053890278
222 260.619853583 32.1054168056
223 260.622186916 32.1054168056
224 260.624520251 32.10536125
225 260.626936916 32.1054168056
226 260.629228583 32.1054168056
227 260.631686917 32.1053890278
228 260.633978582 32.1054445833
229 260.636353581 32.1054723611
230 260.638728581 32.1055001389
231 260.641103583 32.1054168056
232 260.643395249 32.1054445833
233 260.611520291 32.1036945833
234 260.613895292 32.1036668056
235 260.616311957 32.1037501389
236 260.618686959 32.1036390278
237 260.621061957 32.1037501389
238 260.623353625 32.1036668056
239 260.625686958 32.1036945833
240 260.628061958 32.1036945833
241 260.630436959 32.1036668056
242 260.632811958 32.1036945833
243 260.635228624 32.1037223611
244 260.637520291 32.1037223611
245 260.639853623 32.1037501389
246 260.642270289 32.1037779167
