1 260.61151893 32.1593890278
2 260.613852264 32.1593334722
3 260.616268929 32.1594168056
4 260.618602262 32.1594168056
5 260.620893929 32.1594168056
6 260.623352264 32.15936125
7 260.625727261 32.1594723611
8 260.62801893 32.15936125
9 260.630352261 32.1594723611
10 260.632810596 32.1594168056
11 260.635102261 32.1594723611
12 260.637477261 32.1594723611
13 260.639768928 32.1594445833
14 260.642143929 32.1594168056
15 260.61043564 32.15761125
16 260.612643973 32.1576390278
17 260.615018972 32.1576668056
18 260.617352304 32.1577223611
19 260.619768972 32.1576668056
20 260.622143973 32.1576390278
21 260.624518973 32.15761125
22 260.626852307 32.15761125
23 260.629185638 32.1576945833
24 260.631477305 32.1576945833
25 260.633935639 32.1576390278
26 260.636268971 32.1576945833
27 260.638643971 32.1576945833
28 260.641060638 32.1576945833
29 260.643352305 32.1576668056
30 260.611560681 32.1559445833
31 260.613852347 32.1559445833
32 260.616185683 32.15586125
33 260.618560681 32.1559445833
34 260.620935682 32.1558890278
35 260.623352349 32.1558890278
36 260.625685679 32.1560001389
37 260.62806068 32.1559723611
38 260.630394015 32.1559168056
39 260.632810679 32.1560001389
40 260.635144014 32.1559445833
41 260.637435681 32.1559168056
42 260.639852347 32.1559445833
43 260.642227346 32.1560001389
44 260.610310724 32.1541945833
45 260.61272739 32.1541945833
46 260.615060724 32.1541668056
47 260.617435724 32.1541945833
48 260.619810723 32.1542223611
49 260.62210239 32.1542223611
50 260.624519057 32.1541945833
51 260.626894056 32.1542223611
52 260.629269057 32.1541945833
53 260.631644057 32.1541945833
54 260.633977389 32.1542501389
55 260.636269056 32.1542223611
56 260.638644057 32.1541945833
57 260.641019056 32.1542501389
58 260.643435724 32.1541945833
59 260.611519098 32.1525001389
60 260.613894098 32.1525001389
61 260.616310764 32.1525279167
62 260.618644098 32.1525001389
63 260.620894098 32.1525279167
64 260.623310766 32.1524723611
65 260.625685765 32.1525001389
66 260.628060764 32.1525279167
67 260.630394097 32.1525556944
68 260.632769098 32.1525279167
69 260.635185764 32.1525556944
70 260.637519098 32.1525279167
71 260.639852431 32.1525279167
72 260.642269098 32.1525279167
73 260.610352474 32.1507779167
74 260.612644141 32.1507501389
75 260.61501914 32.1507779167
76 260.617435807 32.1507779167
77 260.619852474 32.1507779167
78 260.622185807 32.1507779167
79 260.624560806 32.1508334722
80 260.626852472 32.1508334722
81 260.629227473 32.1508056944
82 260.63164414 32.1507779167
83 260.633977473 32.1508056944
84 260.636352475 32.1507223611
85 260.63864414 32.1507779167
86 260.64101914 32.1508056944
87 260.643394139 32.1508334722
88 260.611519184 32.1490001389
89 260.613894184 32.1490001389
90 260.616269182 32.1490834722
91 260.618602517 32.1490279167
92 260.620977517 32.1490279167
93 260.623394183 32.1490556944
94 260.625685849 32.1490556944
95 260.628019183 32.1490279167
96 260.630477515 32.1490834722
97 260.63281085 32.1490279167
98 260.635102515 32.1490834722
99 260.637519181 32.14911125
100 260.639894182 32.1490834722
101 260.642144181 32.1491390278
102 260.610394226 32.1472779167
103 260.61272756 32.1472501389
104 260.615102559 32.1473056944
105 260.617477557 32.14736125
106 260.619810891 32.14736125
107 260.622185892 32.1473056944
108 260.624560892 32.1473056944
109 260.626852557 32.14736125
110 260.629310892 32.1473056944
111 260.631560891 32.14736125
112 260.633894223 32.1473890278
113 260.636352558 32.1473334722
114 260.638644225 32.1473056944
115 260.641102558 32.1473334722
116 260.643394225 32.1473056944
117 260.611519267 32.14561125
118 260.613894268 32.1455834722
119 260.616269268 32.1455834722
120 260.618602602 32.1455556944
121 260.6209776 32.14561125
122 260.623352598 32.1456945833
123 260.625644266 32.1456668056
124 260.628019267 32.14561125
125 260.630435933 32.1456390278
126 260.632810932 32.1456668056
127 260.6351026 32.1456390278
128 260.637519266 32.1456668056
129 260.639852599 32.1456668056
130 260.642185933 32.1456390278
131 260.610394309 32.1438890278
132 260.612769309 32.1438890278
133 260.615144308 32.1439445833
134 260.617477643 32.14386125
135 260.619852643 32.14386125
136 260.622185975 32.1439168056
137 260.62451931 32.14386125
138 260.626894309 32.1438890278
139 260.629310976 32.1438890278
140 260.631644308 32.1439168056
141 260.634019308 32.1439445833
142 260.636310975 32.1439168056
143 260.638685975 32.1439168056
144 260.641102641 32.1439445833
145 260.643394308 32.1439445833
146 260.61156102 32.1420834722
147 260.613894353 32.14211125
148 260.616227685 32.1421390278
149 260.618602685 32.1421390278
150 260.621019351 32.1421668056
151 260.623352684 32.1421945833
152 260.625727685 32.1421390278
153 260.628102683 32.1422223611
154 260.630436017 32.1421945833
155 260.632769352 32.1421390278
156 260.635144351 32.1421668056
157 260.637477683 32.1422223611
158 260.639769351 32.1421945833
159 260.642227685 32.1421668056
160 260.610352727 32.1404445833
161 260.612727727 32.1404168056
162 260.615144394 32.1404168056
163 260.617477727 32.1404168056
164 260.619852727 32.1404168056
165 260.622227727 32.1404168056
166 260.624602727 32.1404168056
167 260.626936059 32.1404723611
168 260.629269393 32.1404723611
169 260.631727725 32.1405001389
170 260.63393606 32.1404445833
171 260.636352725 32.1405001389
172 260.638686059 32.1405001389
173 260.641102728 32.1403890278
174 260.643477727 32.1404168056
175 260.611561101 32.1387501389
176 260.613894435 32.1387501389
177 260.616269435 32.1387501389
178 260.618644437 32.1386668056
179 260.621019435 32.1387223611
180 260.623394433 32.1388056944
181 260.625769435 32.1387501389
182 260.628144434 32.1387779167
183 260.630436102 32.1387223611
184 260.632769434 32.1387779167
185 260.635144435 32.1387223611
186 260.637519434 32.1387779167
187 260.639894433 32.1388056944
188 260.642186101 32.1387779167
189 260.610477813 32.1369168056
190 260.612769479 32.1369445833
191 260.615144478 32.1370001389
192 260.617477811 32.1370001389
193 260.61985281 32.1370279167
194 260.622186144 32.1370279167
195 260.624561145 32.1369723611
196 260.626936144 32.1370279167
197 260.629269478 32.1370001389
198 260.631644478 32.1370001389
199 260.634019476 32.1370834722
200 260.636352811 32.1370001389
201 260.638769477 32.1370279167
202 260.641019477 32.1370279167
203 260.643436142 32.13711125
204 260.61151952 32.1352501389
205 260.613894521 32.1352223611
206 260.61626952 32.1352501389
207 260.61864452 32.1352779167
208 260.620977853 32.1352779167
209 260.623394519 32.1353056944
210 260.625644521 32.1352223611
211 260.628144521 32.1352223611
212 260.63039452 32.1352501389
213 260.632852853 32.1352779167
214 260.635061185 32.1353334722
215 260.637519519 32.1353056944
216 260.639936186 32.1353056944
217 260.64226952 32.1352779167
218 260.610394563 32.1335001389
219 260.612769563 32.1335001389
220 260.615186229 32.1335279167
221 260.617436229 32.1335279167
222 260.619852895 32.1335556944
223 260.622186228 32.1335556944
224 260.624519563 32.1335001389
225 260.626936228 32.1335556944
226 260.629227895 32.1335556944
227 260.631686229 32.1335279167
228 260.633977894 32.1335834722
229 260.636352894 32.13361125
230 260.638727894 32.13361125
231 260.641102895 32.1335556944
232 260.643394562 32.1335556944
233 260.611519605 32.1318056944
234 260.613894605 32.1318056944
235 260.616269603 32.1318890278
236 260.618686272 32.1317779167
237 260.621061269 32.1318890278
238 260.623352938 32.1318056944
239 260.625686271 32.1318334722
240 260.628019604 32.1318334722
241 260.630436271 32.1318056944
242 260.632811271 32.1318334722
243 260.635227937 32.13186125
244 260.637519603 32.13186125
245 260.639852936 32.1318890278
246 260.642269602 32.1319168056
