1 260.610352938 32.1318056944
2 260.612686273 32.1317501389
3 260.615102937 32.13186125
4 260.617436271 32.1318334722
5 260.619727937 32.1318334722
6 260.622186272 32.1317779167
7 260.624561269 32.1318890278
8 260.626852939 32.1317779167
9 260.629186269 32.1318890278
10 260.631602937 32.1318334722
11 260.633936269 32.1318890278
12 260.636269603 32.1318890278
13 260.638602937 32.13186125
14 260.640977937 32.1318334722
15 260.609227981 32.1300279167
16 260.611477981 32.1300556944
17 260.613852979 32.13011125
18 260.616186312 32.1301390278
19 260.618561313 32.1300834722
20 260.620977981 32.1300556944
21 260.623311315 32.1300279167
22 260.625644647 32.1300556944
23 260.628019645 32.1301390278
24 260.630269646 32.13011125
25 260.632727981 32.1300556944
26 260.635102979 32.13011125
27 260.637477979 32.13011125
28 260.639894646 32.13011125
29 260.642144647 32.1300834722
30 260.610353022 32.12836125
31 260.612644689 32.12836125
32 260.615019691 32.1282779167
33 260.617394689 32.12836125
34 260.61976969 32.1283056944
35 260.622144689 32.1283334722
36 260.624478021 32.1284168056
37 260.626853021 32.1284168056
38 260.629186356 32.1283334722
39 260.631603021 32.1284168056
40 260.633978022 32.12836125
41 260.636228023 32.1283334722
42 260.638686355 32.1283890278
43 260.641019687 32.1284445833
44 260.609144732 32.12661125
45 260.611519732 32.12661125
46 260.613853065 32.12661125
47 260.616269732 32.12661125
48 260.618603064 32.1266390278
49 260.620936398 32.1266390278
50 260.623353065 32.12661125
51 260.625728064 32.1266668056
52 260.628061398 32.1266390278
53 260.630478064 32.1266390278
54 260.63276973 32.1266668056
55 260.635103064 32.1266390278
56 260.637436398 32.12661125
57 260.639811396 32.1266945833
58 260.642228065 32.12661125
59 260.610353106 32.1249445833
60 260.612728106 32.1249168056
61 260.615103106 32.1249445833
62 260.61743644 32.1249168056
63 260.619728106 32.1249445833
64 260.622144774 32.1248890278
65 260.624478106 32.1249168056
66 260.626853106 32.1249445833
67 260.629186438 32.1250001389
68 260.631561439 32.1249445833
69 260.634019772 32.1249723611
70 260.636353105 32.1249723611
71 260.638686438 32.1249723611
72 260.641061439 32.1249445833
73 260.609186482 32.1231945833
74 260.611478148 32.1231945833
75 260.613853148 32.1231945833
76 260.616269815 32.1231945833
77 260.618644815 32.1231945833
78 260.620978148 32.1231945833
79 260.623353147 32.1232501389
80 260.625644814 32.1232501389
81 260.628061481 32.1232223611
82 260.630436482 32.1231945833
83 260.632769814 32.1232223611
84 260.635144816 32.1231668056
85 260.637478148 32.1231945833
86 260.639811481 32.1232223611
87 260.64218648 32.1232501389
88 260.610353192 32.1214168056
89 260.612686525 32.1214168056
90 260.615061523 32.1215001389
91 260.617394858 32.1214445833
92 260.619769858 32.1214445833
93 260.622186524 32.1214723611
94 260.62447819 32.1214723611
95 260.626811525 32.1214445833
96 260.629269856 32.1215001389
97 260.631603191 32.1214445833
98 260.633936523 32.1215001389
99 260.636311522 32.1215279167
100 260.63872819 32.1215001389
101 260.640936522 32.1215556944
102 260.609228233 32.1197223611
103 260.611561568 32.1196668056
104 260.613936567 32.1197223611
105 260.616269899 32.1197779167
106 260.618644899 32.1197779167
107 260.620978233 32.1197501389
108 260.623353233 32.1197223611
109 260.625686565 32.1197779167
110 260.628103233 32.1197223611
111 260.630394899 32.1197779167
112 260.632728231 32.1198056944
113 260.635186566 32.1197501389
114 260.637436567 32.1197223611
115 260.639894899 32.1197501389
116 260.642228233 32.1197223611
117 260.610353275 32.1180279167
118 260.612728275 32.1180001389
119 260.615103275 32.1180001389
120 260.617394942 32.1180001389
121 260.619811608 32.1180279167
122 260.622186606 32.11811125
123 260.624436607 32.1180834722
124 260.626811608 32.1180279167
125 260.629269941 32.1180556944
126 260.631603273 32.11811125
127 260.633894941 32.1180556944
128 260.636311607 32.1180834722
129 260.638686607 32.1180834722
130 260.640978274 32.1180556944
131 260.609228317 32.1163056944
132 260.611561649 32.1163334722
133 260.613978315 32.11636125
134 260.616311651 32.1162779167
135 260.618644984 32.1162779167
136 260.620978316 32.1163334722
137 260.623353317 32.1162779167
138 260.625728316 32.1163334722
139 260.628103317 32.1163056944
140 260.630478316 32.1163334722
141 260.632811649 32.11636125
142 260.635103316 32.1163334722
143 260.637519983 32.1163334722
144 260.639894982 32.11636125
145 260.642228315 32.11636125
146 260.610395028 32.1145001389
147 260.61272836 32.1145279167
148 260.615061693 32.1145556944
149 260.617395026 32.1145556944
150 260.619853359 32.1145834722
151 260.622145025 32.11461125
152 260.624520026 32.1145556944
153 260.626936691 32.1146390278
154 260.629270025 32.11461125
155 260.631561693 32.1145556944
156 260.633936692 32.1145834722
157 260.636270024 32.1146390278
158 260.638603358 32.11461125
159 260.641020025 32.11461125
160 260.609145068 32.11286125
161 260.611561735 32.1128334722
162 260.613978402 32.1128334722
163 260.616270068 32.11286125
164 260.618686735 32.1128334722
165 260.621020068 32.1128334722
166 260.623395068 32.1128334722
167 260.6257284 32.1128890278
168 260.6281034 32.1128890278
169 260.630520066 32.1129168056
170 260.632770068 32.11286125
171 260.635145066 32.1129168056
172 260.637520066 32.1129445833
173 260.639895069 32.1128056944
174 260.642270068 32.11286125
175 260.610353442 32.1111668056
176 260.612686776 32.1111668056
177 260.615103442 32.1111668056
178 260.617478444 32.1110834722
179 260.619811776 32.1111390278
180 260.622186774 32.1112223611
181 260.624561776 32.1111668056
182 260.626936775 32.1111945833
183 260.62927011 32.1111390278
184 260.631603442 32.1111945833
185 260.633978442 32.1111668056
186 260.636311775 32.1111945833
187 260.638728441 32.1112223611
188 260.641020108 32.1111945833
189 260.609270154 32.1093334722
190 260.611603486 32.1093890278
191 260.613936818 32.1094168056
192 260.616311818 32.1094168056
193 260.618686818 32.1094445833
194 260.620978484 32.1094445833
195 260.623353486 32.1093890278
196 260.625728484 32.1094445833
197 260.628061818 32.1094168056
198 260.630478484 32.1094445833
199 260.632853483 32.1095001389
200 260.635186818 32.1094445833
201 260.637561818 32.1094445833
202 260.639811818 32.1094445833
203 260.642228482 32.1095279167
204 260.610353528 32.1076668056
205 260.612728528 32.1076390278
206 260.615103528 32.1076668056
207 260.61743686 32.1076945833
208 260.619770194 32.1076945833
209 260.62218686 32.1077223611
210 260.624436862 32.1076390278
211 260.626936862 32.1076390278
212 260.62918686 32.1076945833
213 260.631645193 32.1077223611
214 260.633895192 32.1077501389
215 260.63631186 32.1077223611
216 260.638728526 32.1077223611
217 260.64106186 32.1077223611
218 260.60922857 32.1059168056
219 260.61160357 32.1059168056
220 260.614020236 32.1059445833
221 260.61622857 32.1059445833
222 260.618645236 32.1059723611
223 260.620978569 32.1059723611
224 260.62335357 32.1059168056
225 260.625728569 32.1059723611
226 260.628061902 32.1059723611
227 260.63047857 32.1059445833
228 260.632770235 32.1060001389
229 260.635186901 32.1060279167
230 260.637520234 32.1060556944
231 260.639895236 32.1059723611
232 260.642186902 32.1060001389
233 260.610311945 32.1042501389
234 260.612686945 32.1042223611
235 260.61510361 32.1043056944
236 260.617520279 32.1041945833
237 260.619895276 32.1043056944
238 260.622145279 32.1042223611
239 260.624478611 32.1042501389
240 260.626853611 32.1042501389
241 260.629270279 32.1042223611
242 260.631645278 32.1042501389
243 260.634020277 32.1042779167
244 260.636353611 32.1042779167
245 260.638686943 32.1043056944
246 260.641061942 32.1043334722
