1 260.610352277 32.1588334722
2 260.612685611 32.1587779167
3 260.615102276 32.15886125
4 260.617435609 32.15886125
5 260.619727276 32.15886125
6 260.622143944 32.1588056944
7 260.624560609 32.1588890278
8 260.626852278 32.1587779167
9 260.629185608 32.1589168056
10 260.631602276 32.15886125
11 260.633935608 32.1589168056
12 260.636268941 32.1589168056
13 260.638602275 32.1588890278
14 260.640977276 32.15886125
15 260.609227321 32.1570279167
16 260.611477319 32.1570834722
17 260.613852319 32.15711125
18 260.616185651 32.1571668056
19 260.618560652 32.15711125
20 260.620977319 32.1570834722
21 260.623310654 32.1570556944
22 260.625643987 32.1570556944
23 260.628018985 32.1571390278
24 260.630268985 32.1571390278
25 260.632727319 32.1570834722
26 260.635102318 32.1571390278
27 260.637477318 32.1571390278
28 260.639893985 32.15711125
29 260.642143985 32.15711125
30 260.610352362 32.15536125
31 260.612644028 32.1553890278
32 260.61501903 32.1553056944
33 260.617394028 32.1553890278
34 260.619769029 32.1553334722
35 260.622144029 32.1553334722
36 260.62447736 32.1554445833
37 260.62685236 32.1554168056
38 260.629185695 32.15536125
39 260.63160236 32.1554445833
40 260.633977361 32.1553890278
41 260.636227362 32.15536125
42 260.638685694 32.1553890278
43 260.641019026 32.1554445833
44 260.609144071 32.15361125
45 260.61151907 32.1536390278
46 260.613852404 32.15361125
47 260.61626907 32.1536390278
48 260.618602403 32.1536668056
49 260.62089407 32.1536668056
50 260.623352404 32.15361125
51 260.625727403 32.1536668056
52 260.628060737 32.1536390278
53 260.630477404 32.1536390278
54 260.63276907 32.1536668056
55 260.635102403 32.1536668056
56 260.637435737 32.1536390278
57 260.639810736 32.1536945833
58 260.642227404 32.1536390278
59 260.610310779 32.1519445833
60 260.612727445 32.1519445833
61 260.615102445 32.1519723611
62 260.617435779 32.1519168056
63 260.619727445 32.1519723611
64 260.622144113 32.1519168056
65 260.624477445 32.1519445833
66 260.626852445 32.1519723611
67 260.629185777 32.1520001389
68 260.631560778 32.1519723611
69 260.634019111 32.1520001389
70 260.636352445 32.1519723611
71 260.638685778 32.1519723611
72 260.641060778 32.1519723611
73 260.609185821 32.1502223611
74 260.611477488 32.1501945833
75 260.613852488 32.1501945833
76 260.616269155 32.1501945833
77 260.618644154 32.1502223611
78 260.620977488 32.1501945833
79 260.623352486 32.1502779167
80 260.625644153 32.1502779167
81 260.62806082 32.1502501389
82 260.630435821 32.1502223611
83 260.63281082 32.1502501389
84 260.635144155 32.1501668056
85 260.637477487 32.1502223611
86 260.639852487 32.1502501389
87 260.642185819 32.1502779167
88 260.610310864 32.1484445833
89 260.612685864 32.1484445833
90 260.615060862 32.1485279167
91 260.617394197 32.1484723611
92 260.619769197 32.1484723611
93 260.622185863 32.1485001389
94 260.62447753 32.1485001389
95 260.626810864 32.1484445833
96 260.629269196 32.1485279167
97 260.63160253 32.1484723611
98 260.633935862 32.1485279167
99 260.636310862 32.1485556944
100 260.63872753 32.1485001389
101 260.640935861 32.1485834722
102 260.609227573 32.1467223611
103 260.611560907 32.1466945833
104 260.613935906 32.1467501389
105 260.616269238 32.1468056944
106 260.618644238 32.1468056944
107 260.620977572 32.1467501389
108 260.623352572 32.1467501389
109 260.625685904 32.1468056944
110 260.628102572 32.1467501389
111 260.630394238 32.1468056944
112 260.63272757 32.1468334722
113 260.635185905 32.1467779167
114 260.637435906 32.1467501389
115 260.639935905 32.1467779167
116 260.642227572 32.1467501389
117 260.610352614 32.1450556944
118 260.612727615 32.1450279167
119 260.615102615 32.1450279167
120 260.617394282 32.1450001389
121 260.619810947 32.1450556944
122 260.622185945 32.1451390278
123 260.624435946 32.14511125
124 260.626810947 32.1450556944
125 260.62926928 32.1450834722
126 260.631602612 32.14511125
127 260.63389428 32.1450834722
128 260.636352612 32.14511125
129 260.638685947 32.1450834722
130 260.640977613 32.1450834722
131 260.609227656 32.1433334722
132 260.611560989 32.1433334722
133 260.613935988 32.1433890278
134 260.61631099 32.1433056944
135 260.618644323 32.1433056944
136 260.620977655 32.14336125
137 260.623352657 32.1433056944
138 260.625685989 32.1433334722
139 260.628102656 32.1433334722
140 260.630477655 32.14336125
141 260.632810988 32.1433890278
142 260.635144322 32.14336125
143 260.637519322 32.14336125
144 260.639894322 32.14336125
145 260.642227655 32.1433890278
146 260.610394367 32.1415001389
147 260.612686033 32.1415556944
148 260.615061032 32.1415834722
149 260.617394365 32.1415834722
150 260.619852698 32.14161125
151 260.622144365 32.14161125
152 260.624519365 32.1415834722
153 260.62693603 32.1416668056
154 260.629269364 32.1416390278
155 260.631561032 32.1415834722
156 260.633936032 32.1415834722
157 260.636269363 32.1416668056
158 260.638602697 32.1416390278
159 260.641019365 32.14161125
160 260.609144407 32.1398890278
161 260.611519408 32.1398334722
162 260.613977741 32.13986125
163 260.616269408 32.13986125
164 260.618686074 32.13986125
165 260.621019408 32.13986125
166 260.623394408 32.13986125
167 260.62572774 32.1399168056
168 260.62810274 32.1399168056
169 260.630519406 32.1399445833
170 260.632769407 32.1398890278
171 260.635144406 32.1399168056
172 260.637519406 32.1399445833
173 260.639894408 32.1398334722
174 260.642269408 32.13986125
175 260.610352782 32.1381945833
176 260.612686115 32.1381945833
177 260.615102782 32.1381945833
178 260.617477784 32.13811125
179 260.619811116 32.1381668056
180 260.622186114 32.1382501389
181 260.624561115 32.1381945833
182 260.626936114 32.1382223611
183 260.629269449 32.1381668056
184 260.631602781 32.1382223611
185 260.633977782 32.1381668056
186 260.636311114 32.1382223611
187 260.63872778 32.1382501389
188 260.641019448 32.1382223611
189 260.609269493 32.13636125
190 260.611602826 32.1363890278
191 260.613936158 32.1364445833
192 260.616311158 32.1364168056
193 260.618686158 32.1364445833
194 260.620977824 32.1364445833
195 260.623352825 32.1364168056
196 260.625727824 32.1364723611
197 260.628061158 32.1364445833
198 260.630477824 32.1364445833
199 260.632852822 32.1365279167
200 260.635186158 32.1364445833
201 260.637561157 32.1364723611
202 260.639811158 32.1364445833
203 260.642269488 32.1365556944
204 260.610352867 32.1346945833
205 260.612727868 32.1346668056
206 260.615102867 32.1346945833
207 260.617436201 32.1346945833
208 260.619769533 32.1347223611
209 260.6221862 32.1347223611
210 260.624436201 32.1346668056
211 260.626936202 32.1346390278
212 260.629186201 32.1346945833
213 260.631644533 32.1347223611
214 260.633894533 32.1347501389
215 260.636311199 32.1347501389
216 260.638727866 32.1347501389
217 260.6410612 32.1347223611
218 260.60922791 32.1329445833
219 260.61160291 32.1329445833
220 260.614019576 32.1329723611
221 260.616227909 32.1329723611
222 260.618644575 32.1330001389
223 260.620977909 32.1329723611
224 260.62335291 32.1329445833
225 260.625727909 32.1330001389
226 260.628061242 32.1330001389
227 260.630477909 32.1329723611
228 260.632769575 32.1330001389
229 260.635186241 32.1330556944
230 260.637519574 32.1330556944
231 260.639894575 32.1330001389
232 260.642186242 32.1330001389
233 260.610311285 32.1312501389
234 260.612686285 32.1312501389
235 260.615102949 32.1313334722
236 260.617519619 32.1312223611
237 260.619894616 32.1313334722
238 260.622144618 32.1312501389
239 260.624477951 32.1312779167
240 260.626852951 32.1312779167
241 260.629269618 32.1312501389
242 260.631644617 32.1312779167
243 260.634019617 32.1313056944
244 260.63635295 32.1313056944
245 260.638686283 32.1313334722
246 260.641061282 32.13136125
