1 260.575269006 32.1562779167
2 260.577602341 32.1561945833
3 260.580019005 32.1563056944
4 260.582352339 32.1563056944
5 260.584644005 32.1563056944
6 260.58710234 32.1562501389
7 260.589477338 32.1563334722
8 260.591769007 32.1562223611
9 260.594102338 32.1563334722
10 260.596519005 32.1563056944
11 260.598852337 32.15636125
12 260.601185671 32.15636125
13 260.603519005 32.1563334722
14 260.605894005 32.1563056944
15 260.57414405 32.1544723611
16 260.576394049 32.1545001389
17 260.578769048 32.1545556944
18 260.58110238 32.15461125
19 260.583477382 32.1545279167
20 260.585894049 32.1545001389
21 260.58826905 32.1544723611
22 260.590602383 32.1545001389
23 260.592935714 32.1545834722
24 260.595227381 32.1545834722
25 260.597644049 32.1545279167
26 260.600019047 32.1545834722
27 260.602394047 32.1545834722
28 260.604810715 32.1545556944
29 260.607060715 32.1545556944
30 260.575269091 32.1528056944
31 260.577560757 32.1528334722
32 260.579935759 32.1527501389
33 260.582310757 32.1528334722
34 260.584685759 32.1527501389
35 260.587060758 32.1527779167
36 260.589394089 32.1528890278
37 260.591810756 32.15286125
38 260.594102425 32.1527779167
39 260.596560755 32.1528890278
40 260.59889409 32.1528334722
41 260.601144091 32.1528056944
42 260.603602424 32.1528334722
43 260.605935755 32.1528890278
44 260.5740608 32.1510556944
45 260.5764358 32.1510834722
46 260.5788108 32.1510556944
47 260.5811858 32.1510834722
48 260.583519132 32.15111125
49 260.585852466 32.1510834722
50 260.588269134 32.1510556944
51 260.590644132 32.15111125
52 260.593019133 32.1510834722
53 260.595394133 32.1510834722
54 260.597727466 32.15111125
55 260.600019132 32.15111125
56 260.602394133 32.1510834722
57 260.604727465 32.1511390278
58 260.607144133 32.1510834722
59 260.575269174 32.1493890278
60 260.577644174 32.1493890278
61 260.58006084 32.1494168056
62 260.582352508 32.14936125
63 260.584644174 32.1494168056
64 260.587060842 32.14936125
65 260.589435842 32.14936125
66 260.59181084 32.1494168056
67 260.594102506 32.1494445833
68 260.596519174 32.1494168056
69 260.59893584 32.1494445833
70 260.601269174 32.1494168056
71 260.603602507 32.1494168056
72 260.606019174 32.1493890278
73 260.57410255 32.1476668056
74 260.576394217 32.1476390278
75 260.578769217 32.1476390278
76 260.581185884 32.1476390278
77 260.58360255 32.1476668056
78 260.585894217 32.1476390278
79 260.588269216 32.1476945833
80 260.590602549 32.1476945833
81 260.592977549 32.1476945833
82 260.595394217 32.1476668056
83 260.59772755 32.1476668056
84 260.600102551 32.14761125
85 260.602394217 32.1476668056
86 260.604769217 32.1476668056
87 260.607144216 32.1476945833
88 260.57526926 32.1458890278
89 260.577602593 32.1458890278
90 260.580019258 32.1459723611
91 260.582310927 32.1458890278
92 260.584685926 32.1459168056
93 260.587144259 32.1459445833
94 260.589435925 32.1459445833
95 260.59176926 32.1458890278
96 260.594185925 32.1459723611
97 260.596560927 32.1458890278
98 260.598852591 32.1459723611
99 260.601269257 32.1460001389
100 260.603644259 32.1459445833
101 260.605894257 32.1460001389
102 260.574144302 32.1441668056
103 260.576477636 32.1441390278
104 260.578852635 32.1441945833
105 260.581227634 32.1442501389
106 260.583560967 32.1442501389
107 260.585935968 32.1441945833
108 260.588269302 32.1441945833
109 260.590602634 32.1442501389
110 260.593060968 32.1441945833
111 260.595310967 32.1442501389
112 260.5976443 32.1442779167
113 260.600102634 32.1442223611
114 260.602352635 32.1441945833
115 260.604852635 32.1441945833
116 260.607144302 32.1441945833
117 260.575269344 32.1424723611
118 260.577644344 32.1424445833
119 260.580019344 32.1424723611
120 260.582352678 32.1424445833
121 260.584727676 32.1425001389
122 260.587102674 32.1425834722
123 260.589394342 32.1425279167
124 260.591769343 32.1425001389
125 260.594186009 32.1425279167
126 260.596561008 32.1425556944
127 260.598852676 32.1425279167
128 260.601269342 32.1425556944
129 260.603602676 32.1425279167
130 260.605936009 32.1425279167
131 260.574144385 32.1407779167
132 260.576477718 32.1407779167
133 260.578894384 32.1408056944
134 260.581227719 32.1407501389
135 260.583602719 32.1407501389
136 260.585894384 32.1408056944
137 260.588269386 32.1407501389
138 260.590644385 32.1407779167
139 260.593061052 32.1407779167
140 260.595394384 32.1408056944
141 260.597769384 32.1408056944
142 260.600061051 32.1408056944
143 260.602436051 32.1408056944
144 260.604852718 32.1408056944
145 260.607144384 32.1408334722
146 260.575311097 32.1389445833
147 260.577644429 32.1389723611
148 260.579977761 32.1390279167
149 260.582311095 32.1390279167
150 260.584769428 32.1390279167
151 260.587061094 32.1390556944
152 260.589436095 32.1390001389
153 260.591852759 32.13911125
154 260.594186093 32.1390834722
155 260.596519429 32.1390001389
156 260.598894428 32.1390279167
157 260.601227759 32.13911125
158 260.603519427 32.1390834722
159 260.605977761 32.1390556944
160 260.574102803 32.1373334722
161 260.576477804 32.1372779167
162 260.57889447 32.1373056944
163 260.581227803 32.1373056944
164 260.583602804 32.1372779167
165 260.585936137 32.1373056944
166 260.588352803 32.1373056944
167 260.590686135 32.13736125
168 260.593019469 32.13736125
169 260.595436135 32.1373890278
170 260.597686136 32.1373334722
171 260.600102802 32.13736125
172 260.602436135 32.1373890278
173 260.604811138 32.1372501389
174 260.607186137 32.1373056944
175 260.575269511 32.1356390278
176 260.577602845 32.13561125
177 260.580019512 32.13561125
178 260.582394513 32.1355556944
179 260.584769512 32.13561125
180 260.58714451 32.1356668056
181 260.589477844 32.1356390278
182 260.59189451 32.1356668056
183 260.594186178 32.13561125
184 260.59651951 32.1356668056
185 260.598894512 32.13561125
186 260.601227844 32.1356668056
187 260.603644509 32.1356945833
188 260.605936178 32.1356390278
189 260.574186222 32.1338056944
190 260.576519555 32.1338334722
191 260.578852888 32.13386125
192 260.581227888 32.13386125
193 260.583602887 32.1338890278
194 260.58593622 32.1338890278
195 260.588311221 32.13386125
196 260.590644553 32.1339168056
197 260.592977887 32.1338890278
198 260.595394554 32.1338890278
199 260.597769552 32.1339723611
200 260.600102887 32.1338890278
201 260.602477886 32.1339168056
202 260.604727887 32.1338890278
203 260.607186218 32.1339723611
204 260.575269596 32.1321390278
205 260.577644597 32.13211125
206 260.580019596 32.1321390278
207 260.58235293 32.1321390278
208 260.584727929 32.1321668056
209 260.587144596 32.1321668056
210 260.58935293 32.13211125
211 260.591852931 32.1320834722
212 260.594144596 32.1321390278
213 260.596561262 32.1321668056
214 260.598811262 32.1321945833
215 260.601227929 32.1321668056
216 260.603686262 32.1321668056
217 260.605977929 32.1321668056
218 260.574144639 32.1303890278
219 260.576519639 32.1303890278
220 260.578936306 32.1303890278
221 260.581144639 32.1304168056
222 260.583602972 32.1304168056
223 260.585936305 32.1304168056
224 260.588269639 32.1303890278
225 260.590686305 32.1304445833
226 260.592977971 32.1304445833
227 260.595436305 32.1304168056
228 260.597686305 32.1304445833
229 260.60010297 32.1305001389
230 260.602436303 32.1305001389
231 260.604811305 32.1304445833
232 260.607144638 32.1304445833
233 260.575269681 32.1286945833
234 260.577603014 32.1286945833
235 260.580019679 32.1287779167
236 260.582436348 32.1286668056
237 260.584811346 32.1287501389
238 260.587103015 32.1286668056
239 260.58939468 32.1287223611
240 260.59176968 32.1287223611
241 260.594186348 32.1286668056
242 260.596561347 32.1287223611
243 260.598978013 32.1287223611
244 260.601269679 32.1287501389
245 260.603603012 32.1287779167
246 260.605978012 32.1287779167
