1 260.579727922 32.1324723611
2 260.582102923 32.1324168056
3 260.584477921 32.1325001389
4 260.586811254 32.1325001389
5 260.589102921 32.1325001389
6 260.591561256 32.1324445833
7 260.593936254 32.1325279167
8 260.59626959 32.1324168056
9 260.598561253 32.1325556944
10 260.601019588 32.1325001389
11 260.603311253 32.1325556944
12 260.605644586 32.1325556944
13 260.60797792 32.1325279167
14 260.610352921 32.1325001389
15 260.578644632 32.1306668056
16 260.580894631 32.1307223611
17 260.58326963 32.1307501389
18 260.585602962 32.1308056944
19 260.587977964 32.1307501389
20 260.590352964 32.1307223611
21 260.592727965 32.1306945833
22 260.595061298 32.1306945833
23 260.59739463 32.1307779167
24 260.599686296 32.1307779167
25 260.602144631 32.1307223611
26 260.604477963 32.1307779167
27 260.606852963 32.1307779167
28 260.60926963 32.1307501389
29 260.61151963 32.1307501389
30 260.579769673 32.1290001389
31 260.582061339 32.1290279167
32 260.584436341 32.1289445833
33 260.586769672 32.1290279167
34 260.589144674 32.1289723611
35 260.591561341 32.1289723611
36 260.593894671 32.1290834722
37 260.596269672 32.1290556944
38 260.598603007 32.1290001389
39 260.601019671 32.1290834722
40 260.603353006 32.1290279167
41 260.605603007 32.1290001389
42 260.608061339 32.1290279167
43 260.610394671 32.1290834722
44 260.578519716 32.1272501389
45 260.580936382 32.1272779167
46 260.583269716 32.1272501389
47 260.585644715 32.1272779167
48 260.588019715 32.1273056944
49 260.590311381 32.1273056944
50 260.592728049 32.1272501389
51 260.595103048 32.1273056944
52 260.597478049 32.1272779167
53 260.599853049 32.1272779167
54 260.602186381 32.1273056944
55 260.604478048 32.1273056944
56 260.606853049 32.1272779167
57 260.609228047 32.1273334722
58 260.611644715 32.1272779167
59 260.57972809 32.1255834722
60 260.58210309 32.1255834722
61 260.584519756 32.12561125
62 260.586853091 32.1255556944
63 260.589103089 32.12561125
64 260.591519757 32.1255556944
65 260.593894757 32.1255834722
66 260.596269756 32.12561125
67 260.598603089 32.1256390278
68 260.600978089 32.12561125
69 260.603394755 32.1256390278
70 260.605728089 32.12561125
71 260.608061423 32.12561125
72 260.610478089 32.12561125
73 260.578561465 32.12386125
74 260.580894799 32.1238334722
75 260.583269799 32.1238334722
76 260.585686466 32.1238334722
77 260.588061465 32.12386125
78 260.590394799 32.1238334722
79 260.592769797 32.1239168056
80 260.595061464 32.1239168056
81 260.597436465 32.1238890278
82 260.599853132 32.12386125
83 260.602186465 32.1238890278
84 260.604561467 32.1238056944
85 260.606853132 32.12386125
86 260.609228131 32.1238890278
87 260.611603131 32.1239168056
88 260.579728176 32.1220834722
89 260.582103176 32.1220834722
90 260.584478174 32.1221668056
91 260.586811508 32.12211125
92 260.589186508 32.12211125
93 260.591603174 32.1221390278
94 260.593894841 32.1221390278
95 260.596228176 32.1220834722
96 260.598686507 32.1221668056
97 260.601019842 32.12211125
98 260.603311507 32.1221668056
99 260.605728173 32.1221945833
100 260.608103174 32.1221390278
101 260.610353172 32.1222223611
102 260.578644884 32.12036125
103 260.580936552 32.1203334722
104 260.58331155 32.1203890278
105 260.585686549 32.1204445833
106 260.588019882 32.1204445833
107 260.590394884 32.1203890278
108 260.592769884 32.1203890278
109 260.595061549 32.1204445833
110 260.597519884 32.1203890278
111 260.599769882 32.1204445833
112 260.602103215 32.1204723611
113 260.60456155 32.1204168056
114 260.606853217 32.1203890278
115 260.60931155 32.1204168056
116 260.611603217 32.1203890278
117 260.579728258 32.1186945833
118 260.582103259 32.1186668056
119 260.584519926 32.1186668056
120 260.586811593 32.1186390278
121 260.589186592 32.1186945833
122 260.59156159 32.1187779167
123 260.593853257 32.1187501389
124 260.596228258 32.1186945833
125 260.598644924 32.1187223611
126 260.601019924 32.1187501389
127 260.603311591 32.1187223611
128 260.605728257 32.1187501389
129 260.608061591 32.1187223611
130 260.610394924 32.1187223611
131 260.5786033 32.1169723611
132 260.5809783 32.1169723611
133 260.583353299 32.1170279167
134 260.585686634 32.1169445833
135 260.588061634 32.1169445833
136 260.590394966 32.1170001389
137 260.592769968 32.1169445833
138 260.5951033 32.1169723611
139 260.597519967 32.1169723611
140 260.5998533 32.1170001389
141 260.602228299 32.1170279167
142 260.604519966 32.1170001389
143 260.606894966 32.1170001389
144 260.609311633 32.1170001389
145 260.611603299 32.1170279167
146 260.579811679 32.1151390278
147 260.582103344 32.1151945833
148 260.584436677 32.1152223611
149 260.586811677 32.1152223611
150 260.589228343 32.1152501389
151 260.591561676 32.1152501389
152 260.593936677 32.1152223611
153 260.596311675 32.1153056944
154 260.598645009 32.1152779167
155 260.600978343 32.1152223611
156 260.603353343 32.1152223611
157 260.605686675 32.1153056944
158 260.607978342 32.1152779167
159 260.610436676 32.1152501389
160 260.578561718 32.1135279167
161 260.580936719 32.1134723611
162 260.583353385 32.1135001389
163 260.585686719 32.1135001389
164 260.588061719 32.1135001389
165 260.590436719 32.1135001389
166 260.592811719 32.1135001389
167 260.595145051 32.1135556944
168 260.597478384 32.1135556944
169 260.599936717 32.1135834722
170 260.602145051 32.1135279167
171 260.604561717 32.1135556944
172 260.60689505 32.1135834722
173 260.609311719 32.1134723611
174 260.611645052 32.1135001389
175 260.579770093 32.1118334722
176 260.582103426 32.1118334722
177 260.584520093 32.1118334722
178 260.586853428 32.1117501389
179 260.589228427 32.1118056944
180 260.591603425 32.1118890278
181 260.593978426 32.1118334722
182 260.596353425 32.11186125
183 260.598645093 32.1118056944
184 260.600978425 32.11186125
185 260.603353427 32.1118056944
186 260.605728425 32.11186125
187 260.608103425 32.1118890278
188 260.610395092 32.11186125
189 260.578686804 32.1100001389
190 260.58097847 32.1100279167
191 260.583353469 32.1100834722
192 260.585686803 32.1100556944
193 260.588061802 32.1100834722
194 260.590395135 32.1100834722
195 260.592770136 32.1100556944
196 260.595145135 32.11011125
197 260.597478469 32.1100834722
198 260.599853469 32.1100834722
199 260.602228467 32.1101668056
200 260.604561802 32.1100834722
201 260.606978468 32.11011125
202 260.609228469 32.1100834722
203 260.611645133 32.1101945833
204 260.579770178 32.1083334722
205 260.582103512 32.1083056944
206 260.584478511 32.1083334722
207 260.586853511 32.1083334722
208 260.589186844 32.10836125
209 260.591603511 32.10836125
210 260.593853512 32.1083056944
211 260.596353513 32.1082779167
212 260.598603511 32.1083334722
213 260.601061844 32.10836125
214 260.603270177 32.1083890278
215 260.60572851 32.1083890278
216 260.608145177 32.1083890278
217 260.610478511 32.10836125
218 260.578603554 32.1065834722
219 260.580978554 32.1065834722
220 260.58339522 32.10661125
221 260.58564522 32.10661125
222 260.588061886 32.1066390278
223 260.59039522 32.10661125
224 260.592728554 32.1065834722
225 260.59514522 32.1066390278
226 260.597436886 32.1066390278
227 260.59989522 32.10661125
228 260.602186886 32.1066390278
229 260.604561885 32.1066945833
230 260.606936885 32.1066945833
231 260.609311886 32.1066390278
232 260.611603553 32.1066390278
233 260.579728596 32.1048890278
234 260.582103596 32.1048890278
235 260.58452026 32.1049723611
236 260.586895263 32.10486125
237 260.58927026 32.1049723611
238 260.591561929 32.1048890278
239 260.593895262 32.1049168056
240 260.596228595 32.1049168056
241 260.598645262 32.1048890278
242 260.601020262 32.1049168056
243 260.603436928 32.1049445833
244 260.605728594 32.1049445833
245 260.608061927 32.1049723611
246 260.610478593 32.1050001389
