1 260.578561269 32.1319168056
2 260.580894604 32.1318334722
3 260.583311268 32.1319445833
4 260.585644601 32.1319445833
5 260.587936268 32.1319445833
6 260.590394603 32.1318890278
7 260.592769601 32.1319723611
8 260.59506127 32.13186125
9 260.597394601 32.1319723611
10 260.599811268 32.1319445833
11 260.6021446 32.1320001389
12 260.604477933 32.1320001389
13 260.606811267 32.1319723611
14 260.609186268 32.1319445833
15 260.577436313 32.13011125
16 260.579686311 32.1301668056
17 260.582061311 32.1301945833
18 260.584394643 32.1302501389
19 260.586769645 32.1301668056
20 260.589186311 32.1301668056
21 260.591519646 32.13011125
22 260.593852979 32.1301390278
23 260.596227977 32.1302223611
24 260.598519643 32.1302223611
25 260.600936311 32.1301668056
26 260.60331131 32.1302223611
27 260.60568631 32.1302223611
28 260.608102977 32.1301945833
29 260.610352977 32.1301945833
30 260.578561353 32.1284445833
31 260.580853019 32.1284723611
32 260.583228021 32.1283890278
33 260.585603019 32.1284723611
34 260.587978021 32.1283890278
35 260.590353021 32.1284168056
36 260.592686351 32.1285279167
37 260.595061352 32.1285001389
38 260.597394687 32.1284168056
39 260.599811351 32.1285279167
40 260.602186353 32.1284723611
41 260.604436353 32.1284445833
42 260.606894686 32.1284723611
43 260.609228018 32.1285279167
44 260.577353063 32.1266945833
45 260.579728062 32.1267223611
46 260.582061396 32.1266945833
47 260.584478062 32.1267223611
48 260.586811395 32.1267501389
49 260.589144728 32.1267501389
50 260.591561396 32.1266945833
51 260.593936395 32.1267501389
52 260.596269729 32.1267223611
53 260.598686396 32.1267223611
54 260.600978062 32.1267501389
55 260.603311395 32.1267501389
56 260.605644729 32.1267223611
57 260.608019727 32.1267779167
58 260.610436396 32.1267223611
59 260.578561437 32.1250279167
60 260.580936437 32.1250279167
61 260.583311436 32.1250556944
62 260.585644771 32.1250001389
63 260.587936436 32.1250556944
64 260.590353104 32.1250001389
65 260.592686438 32.1250001389
66 260.595061436 32.1250556944
67 260.597394769 32.1250834722
68 260.59976977 32.1250556944
69 260.602228102 32.1250834722
70 260.604561436 32.1250556944
71 260.60689477 32.1250556944
72 260.60926977 32.1250556944
73 260.577394812 32.1233056944
74 260.57968648 32.1232779167
75 260.58206148 32.1232779167
76 260.584478146 32.1232779167
77 260.586853146 32.1233056944
78 260.58918648 32.1232779167
79 260.591561478 32.1233334722
80 260.593853145 32.1233334722
81 260.596269812 32.1233334722
82 260.598644812 32.1233056944
83 260.601019812 32.1233334722
84 260.603353147 32.1232501389
85 260.605686479 32.1233056944
86 260.608019812 32.1233056944
87 260.610394811 32.12336125
88 260.578561522 32.1215279167
89 260.580894856 32.1215279167
90 260.583269854 32.12161125
91 260.585603189 32.1215279167
92 260.587978188 32.1215556944
93 260.590394854 32.1215834722
94 260.592686521 32.1215834722
95 260.595019856 32.1215279167
96 260.597478187 32.12161125
97 260.599811522 32.1215279167
98 260.602144854 32.12161125
99 260.604519853 32.1216390278
100 260.606936521 32.1215834722
101 260.609144853 32.1216390278
102 260.577436565 32.1198056944
103 260.579769899 32.1197779167
104 260.582144897 32.1198334722
105 260.584478229 32.1198890278
106 260.586853229 32.1198890278
107 260.589186564 32.1198334722
108 260.591561564 32.1198334722
109 260.593894896 32.1198890278
110 260.596311564 32.1198334722
111 260.598603229 32.1198890278
112 260.600936562 32.1199168056
113 260.603394897 32.11986125
114 260.605644897 32.1198334722
115 260.608103231 32.1198334722
116 260.610436564 32.1198334722
117 260.578561606 32.11811125
118 260.580936607 32.1180834722
119 260.583311606 32.11811125
120 260.585603273 32.1180834722
121 260.588019939 32.1181390278
122 260.590394937 32.1182223611
123 260.592686604 32.1181945833
124 260.595019939 32.1181390278
125 260.597478271 32.1181668056
126 260.599811604 32.1181945833
127 260.602103271 32.1181668056
128 260.604519937 32.1181945833
129 260.606894938 32.1181668056
130 260.609186605 32.1181668056
131 260.577436647 32.1164168056
132 260.579769981 32.1164168056
133 260.582186647 32.1164445833
134 260.584519981 32.1163890278
135 260.586853315 32.1163890278
136 260.589186647 32.1164445833
137 260.591561648 32.1163890278
138 260.593936647 32.1164168056
139 260.596311647 32.1164168056
140 260.598686647 32.1164445833
141 260.60101998 32.1164445833
142 260.603311647 32.1164445833
143 260.605728313 32.1164445833
144 260.608103313 32.1164445833
145 260.610436646 32.1164723611
146 260.578603359 32.1145834722
147 260.580936691 32.11461125
148 260.583270023 32.1146668056
149 260.585603357 32.1146668056
150 260.58806169 32.1146668056
151 260.590353356 32.1146945833
152 260.592728357 32.1146390278
153 260.595145021 32.1147501389
154 260.597478355 32.1147223611
155 260.599770024 32.1146390278
156 260.602145023 32.1146668056
157 260.604478355 32.1147501389
158 260.606811689 32.1147223611
159 260.609228356 32.1146945833
160 260.577395065 32.1129723611
161 260.579770066 32.1129168056
162 260.582186732 32.1129445833
163 260.584520066 32.1129445833
164 260.586895066 32.1129168056
165 260.589228399 32.1129445833
166 260.591603399 32.1129445833
167 260.593936731 32.1130001389
168 260.596311731 32.1130001389
169 260.598728397 32.1130279167
170 260.600978398 32.1129723611
171 260.603353397 32.1130001389
172 260.605728397 32.1130279167
173 260.6081034 32.1128890278
174 260.610478399 32.1129445833
175 260.578561773 32.1112779167
176 260.580895107 32.1112501389
177 260.583311774 32.1112501389
178 260.585686775 32.1111945833
179 260.588020107 32.1112501389
180 260.590395106 32.1113056944
181 260.592770106 32.1112779167
182 260.595145106 32.1113056944
183 260.59747844 32.1112501389
184 260.599811772 32.1113056944
185 260.602186774 32.1112501389
186 260.604520106 32.1113056944
187 260.606936772 32.1113334722
188 260.609228439 32.1113056944
189 260.577478484 32.1094445833
190 260.579811817 32.1094723611
191 260.58214515 32.1095001389
192 260.58452015 32.1095001389
193 260.586895149 32.1095279167
194 260.589186816 32.1095279167
195 260.591561816 32.1095001389
196 260.593936815 32.1095556944
197 260.596270149 32.1095279167
198 260.598686816 32.1095279167
199 260.601061814 32.10961125
200 260.603395149 32.1095279167
201 260.605770148 32.1095556944
202 260.608020149 32.1095279167
203 260.610436814 32.10961125
204 260.578561858 32.1077779167
205 260.580936859 32.1077501389
206 260.583311858 32.1077779167
207 260.585645192 32.1077779167
208 260.587978524 32.1078056944
209 260.590395191 32.1078056944
210 260.592645192 32.1077501389
211 260.595145193 32.1077223611
212 260.597395192 32.1077779167
213 260.599853524 32.1078056944
214 260.602103524 32.1078334722
215 260.604520191 32.1078056944
216 260.606936858 32.1078056944
217 260.609270191 32.1078056944
218 260.577436901 32.1060279167
219 260.579811901 32.1060279167
220 260.582228568 32.1060279167
221 260.5844369 32.1060556944
222 260.586853567 32.1060556944
223 260.5891869 32.1060556944
224 260.591561901 32.1060279167
225 260.5939369 32.1060834722
226 260.596270233 32.1060834722
227 260.5986869 32.1060556944
228 260.600978566 32.1060834722
229 260.603395232 32.1061390278
230 260.605728565 32.1061390278
231 260.608103566 32.1060834722
232 260.610395233 32.1060834722
233 260.578520276 32.1043334722
234 260.580895276 32.1043334722
235 260.58331194 32.1044168056
236 260.58572861 32.1043056944
237 260.588103608 32.1043890278
238 260.59035361 32.1043056944
239 260.592686942 32.10436125
240 260.595061942 32.10436125
241 260.59747861 32.1043056944
242 260.599853608 32.10436125
243 260.602228608 32.10436125
244 260.604561941 32.1043890278
245 260.606895274 32.1044168056
246 260.609270273 32.1044445833
