1 260.576435659 32.1568334722
2 260.57881066 32.1567779167
3 260.581185658 32.15686125
4 260.583518992 32.15686125
5 260.585810658 32.15686125
6 260.588268993 32.1568056944
7 260.590685658 32.1568890278
8 260.592977327 32.1567779167
9 260.595310658 32.1568890278
10 260.597727325 32.15686125
11 260.600060657 32.1569168056
12 260.60239399 32.1569168056
13 260.604727324 32.1568890278
14 260.607102325 32.15686125
15 260.57535237 32.1550279167
16 260.577602368 32.1550834722
17 260.579977368 32.15511125
18 260.5823107 32.1551668056
19 260.584685701 32.15511125
20 260.587102368 32.1550834722
21 260.589435702 32.1550556944
22 260.591769036 32.1550556944
23 260.594144034 32.1551390278
24 260.596394034 32.1551390278
25 260.598852368 32.1550834722
26 260.601227367 32.1551390278
27 260.603602367 32.1551390278
28 260.606019034 32.15511125
29 260.608269034 32.15511125
30 260.576477411 32.15336125
31 260.578769077 32.1533890278
32 260.581144079 32.1533056944
33 260.58347741 32.1533890278
34 260.585852411 32.1533334722
35 260.588269078 32.1533334722
36 260.590602409 32.1534445833
37 260.592977409 32.1534168056
38 260.595310745 32.1533334722
39 260.597727409 32.1534445833
40 260.60010241 32.1533890278
41 260.602352411 32.15336125
42 260.604810743 32.1533890278
43 260.607144075 32.1534445833
44 260.575227453 32.15161125
45 260.577644119 32.1516390278
46 260.579977453 32.15161125
47 260.582394119 32.1516390278
48 260.584727452 32.1516668056
49 260.587019119 32.1516668056
50 260.589435787 32.15161125
51 260.591852452 32.1516668056
52 260.594185786 32.1516390278
53 260.596560786 32.1516390278
54 260.598894119 32.1516668056
55 260.601227452 32.1516668056
56 260.603560786 32.1516390278
57 260.605935785 32.1516945833
58 260.608352453 32.1516390278
59 260.576435828 32.1499445833
60 260.578852494 32.1499445833
61 260.581227494 32.1499723611
62 260.583560828 32.1499168056
63 260.585810827 32.1499723611
64 260.588269162 32.1499168056
65 260.590602494 32.1499445833
66 260.592977494 32.1499723611
67 260.595310826 32.1500001389
68 260.597685827 32.1499723611
69 260.60014416 32.1500001389
70 260.602477494 32.1499723611
71 260.604810827 32.1499723611
72 260.607185827 32.1499723611
73 260.575269203 32.1482223611
74 260.577602537 32.1481945833
75 260.579977537 32.1481945833
76 260.582394204 32.1481945833
77 260.584769203 32.1482223611
78 260.587102537 32.1481945833
79 260.589477536 32.1482501389
80 260.591769202 32.1482501389
81 260.594185869 32.1482501389
82 260.59656087 32.1482223611
83 260.598894202 32.1482501389
84 260.601269204 32.1481668056
85 260.603602536 32.1482223611
86 260.605935869 32.1482501389
87 260.608310868 32.1482779167
88 260.576435913 32.1464445833
89 260.578810913 32.1464445833
90 260.581185911 32.1465279167
91 260.583519246 32.1464723611
92 260.585894246 32.1464723611
93 260.588310912 32.1465001389
94 260.590602579 32.1465001389
95 260.592935913 32.1464445833
96 260.595394244 32.1465279167
97 260.597727579 32.1464723611
98 260.600060911 32.1465279167
99 260.60243591 32.1465556944
100 260.604810912 32.1465001389
101 260.60706091 32.1465834722
102 260.575352622 32.1447223611
103 260.577685956 32.1446945833
104 260.580060955 32.1447501389
105 260.582394287 32.1448056944
106 260.584769287 32.1448056944
107 260.587102621 32.1447501389
108 260.589477621 32.1447501389
109 260.591769287 32.1448056944
110 260.594227621 32.1447501389
111 260.596519287 32.1448056944
112 260.598852619 32.1448334722
113 260.601310954 32.1447779167
114 260.603560955 32.1447501389
115 260.606019287 32.1447779167
116 260.608352621 32.1447501389
117 260.576477663 32.1430556944
118 260.578852663 32.1430279167
119 260.581227663 32.1430279167
120 260.583519331 32.1430001389
121 260.585935996 32.1430556944
122 260.588269327 32.1431390278
123 260.590560995 32.14311125
124 260.592935996 32.1430556944
125 260.595394329 32.1430834722
126 260.597727661 32.14311125
127 260.600019329 32.1430834722
128 260.602435995 32.14311125
129 260.604810995 32.1430834722
130 260.607102662 32.1430834722
131 260.575311038 32.1413334722
132 260.577686038 32.1413334722
133 260.580061038 32.14136125
134 260.582436039 32.1413056944
135 260.584769372 32.1413056944
136 260.587102704 32.14136125
137 260.589477706 32.1413056944
138 260.591811038 32.1413334722
139 260.594227705 32.1413334722
140 260.596561038 32.14136125
141 260.598936037 32.1413890278
142 260.601227704 32.14136125
143 260.603602704 32.14136125
144 260.606019371 32.14136125
145 260.608352704 32.1413890278
146 260.576519416 32.1395001389
147 260.578811082 32.1395556944
148 260.581186081 32.1395834722
149 260.583519414 32.1395834722
150 260.58593608 32.13961125
151 260.588269414 32.13961125
152 260.590644415 32.1395556944
153 260.593061079 32.1396668056
154 260.595394413 32.1396390278
155 260.597686082 32.1395556944
156 260.600061081 32.1395834722
157 260.602394412 32.1396668056
158 260.60468608 32.1396390278
159 260.607144414 32.13961125
160 260.575269456 32.1378890278
161 260.577644457 32.1378334722
162 260.580061123 32.13786125
163 260.582394457 32.13786125
164 260.584811123 32.13786125
165 260.587144457 32.13786125
166 260.589519457 32.13786125
167 260.591852788 32.1379168056
168 260.594227788 32.1379168056
169 260.596644454 32.1379445833
170 260.598852789 32.1378890278
171 260.601269455 32.1379168056
172 260.603644454 32.1379445833
173 260.606019457 32.1378334722
174 260.608394457 32.13786125
175 260.576477831 32.1361945833
176 260.578811164 32.1361945833
177 260.581227831 32.1361945833
178 260.583561166 32.13611125
179 260.585936165 32.1361668056
180 260.588311163 32.1362223611
181 260.590686164 32.1361945833
182 260.593061163 32.1362223611
183 260.595394498 32.1361668056
184 260.59772783 32.1362223611
185 260.600102831 32.1361668056
186 260.602436163 32.1362223611
187 260.604811163 32.1362501389
188 260.60710283 32.1362223611
189 260.575394542 32.13436125
190 260.577727875 32.1343890278
191 260.580061207 32.1344445833
192 260.582436207 32.1344168056
193 260.584811207 32.1344445833
194 260.587102873 32.1344445833
195 260.589477874 32.1344168056
196 260.591852873 32.1344723611
197 260.594186207 32.1344445833
198 260.596561207 32.1344445833
199 260.598936205 32.1345279167
200 260.60126954 32.1344445833
201 260.603686206 32.1344723611
202 260.605936207 32.1344445833
203 260.608352871 32.1345279167
204 260.576477916 32.1326945833
205 260.57881125 32.1326668056
206 260.581227916 32.1326945833
207 260.58356125 32.1326945833
208 260.585894582 32.1327223611
209 260.588311249 32.1327223611
210 260.59056125 32.1326668056
211 260.593061251 32.1326390278
212 260.59531125 32.1326945833
213 260.597769582 32.1327223611
214 260.599977915 32.1327501389
215 260.602436248 32.1327501389
216 260.604852915 32.1327501389
217 260.607186249 32.1327223611
218 260.575311292 32.1309445833
219 260.577727959 32.1309445833
220 260.580144626 32.1309445833
221 260.582352958 32.1309723611
222 260.584769625 32.1309723611
223 260.587102958 32.1309723611
224 260.589436292 32.1309445833
225 260.591852958 32.1310001389
226 260.594186291 32.1310001389
227 260.596602958 32.1309723611
228 260.598894624 32.1310001389
229 260.60131129 32.1310556944
230 260.603644623 32.1310556944
231 260.606019624 32.1310001389
232 260.608311291 32.1310001389
233 260.576436334 32.1292501389
234 260.578811334 32.1292501389
235 260.581227998 32.1293334722
236 260.583603001 32.1292223611
237 260.586019665 32.1293334722
238 260.588269668 32.1292223611
239 260.590603 32.1292779167
240 260.592978 32.1292779167
241 260.595353 32.1292501389
242 260.597769666 32.1292779167
243 260.600144666 32.1293056944
244 260.602436332 32.1293056944
245 260.604811332 32.1293334722
246 260.607186331 32.12936125
