1 260.576477353 32.1557223611
2 260.578810688 32.1556390278
3 260.581227352 32.1557501389
4 260.583519019 32.1557501389
5 260.585810685 32.1557501389
6 260.58826902 32.1556945833
7 260.590685685 32.1557779167
8 260.592977354 32.1556668056
9 260.595310685 32.1557779167
10 260.597727352 32.1557501389
11 260.600060684 32.1558056944
12 260.602394017 32.1558056944
13 260.604727351 32.1557779167
14 260.607102352 32.1557501389
15 260.575352397 32.1539168056
16 260.577602396 32.1539723611
17 260.579977395 32.1540001389
18 260.582310727 32.1540556944
19 260.584685729 32.1539723611
20 260.587102396 32.1539723611
21 260.58943573 32.1539445833
22 260.591769063 32.1539445833
23 260.594144061 32.1540279167
24 260.596394061 32.1540279167
25 260.598852396 32.1539723611
26 260.601227394 32.1540279167
27 260.603602394 32.1540279167
28 260.606019062 32.1540001389
29 260.608269062 32.1540001389
30 260.576477438 32.1522501389
31 260.578769104 32.1522779167
32 260.581144106 32.1521945833
33 260.583519104 32.1522779167
34 260.585852439 32.1521945833
35 260.588269105 32.1522223611
36 260.590602436 32.1523334722
37 260.592977436 32.1523056944
38 260.595310772 32.1522223611
39 260.597727436 32.1523334722
40 260.600102437 32.1522779167
41 260.602352438 32.1522501389
42 260.60481077 32.1522779167
43 260.607144102 32.1523334722
44 260.575227481 32.1505001389
45 260.577644147 32.1505279167
46 260.579977481 32.1505001389
47 260.582394147 32.1505279167
48 260.584727479 32.1505556944
49 260.587019146 32.1505556944
50 260.589477481 32.1505001389
51 260.591852479 32.1505556944
52 260.594185813 32.1505279167
53 260.59660248 32.1505279167
54 260.598894146 32.1505556944
55 260.601227479 32.1505556944
56 260.603560813 32.1505279167
57 260.605935812 32.1505834722
58 260.60835248 32.1505279167
59 260.576435855 32.1488334722
60 260.578852521 32.1488334722
61 260.581227521 32.14886125
62 260.583560855 32.1488056944
63 260.585852521 32.14886125
64 260.588269189 32.1488056944
65 260.590602522 32.1488056944
66 260.592977521 32.14886125
67 260.595310853 32.1488890278
68 260.597685854 32.14886125
69 260.600144187 32.1488890278
70 260.602477521 32.14886125
71 260.604810854 32.14886125
72 260.607185854 32.14886125
73 260.575310897 32.14711125
74 260.577602564 32.1470834722
75 260.579977564 32.1470834722
76 260.582394231 32.1470834722
77 260.58476923 32.14711125
78 260.587102564 32.1470834722
79 260.589477563 32.1471390278
80 260.59176923 32.1471390278
81 260.594185896 32.1471390278
82 260.596560897 32.14711125
83 260.59889423 32.1471390278
84 260.601269232 32.1470556944
85 260.603602564 32.14711125
86 260.605935897 32.14711125
87 260.608310896 32.1471668056
88 260.57643594 32.1453334722
89 260.57881094 32.1453334722
90 260.581185938 32.1454168056
91 260.583519274 32.1453334722
92 260.585894273 32.14536125
93 260.588310939 32.1453890278
94 260.590602606 32.1453890278
95 260.59293594 32.1453334722
96 260.595394272 32.1454168056
97 260.597727607 32.1453334722
98 260.600060938 32.1454168056
99 260.602435938 32.1454445833
100 260.604852606 32.1453890278
101 260.607060938 32.1454445833
102 260.575352649 32.14361125
103 260.577685983 32.1435834722
104 260.580060982 32.1436390278
105 260.582394314 32.1436945833
106 260.584769314 32.1436945833
107 260.587102649 32.1436390278
108 260.589477649 32.1436390278
109 260.591769314 32.1436945833
110 260.594227649 32.1436390278
111 260.596519314 32.1436945833
112 260.598852646 32.1437223611
113 260.601310981 32.1436668056
114 260.603560982 32.1436390278
115 260.606019315 32.1436390278
116 260.608352649 32.1436390278
117 260.576477691 32.1419168056
118 260.578852691 32.1418890278
119 260.581227691 32.1419168056
120 260.583519358 32.1418890278
121 260.585936023 32.1419445833
122 260.588269355 32.1420279167
123 260.590561022 32.1420001389
124 260.592936023 32.1419445833
125 260.595394356 32.1419723611
126 260.597727689 32.1420001389
127 260.600019356 32.1419723611
128 260.602436022 32.1420001389
129 260.604811023 32.1419723611
130 260.607102689 32.1419723611
131 260.575352732 32.1402223611
132 260.577686065 32.1402223611
133 260.580061065 32.1402501389
134 260.582436066 32.1401945833
135 260.584769399 32.1401945833
136 260.587102731 32.1402501389
137 260.589477733 32.1401945833
138 260.591811065 32.1402223611
139 260.594227732 32.1402223611
140 260.596561065 32.1402501389
141 260.598936065 32.1402501389
142 260.601227731 32.1402501389
143 260.603644398 32.1402501389
144 260.606019398 32.1402501389
145 260.608352731 32.1402779167
146 260.576519444 32.1383890278
147 260.57881111 32.1384168056
148 260.581186108 32.1384723611
149 260.583519442 32.1384723611
150 260.585977775 32.1384723611
151 260.588269441 32.1385001389
152 260.590644442 32.1384445833
153 260.593061106 32.1385556944
154 260.59539444 32.1385279167
155 260.597686109 32.1384445833
156 260.600061108 32.1384723611
157 260.60239444 32.1385556944
158 260.604727774 32.1385279167
159 260.607144441 32.1385001389
160 260.575269483 32.1367779167
161 260.577644484 32.1367223611
162 260.58006115 32.1367501389
163 260.582394484 32.1367501389
164 260.584811151 32.1367223611
165 260.587144484 32.1367501389
166 260.589519484 32.1367501389
167 260.591852816 32.1368056944
168 260.594227816 32.1368056944
169 260.596644482 32.1368334722
170 260.598894483 32.1367779167
171 260.601269482 32.1368056944
172 260.603644482 32.1368334722
173 260.606019485 32.1366945833
174 260.608394484 32.1367501389
175 260.576477858 32.1350834722
176 260.578811192 32.1350556944
177 260.581227858 32.1350556944
178 260.583561193 32.1350001389
179 260.585936192 32.1350556944
180 260.58831119 32.13511125
181 260.590686191 32.1350834722
182 260.59306119 32.13511125
183 260.595394525 32.1350556944
184 260.597727857 32.13511125
185 260.600102858 32.1350556944
186 260.60243619 32.13511125
187 260.604852856 32.1351390278
188 260.607144524 32.13511125
189 260.575394569 32.1332501389
190 260.577727902 32.1332779167
191 260.580061235 32.1333056944
192 260.582436235 32.1333056944
193 260.584811234 32.1333334722
194 260.587102901 32.1333334722
195 260.589477901 32.1333056944
196 260.5918529 32.13336125
197 260.594186234 32.1333334722
198 260.596602901 32.1333334722
199 260.598977899 32.1334168056
200 260.601311234 32.1333334722
201 260.603686233 32.13336125
202 260.605936234 32.1333334722
203 260.608352899 32.1334168056
204 260.576477943 32.1315834722
205 260.578852944 32.1315556944
206 260.581227943 32.1315834722
207 260.583561277 32.1315834722
208 260.585894609 32.13161125
209 260.588311276 32.13161125
210 260.590561277 32.1315556944
211 260.593061278 32.1315279167
212 260.595311277 32.1315834722
213 260.597769609 32.13161125
214 260.600019609 32.1316390278
215 260.602436276 32.13161125
216 260.604852943 32.13161125
217 260.607186276 32.13161125
218 260.575352986 32.1298334722
219 260.577727986 32.1298334722
220 260.580144653 32.1298334722
221 260.582352985 32.12986125
222 260.584769652 32.12986125
223 260.587102985 32.12986125
224 260.589477986 32.1298334722
225 260.591852985 32.1298890278
226 260.594186318 32.1298890278
227 260.596602985 32.12986125
228 260.598894651 32.1298890278
229 260.601311317 32.1299445833
230 260.60364465 32.1299445833
231 260.606019651 32.1298890278
232 260.608311318 32.1298890278
233 260.576436361 32.1281390278
234 260.578811361 32.1281390278
235 260.581228026 32.1282223611
236 260.583603028 32.12811125
237 260.586019693 32.1281945833
238 260.588269695 32.12811125
239 260.590603027 32.1281668056
240 260.592978027 32.1281668056
241 260.595394695 32.12811125
242 260.597769694 32.1281668056
243 260.600144694 32.1281668056
244 260.602478026 32.1281945833
245 260.604811359 32.1282223611
246 260.607186358 32.1282501389
