1 260.579727949 32.13136125
2 260.582102951 32.1312779167
3 260.584477948 32.1313890278
4 260.586811281 32.1313890278
5 260.589102948 32.1313890278
6 260.591561283 32.1313334722
7 260.593936281 32.1314168056
8 260.596269617 32.1313056944
9 260.598602947 32.1314168056
10 260.601019615 32.1313890278
11 260.60331128 32.1314445833
12 260.60568628 32.1314445833
13 260.607977947 32.1314168056
14 260.610352948 32.1313890278
15 260.57864466 32.1295556944
16 260.580894658 32.12961125
17 260.583269658 32.1296390278
18 260.58560299 32.1296945833
19 260.587977992 32.12961125
20 260.590352992 32.12961125
21 260.592727992 32.1295834722
22 260.595061326 32.1295834722
23 260.597394657 32.1296668056
24 260.599686324 32.1296668056
25 260.602144658 32.12961125
26 260.60447799 32.1296668056
27 260.60685299 32.1296668056
28 260.609269658 32.1296390278
29 260.611561324 32.1296390278
30 260.5797697 32.1278890278
31 260.582061366 32.1279168056
32 260.584436368 32.1278334722
33 260.5867697 32.1279168056
34 260.589144701 32.12786125
35 260.591561368 32.12786125
36 260.593894698 32.1279723611
37 260.596269699 32.1279445833
38 260.598603034 32.12786125
39 260.601019698 32.1279723611
40 260.603353033 32.1279168056
41 260.6056447 32.1278890278
42 260.608061366 32.1279168056
43 260.610436365 32.1279723611
44 260.578519743 32.1261390278
45 260.580936409 32.1261668056
46 260.583269743 32.1261390278
47 260.585644742 32.1261668056
48 260.588019742 32.1261945833
49 260.590311408 32.1261945833
50 260.592728076 32.1261390278
51 260.595144742 32.1261945833
52 260.597478076 32.1261668056
53 260.599853076 32.1261668056
54 260.602186408 32.1261945833
55 260.604478075 32.1261945833
56 260.606853076 32.1261668056
57 260.609228074 32.1262223611
58 260.611644742 32.1261668056
59 260.579728117 32.1244723611
60 260.582103117 32.1244723611
61 260.584519783 32.1245001389
62 260.586853118 32.1244445833
63 260.589103117 32.1245001389
64 260.591561451 32.1244445833
65 260.593894784 32.1244723611
66 260.596269783 32.1245001389
67 260.598603116 32.1245279167
68 260.600978117 32.1245001389
69 260.603394782 32.1245279167
70 260.605728117 32.1245001389
71 260.608103117 32.1245001389
72 260.610478117 32.1245001389
73 260.578561493 32.1227501389
74 260.580894827 32.1227223611
75 260.583269827 32.1227223611
76 260.585686493 32.1227223611
77 260.588061493 32.1227501389
78 260.590394827 32.1227223611
79 260.592769825 32.1227779167
80 260.595061492 32.1227779167
81 260.597436492 32.1227779167
82 260.599853159 32.1227501389
83 260.602186492 32.1227779167
84 260.604561494 32.1226945833
85 260.606853159 32.1227501389
86 260.609228159 32.1227779167
87 260.611603158 32.1228056944
88 260.579728203 32.1209723611
89 260.582103203 32.1209723611
90 260.584478201 32.1210556944
91 260.586811535 32.1210001389
92 260.589186535 32.1210001389
93 260.591603201 32.1210279167
94 260.593894868 32.1210279167
95 260.596228203 32.1209723611
96 260.598686534 32.1210556944
97 260.601019869 32.1210001389
98 260.603311534 32.1210556944
99 260.6057282 32.1210834722
100 260.608103201 32.1210279167
101 260.6103532 32.1210834722
102 260.578644911 32.1192501389
103 260.580936579 32.1192223611
104 260.583353244 32.1192779167
105 260.585686576 32.1193334722
106 260.588019909 32.1193334722
107 260.590394911 32.1192779167
108 260.592769911 32.1192779167
109 260.595061576 32.1193334722
110 260.597519911 32.1192779167
111 260.599811576 32.1193334722
112 260.602103242 32.11936125
113 260.604561577 32.1193056944
114 260.606853244 32.1192779167
115 260.609311577 32.1192779167
116 260.611603244 32.1192779167
117 260.579728286 32.1175556944
118 260.582103286 32.1175556944
119 260.584519953 32.1175556944
120 260.58681162 32.1175279167
121 260.589186619 32.1175834722
122 260.591561617 32.1176668056
123 260.593853284 32.1176390278
124 260.596228286 32.1175834722
125 260.598644952 32.11761125
126 260.601019951 32.1176390278
127 260.603311618 32.11761125
128 260.605728284 32.1176390278
129 260.608061618 32.11761125
130 260.610394952 32.11761125
131 260.578603328 32.11586125
132 260.580978328 32.11586125
133 260.583353327 32.1158890278
134 260.585686662 32.1158334722
135 260.588061662 32.1158334722
136 260.590394994 32.1158890278
137 260.592769995 32.1158334722
138 260.595103328 32.11586125
139 260.597519994 32.11586125
140 260.599853327 32.1158890278
141 260.602228327 32.1158890278
142 260.604519994 32.1158890278
143 260.606894994 32.1158890278
144 260.60931166 32.1158890278
145 260.611603326 32.1159168056
146 260.579811706 32.1140279167
147 260.582103372 32.1140556944
148 260.584436704 32.11411125
149 260.586811704 32.11411125
150 260.58922837 32.11411125
151 260.591561703 32.1141390278
152 260.593936704 32.1140834722
153 260.596311702 32.1141945833
154 260.598645036 32.1141668056
155 260.600978371 32.1140834722
156 260.60335337 32.11411125
157 260.605686702 32.1141945833
158 260.607978369 32.1141668056
159 260.610436703 32.1141390278
160 260.578561745 32.1124168056
161 260.580936746 32.11236125
162 260.583353412 32.1123890278
163 260.585686746 32.1123890278
164 260.588103412 32.1123890278
165 260.590436746 32.1123890278
166 260.592811746 32.1123890278
167 260.595145078 32.1124445833
168 260.597478411 32.1124445833
169 260.599936744 32.1124723611
170 260.602145078 32.1124168056
171 260.604561744 32.1124445833
172 260.606895077 32.1124723611
173 260.609311746 32.11236125
174 260.611686746 32.1123890278
175 260.57977012 32.1107223611
176 260.582103453 32.1107223611
177 260.58452012 32.1107223611
178 260.586853455 32.1106390278
179 260.589228454 32.1106945833
180 260.591603452 32.1107501389
181 260.593978453 32.1107223611
182 260.596353452 32.1107501389
183 260.598686787 32.1106945833
184 260.600978452 32.1107501389
185 260.60339512 32.1106945833
186 260.605728452 32.1107501389
187 260.608103452 32.1107779167
188 260.610395119 32.1107501389
189 260.578686831 32.1088890278
190 260.581020164 32.1089168056
191 260.583353497 32.1089445833
192 260.58568683 32.1089445833
193 260.588061829 32.1089723611
194 260.590395163 32.1089723611
195 260.592770163 32.1089445833
196 260.595145162 32.1090001389
197 260.597478496 32.1089723611
198 260.599853496 32.1089723611
199 260.602228494 32.1090556944
200 260.604561829 32.1089723611
201 260.606978495 32.1090001389
202 260.609228496 32.1089723611
203 260.611645161 32.1090556944
204 260.579770205 32.1072223611
205 260.582103539 32.1071945833
206 260.584478539 32.1072223611
207 260.586853539 32.1072223611
208 260.589186871 32.1072501389
209 260.591603538 32.1072501389
210 260.593853539 32.1071945833
211 260.59635354 32.1071668056
212 260.598603539 32.1072223611
213 260.601061871 32.1072501389
214 260.603270204 32.1072779167
215 260.605728537 32.1072779167
216 260.608145204 32.1072779167
217 260.610478538 32.1072501389
218 260.578603581 32.1054723611
219 260.580978581 32.1054723611
220 260.583395248 32.1054723611
221 260.585645247 32.1055001389
222 260.588061914 32.1055001389
223 260.590395247 32.1055001389
224 260.592728581 32.1054723611
225 260.595145247 32.1055279167
226 260.597436913 32.1055279167
227 260.599895247 32.1055001389
228 260.602186913 32.1055279167
229 260.604561912 32.1055834722
230 260.606936912 32.1055834722
231 260.609311913 32.1055279167
232 260.61160358 32.1055279167
233 260.579728623 32.1037779167
234 260.582103623 32.1037779167
235 260.584520287 32.10386125
236 260.58689529 32.1037501389
237 260.589270288 32.1038334722
238 260.591561957 32.1037501389
239 260.593895289 32.1038056944
240 260.596270289 32.1038056944
241 260.59864529 32.1037501389
242 260.601020289 32.1038056944
243 260.603436955 32.1038334722
244 260.605728621 32.1038334722
245 260.608061954 32.10386125
246 260.61047862 32.1038890278
