# #cluster, tile, dither, fiber, Q, redshift, redshift_err
c16p23+0p06 NE 1 223 0 0.26914 0.00019
c16p23+0p06 NE 2 42 1 0.2766 0.00011
c16p23+0p06 NE 2 168 1 0.30544 0.00026
c16p23+0p06 NE 2 216 1 0.08264 0.00041
c16p23+0p06 NE 2 220 0 0.2715 0.00013
c16p23+0p06 NE 3 38 1 0.35102 0.00012
c16p23+0p06 NE 3 106 0 0.27878 0.0001
c16p23+0p06 NE 3 118 0 0.27473 0.00015
c16p23+0p06 NE 3 160 0 0.2747 0.00011
c16p23+0p06 NW 1 156 1 0.22341 0.00011
c16p23+0p06 NW 2 173 0 0.26294 0.00017
c16p23+0p06 NW 3 187 1 0.329 0.00011
c16p23+0p06 SE 1 50 1 0.2718 0.00016
c16p23+0p06 SE 2 191 0 0.27938 0.00014
c16p23+0p06 SE 3 208 0 0.2781 9e-05
c16p23+0p06 SE 3 238 0 0.27053 0.00014
c16p23+0p06 SW 2 26 0 0.26657 0.00018
c16p23+0p06 SW 2 135 1 0.26969 0.00018
c16p23+0p06 SW 2 218 1 0.26271 9e-05
c16p23+0p06 SW 3 228 1 0.27627 0.0001
c319p70+0p56 NE 1 193 0 0.2785 0.00024
c319p70+0p56 NE 1 216 0 0.27652 0.00014
c319p70+0p56 NE 2 220 0 0.27564 0.0001
c319p70+0p56 NE 3 21 1 0.27399 0.00022
c319p70+0p56 NE 3 66 1 0.30576 0.00036
c319p70+0p56 NE 3 75 0 0.13458 0.00014
c319p70+0p56 NE 3 77 1 0.21951 0.00027
c319p70+0p56 NE 3 118 1 0.26099 0.00027
c319p70+0p56 NE 3 178 1 0.31321 0.00041
c319p70+0p56 NW 1 25 0 0.27271 0.00015
c319p70+0p56 NW 2 112 0 0.26207 0.00015
c319p70+0p56 NW 2 209 0 0.26878 0.00013
c319p70+0p56 NW 3 161 0 0.27353 0.00018
c319p70+0p56 NW 3 218 0 0.16437 0.00014
c319p70+0p56 SE 1 55 0 0.27173 0.00013
c319p70+0p56 SE 1 185 1 0.27737 0.00017
c319p70+0p56 SE 2 19 0 0.27939 0.00017
c319p70+0p56 SE 2 24 0 0.27858 0.00013
c319p70+0p56 SE 2 42 0 0.27535 0.00013
c319p70+0p56 SE 2 155 1 0.21316 0.00028
c319p70+0p56 SE 3 56 0 0.22845 2e-05
c319p70+0p56 SW 1 100 0 0.22756 5e-05
c319p70+0p56 SW 1 120 0 0.28107 0.00019
c319p70+0p56 SW 1 152 0 0.27704 9e-05
c319p70+0p56 SW 1 167 0 0.27865 0.00017
c319p70+0p56 SW 2 38 1 0.301 6e-05
c319p70+0p56 SW 2 122 0 0.27752 0.00014
c319p70+0p56 SW 2 206 0 0.27001 7e-05
c319p70+0p56 SW 3 220 0 0.27392 4e-05
c328p33+0p19 NE 1 62 1 0.07663 7e-05
c328p33+0p19 NE 1 215 0 0.21586 9e-05
c328p33+0p19 NE 2 138 0 0.2737 0.00018
c328p33+0p19 NE 2 220 0 0.21917 0.00016
c328p33+0p19 NE 3 129 0 0.21718 0.00017
c328p33+0p19 NE 3 154 0 0.28089 5e-05
c328p33+0p19 NE 3 168 0 0.22101 9e-05
c328p33+0p19 NE 3 174 0 0.21608 0.00014
c328p33+0p19 NW 1 206 0 0.21699 9e-05
c328p33+0p19 NW 2 55 0 0.2134 0.00022
c328p33+0p19 NW 3 151 0 0.21664 8e-05
c328p33+0p19 NW 3 217 1 0.21884 0.0002
c328p33+0p19 SE 1 12 0 0.21638 0.00012
c328p33+0p19 SE 1 40 0 0.21642 0.0001
c328p33+0p19 SE 3 43 0 0.21594 0.00018
c328p33+0p19 SE 3 57 0 0.21427 0.00011
c328p33+0p19 SE 3 61 0 0.21438 0.00012
c328p33+0p19 SW 1 51 0 0.21893 7e-05
c328p33+0p19 SW 1 174 0 0.3719 7e-05
c328p33+0p19 SW 2 133 0 0.20849 0.00017
c328p33+0p19 SW 3 41 0 0.21378 8e-05
