   193.34960303312991        407.89193846651489     
   303.51368819650162        388.96690776058955     
   543.95697686315305        379.34686542985338     
  -11.588271746373039        153.39956943920143     
  -8.5363066462911092        185.85385464711663     
  -3.5542290120941402        144.16414695172884     
  -3.2147068961327818        148.46519362863157     
   8.1592221083489562        129.97132679061042     
   60.142088437024199        116.35519383713006     
   104.84470608562981       -4.8386882097908028     
   464.73972341744025        124.44643155406217     
   546.94314576740760        140.67781247022432     
