1 250.038577933 46.7268334722
2 250.041452936 46.7267779167
3 250.044411265 46.72686125
4 250.047286265 46.72686125
5 250.050119599 46.72686125
6 250.053161268 46.7268056944
7 250.056119597 46.7268890278
8 250.058952936 46.7267779167
9 250.06182793 46.7268890278
10 250.064827932 46.72686125
11 250.067702929 46.7269168056
12 250.070577929 46.7269168056
13 250.07345293 46.7268890278
14 250.076411265 46.72686125
15 250.037203025 46.7250279167
16 250.039953023 46.7250834722
17 250.042911355 46.72511125
18 250.045786352 46.7251668056
19 250.048703021 46.72511125
20 250.051703023 46.7250834722
21 250.054619691 46.7250556944
22 250.057494691 46.7250556944
23 250.060369686 46.7251390278
24 250.06320302 46.7251390278
25 250.066203023 46.7250834722
26 250.069119686 46.7251390278
27 250.07207802 46.7251390278
28 250.075036355 46.72511125
29 250.077828021 46.72511125
30 250.038578111 46.72336125
31 250.041411443 46.7233890278
32 250.044328113 46.7233056944
33 250.047244776 46.7233890278
34 250.050203112 46.7233334722
35 250.053161445 46.7233334722
36 250.05603644 46.7234445833
37 250.058953108 46.7234168056
38 250.061828112 46.7233334722
39 250.064828106 46.7234445833
40 250.067744776 46.7233890278
41 250.070536444 46.72336125
42 250.073578109 46.7233890278
43 250.076453106 46.7234445833
44 250.0370782 46.72161125
45 250.040036532 46.7216390278
46 250.042911533 46.72161125
47 250.045869865 46.7216390278
48 250.04878653 46.7216668056
49 250.051619864 46.7216668056
50 250.054619867 46.72161125
51 250.057578197 46.7216668056
52 250.060453199 46.7216390278
53 250.063411532 46.7216390278
54 250.06628653 46.7216668056
55 250.069119864 46.7216668056
56 250.072036532 46.7216390278
57 250.074953196 46.7216945833
58 250.077953199 46.7216390278
59 250.038536618 46.7199445833
60 250.041494952 46.7199445833
61 250.044453284 46.7199723611
62 250.047328287 46.7199168056
63 250.05011995 46.7199723611
64 250.053119953 46.7199168056
65 250.056036618 46.7199445833
66 250.058953284 46.7199723611
67 250.061828282 46.7200001389
68 250.064786617 46.7199723611
69 250.067786616 46.7200001389
70 250.070661617 46.7199723611
71 250.073578284 46.7199723611
72 250.076536617 46.7199723611
73 250.03712004 46.7182223611
74 250.039953374 46.7181945833
75 250.042911708 46.7181945833
76 250.045870041 46.7181945833
77 250.048828373 46.7182223611
78 250.051703374 46.7181945833
79 250.054661705 46.7182501389
80 250.057495038 46.7182501389
81 250.060453372 46.7182501389
82 250.063411706 46.7182223611
83 250.066286705 46.7182501389
84 250.069203376 46.7181668056
85 250.072078373 46.7182223611
86 250.074995038 46.7182501389
87 250.077911704 46.7182779167
88 250.038536797 46.7164445833
89 250.041453464 46.7164445833
90 250.044411793 46.7165279167
91 250.047286796 46.7164723611
92 250.050203462 46.7164723611
93 250.053203461 46.7165001389
94 250.056036794 46.7165001389
95 250.058911797 46.7164445833
96 250.06195346 46.7165279167
97 250.064828462 46.7164723611
98 250.06770346 46.7165279167
99 250.070661791 46.7165556944
100 250.073620128 46.7165001389
101 250.076370125 46.7165556944
102 250.037203552 46.7147223611
103 250.040078553 46.7146945833
104 250.042995217 46.7147501389
105 250.045911881 46.7148056944
106 250.048828547 46.7148056944
107 250.05170355 46.7147501389
108 250.054620217 46.7147501389
109 250.057495214 46.7148056944
110 250.060536884 46.7147501389
111 250.063328547 46.7148056944
112 250.066203546 46.7148334722
113 250.069245216 46.7147779167
114 250.072036884 46.7147501389
115 250.07507855 46.7147501389
116 250.07795355 46.7147501389
117 250.038578637 46.7130556944
118 250.041495305 46.7130279167
119 250.044453638 46.7130279167
120 250.047286973 46.7130001389
121 250.050245303 46.7130556944
122 250.053161966 46.7131390278
123 250.055995301 46.71311125
124 250.05891197 46.7130556944
125 250.061911969 46.7130834722
126 250.064828634 46.71311125
127 250.067661969 46.7130834722
128 250.070661967 46.71311125
129 250.073578635 46.7130834722
130 250.076411969 46.7130834722
131 250.037162058 46.7113334722
132 250.040078725 46.7113334722
133 250.043037057 46.71136125
134 250.045912059 46.7113056944
135 250.048828726 46.7113056944
136 250.051703723 46.71136125
137 250.054620393 46.7113056944
138 250.057537058 46.7113334722
139 250.060495391 46.7113334722
140 250.063412057 46.71136125
141 250.066328722 46.7113890278
142 250.069162057 46.71136125
143 250.07212039 46.71136125
144 250.075078723 46.71136125
145 250.077912055 46.7113890278
146 250.038620485 46.7095001389
147 250.041495482 46.7095556944
148 250.044370481 46.7095834722
149 250.047287147 46.7095834722
150 250.050287146 46.70961125
151 250.053162146 46.70961125
152 250.056078815 46.7095556944
153 250.059037143 46.7096668056
154 250.061912145 46.7096390278
155 250.064787149 46.7095556944
156 250.067703814 46.7095834722
157 250.07057881 46.7096668056
158 250.073453811 46.7096390278
159 250.076453813 46.70961125
160 250.037120567 46.7078890278
161 250.040037237 46.7078334722
162 250.043037235 46.70786125
163 250.045912235 46.70786125
164 250.048870569 46.70786125
165 250.051745569 46.70786125
166 250.054703902 46.70786125
167 250.057578899 46.7079168056
168 250.060495566 46.7079168056
169 250.063495564 46.7079445833
170 250.066245567 46.7078890278
171 250.069203899 46.7079168056
172 250.072120564 46.7079445833
173 250.075078903 46.7078334722
174 250.077995569 46.70786125
175 250.038578987 46.7061945833
176 250.041453987 46.7061945833
177 250.044453987 46.7061945833
178 250.047370658 46.70611125
179 250.050287322 46.7061668056
180 250.053203986 46.7062223611
181 250.056120654 46.7061945833
182 250.059078986 46.7062223611
183 250.061953988 46.7061668056
184 250.064787319 46.7062223611
185 250.067745655 46.7061668056
186 250.070662319 46.7062223611
187 250.073620651 46.7062501389
188 250.076412319 46.7062223611
189 250.037245747 46.70436125
190 250.040120746 46.7043890278
191 250.042995744 46.7044168056
192 250.045912411 46.7044168056
193 250.048870743 46.7044445833
194 250.051704076 46.7044445833
195 250.054662411 46.7044168056
196 250.057579075 46.7044723611
197 250.060454076 46.7044445833
198 250.06341241 46.7044445833
199 250.066329072 46.7045279167
200 250.069245743 46.7044445833
201 250.072204075 46.7044723611
202 250.074954076 46.7044445833
203 250.077954072 46.7045279167
204 250.038579166 46.7026945833
205 250.041495834 46.7026668056
206 250.044454166 46.7026945833
207 250.047329166 46.7026945833
208 250.050245831 46.7027223611
209 250.053204164 46.7027223611
210 250.055995834 46.7026668056
211 250.059079168 46.7026390278
212 250.061870832 46.7026945833
213 250.064870831 46.7027223611
214 250.067620829 46.7027501389
215 250.070662496 46.7027501389
216 250.073620829 46.7027501389
217 250.076495831 46.7027223611
218 250.037162588 46.7009445833
219 250.040120921 46.7009445833
220 250.043079255 46.7009445833
221 250.045829253 46.7009723611
222 250.048829253 46.7009723611
223 250.051704253 46.7009723611
224 250.054620921 46.7009445833
225 250.057579252 46.7010001389
226 250.060454252 46.7010001389
227 250.063454253 46.7009723611
228 250.066287585 46.7010001389
229 250.069245916 46.7010556944
230 250.072120916 46.7010556944
231 250.075079252 46.7010001389
232 250.077912585 46.7010001389
233 250.038537675 46.6992501389
234 250.041454341 46.6992501389
235 250.044454337 46.6993334722
236 250.047412676 46.6992223611
237 250.050371004 46.6993334722
238 250.053162676 46.6992223611
239 250.056037673 46.6992779167
240 250.05895434 46.6992779167
241 250.061912675 46.6992501389
242 250.064871006 46.6992779167
243 250.067829338 46.6993056944
244 250.070662672 46.6993056944
245 250.07353767 46.6993334722
246 250.076496002 46.69936125
