1 16.201548358 0.0866730305556
2 16.203548358 0.086617475
3 16.205548358 0.0867285861111
4 16.207548358 0.0867008083333
5 16.2094650247 0.0867008083333
6 16.211548358 0.0866452527778
7 16.2135900247 0.0867563638889
8 16.2155066914 0.0866452527778
9 16.2175066913 0.0867563638889
10 16.219548358 0.0867008083333
11 16.2215066913 0.0867563638889
12 16.2235066913 0.0867563638889
13 16.2254650247 0.0867285861111
14 16.2274650247 0.0867008083333
15 16.2005900248 0.0848952527778
16 16.2025066915 0.0849230305556
17 16.2045066915 0.0849785861111
18 16.2065066915 0.0850063638889
19 16.2085066915 0.0849508083333
20 16.2105483581 0.0849230305556
21 16.2125483581 0.0848952527778
22 16.2145066915 0.0849230305556
23 16.2165066915 0.0850063638889
24 16.2184233581 0.0849785861111
25 16.2205066915 0.0849230305556
26 16.2225066915 0.0849785861111
27 16.2245066915 0.0849785861111
28 16.2265483581 0.0849785861111
29 16.2284650248 0.0849508083333
30 16.2015483583 0.0832285861111
31 16.2035066916 0.0832285861111
32 16.2055066916 0.0831452527778
33 16.2075066916 0.0832285861111
34 16.2095066916 0.0831730305556
35 16.2115483583 0.0831730305556
36 16.2135066916 0.0832841416667
37 16.2155483583 0.0832563638889
38 16.2175066916 0.0832008083333
39 16.2195483583 0.0832841416667
40 16.2215483583 0.0832285861111
41 16.2234650249 0.0832008083333
42 16.2255483583 0.0832563638889
43 16.2275066916 0.0832841416667
44 16.2005066917 0.0814785861111
45 16.2025483584 0.0814785861111
46 16.2045483584 0.0814785861111
47 16.2065483584 0.0814785861111
48 16.2085483584 0.0815063638889
49 16.2105066917 0.0815063638889
50 16.2125483584 0.0814785861111
51 16.214590025 0.0815063638889
52 16.2165483584 0.0814785861111
53 16.218590025 0.0814785861111
54 16.2205483584 0.0815341416667
55 16.2225066917 0.0815063638889
56 16.2245066917 0.0814785861111
57 16.2265066917 0.0815341416667
58 16.2285483584 0.0814785861111
59 16.2015483585 0.0797841416667
60 16.2035483585 0.0797841416667
61 16.2055900252 0.0798119194444
62 16.2075483585 0.0797841416667
63 16.2094650252 0.0798119194444
64 16.2115483585 0.0797563638889
65 16.2135066918 0.0797841416667
66 16.2155483585 0.0798119194444
67 16.2175066918 0.0798396972222
68 16.2195066918 0.0798119194444
69 16.2215900252 0.0798396972222
70 16.2235483585 0.0798396972222
71 16.2255483585 0.0798396972222
72 16.2275900252 0.0798119194444
73 16.2005483586 0.0780619194444
74 16.2025066919 0.0780341416667
75 16.2045066919 0.0780619194444
76 16.2065483586 0.0780619194444
77 16.2085900253 0.0780619194444
78 16.2105483586 0.0780619194444
79 16.2125483586 0.078117475
80 16.2145066919 0.078117475
81 16.2165483586 0.0780896972222
82 16.2185900253 0.0780619194444
83 16.2205483586 0.0780896972222
84 16.2225483586 0.0780341416667
85 16.2245066919 0.0780619194444
86 16.2265066919 0.0780896972222
87 16.2285066919 0.078117475
88 16.2015483587 0.0762841416667
89 16.2035483587 0.0762841416667
90 16.2055483587 0.076367475
91 16.207506692 0.0763119194444
92 16.2095483587 0.0763119194444
93 16.2115900254 0.0763396972222
94 16.213506692 0.0763396972222
95 16.215506692 0.0763119194444
96 16.2175900254 0.076367475
97 16.2195483587 0.0763119194444
98 16.221506692 0.076367475
99 16.2235483587 0.0763952527778
100 16.2255483587 0.076367475
101 16.2274650254 0.0764230305556
102 16.2005900255 0.0745896972222
103 16.2025483588 0.0745341416667
104 16.2045900255 0.0745896972222
105 16.2065900255 0.0746452527778
106 16.2085483588 0.0746452527778
107 16.2105483588 0.0745896972222
108 16.2125483588 0.0745896972222
109 16.2145066921 0.0746452527778
110 16.2165900255 0.0745896972222
111 16.2185066921 0.0746452527778
112 16.2205066921 0.0746730305556
113 16.2225900255 0.074617475
114 16.2245066922 0.0745896972222
115 16.2265900255 0.074617475
116 16.2285483588 0.0745896972222
117 16.2015483589 0.0728952527778
118 16.2035483589 0.072867475
119 16.2055900256 0.072867475
120 16.2075066923 0.0728396972222
121 16.2095483589 0.0728952527778
122 16.2115483589 0.0729785861111
123 16.2135066922 0.0729508083333
124 16.2155066923 0.0728952527778
125 16.2175483589 0.0729230305556
126 16.2195483589 0.0729785861111
127 16.2215066923 0.0729230305556
128 16.2235483589 0.0729508083333
129 16.2255483589 0.0729508083333
130 16.2275066923 0.0729230305556
131 16.2005900257 0.0711730305556
132 16.2025900257 0.0712008083333
133 16.2045900257 0.0712285861111
134 16.2065900257 0.0711452527778
135 16.2085900257 0.0711452527778
136 16.210548359 0.0712008083333
137 16.212548359 0.0711452527778
138 16.214548359 0.0712008083333
139 16.2165900257 0.0711730305556
140 16.2185900257 0.0712008083333
141 16.2205900257 0.0712285861111
142 16.222548359 0.0712008083333
143 16.224548359 0.0712008083333
144 16.2265900257 0.0712285861111
145 16.228548359 0.0712285861111
146 16.2015900258 0.069367475
147 16.2035483591 0.0693952527778
148 16.2055483591 0.0694230305556
149 16.2075066925 0.0694230305556
150 16.2095900258 0.0694508083333
151 16.2115483591 0.0694785861111
152 16.2135483591 0.0694230305556
153 16.2155900258 0.0695063638889
154 16.2175483591 0.0694785861111
155 16.2195483591 0.0694230305556
156 16.2215483591 0.0694508083333
157 16.2235066924 0.0695063638889
158 16.2254650258 0.0694785861111
159 16.2275483591 0.0694508083333
160 16.2005483592 0.0677285861111
161 16.2025483592 0.0677008083333
162 16.2045900259 0.0677008083333
163 16.2065900259 0.0677285861111
164 16.2085900259 0.0677008083333
165 16.2105900259 0.0677008083333
166 16.2125900259 0.0677008083333
167 16.2145900259 0.0677563638889
168 16.2165900259 0.0677563638889
169 16.2186316925 0.0677841416667
170 16.2205066925 0.0677285861111
171 16.2225483592 0.0677841416667
172 16.2245483592 0.0677841416667
173 16.2265900259 0.0676730305556
174 16.2285900259 0.0677285861111
175 16.2015483593 0.0660341416667
176 16.2035483593 0.0660341416667
177 16.205590026 0.0660341416667
178 16.207590026 0.0659508083333
179 16.209590026 0.0660063638889
180 16.211590026 0.0660896972222
181 16.213590026 0.0660341416667
182 16.215590026 0.0660619194444
183 16.2175483593 0.0660063638889
184 16.2195483593 0.0660619194444
185 16.2215483593 0.0660341416667
186 16.2235483593 0.0660619194444
187 16.2255483593 0.0660896972222
188 16.2275066926 0.0660619194444
189 16.2006316927 0.0642008083333
190 16.2025900261 0.0642285861111
191 16.2045900261 0.0642841416667
192 16.2065900261 0.0642841416667
193 16.2085900261 0.0643119194444
194 16.2105483594 0.0643119194444
195 16.2125900261 0.0642563638889
196 16.2145900261 0.0643119194444
197 16.2165483594 0.0642841416667
198 16.2185900261 0.0642841416667
199 16.2205900261 0.064367475
200 16.2225483594 0.0642841416667
201 16.2245900261 0.0643119194444
202 16.2265066927 0.0643119194444
203 16.2285483594 0.0643952527778
204 16.2015483595 0.0625341416667
205 16.2035483595 0.0625063638889
206 16.2055483595 0.0625341416667
207 16.2075483595 0.0625619194444
208 16.2095483595 0.0625619194444
209 16.2115900262 0.0625896972222
210 16.2134650262 0.0625063638889
211 16.2155900262 0.0625063638889
212 16.2175066928 0.0625619194444
213 16.2195900262 0.0625896972222
214 16.2214650262 0.062617475
215 16.2235483595 0.0625896972222
216 16.2255900262 0.0625896972222
217 16.2275483595 0.0625896972222
218 16.2005900262 0.0607841416667
219 16.2025900262 0.0607841416667
220 16.2046316929 0.0608119194444
221 16.2065483596 0.0608119194444
222 16.2085900262 0.0608396972222
223 16.2105483596 0.0608396972222
224 16.2125483596 0.0607841416667
225 16.2145900262 0.0608396972222
226 16.2165483596 0.0608396972222
227 16.2185900262 0.0608119194444
228 16.2205483596 0.060867475
229 16.2225900262 0.0608952527778
230 16.2245483596 0.0609230305556
231 16.2265900262 0.0608396972222
232 16.2285066929 0.060867475
233 16.2015483597 0.0590896972222
234 16.2035483597 0.0590896972222
235 16.2055900263 0.0591730305556
236 16.2075900263 0.0590619194444
237 16.209631693 0.0591730305556
238 16.2115483597 0.0590896972222
239 16.213506693 0.059117475
240 16.215506693 0.059117475
241 16.2175483597 0.0590896972222
242 16.2195900263 0.059117475
243 16.221631693 0.0591452527778
244 16.2235483597 0.0591452527778
245 16.2255483597 0.0591730305556
246 16.2275483597 0.0592008083333
