1 16.2005483581 0.086117475
2 16.2025066914 0.0860619194444
3 16.2045483581 0.0861452527778
4 16.2065483581 0.0861452527778
5 16.2084650247 0.0861452527778
6 16.2105483581 0.0860896972222
7 16.2125900247 0.0861730305556
8 16.2145066914 0.0860896972222
9 16.2165066914 0.0862008083333
10 16.2185483581 0.0861452527778
11 16.2205066914 0.0862008083333
12 16.2225066914 0.0862008083333
13 16.2244650247 0.0861730305556
14 16.2264650247 0.0861452527778
15 16.1995900249 0.0843396972222
16 16.2015066915 0.084367475
17 16.2035066915 0.0843952527778
18 16.2055066915 0.0844508083333
19 16.2075066915 0.0843952527778
20 16.2095483582 0.084367475
21 16.2115483582 0.0843396972222
22 16.2135066915 0.0843396972222
23 16.2155066915 0.0844230305556
24 16.2174233582 0.0844230305556
25 16.2195066915 0.084367475
26 16.2215066915 0.0844230305556
27 16.2235066915 0.0844230305556
28 16.2255483582 0.0844230305556
29 16.2274650248 0.0843952527778
30 16.2005483583 0.0826730305556
31 16.2025066916 0.0826730305556
32 16.2045066916 0.0825896972222
33 16.2065066916 0.0826730305556
34 16.2085066916 0.082617475
35 16.2105483583 0.082617475
36 16.2125066916 0.0827285861111
37 16.2145066916 0.0827008083333
38 16.2165066916 0.0826452527778
39 16.2185483583 0.0827285861111
40 16.2205483583 0.0826730305556
41 16.222465025 0.0826452527778
42 16.2245483583 0.0826730305556
43 16.2265066916 0.0827285861111
44 16.1995066917 0.0809230305556
45 16.2015483584 0.0809230305556
46 16.2035066917 0.0808952527778
47 16.2055483584 0.0809230305556
48 16.2075483584 0.0809508083333
49 16.2095066917 0.0809508083333
50 16.2115483584 0.0809230305556
51 16.2135483584 0.0809508083333
52 16.2155483584 0.0809230305556
53 16.2175900251 0.0809230305556
54 16.2195483584 0.0809785861111
55 16.2215066917 0.0809508083333
56 16.2235066917 0.0809230305556
57 16.2255066917 0.0809785861111
58 16.2275483584 0.0809230305556
59 16.2005483585 0.0792285861111
60 16.2025483585 0.0792285861111
61 16.2045900252 0.0792563638889
62 16.2065483585 0.0792285861111
63 16.2084650252 0.0792563638889
64 16.2105066919 0.0792008083333
65 16.2125066919 0.0792285861111
66 16.2145483585 0.0792563638889
67 16.2165066919 0.0792841416667
68 16.2185066919 0.0792563638889
69 16.2205900252 0.0792841416667
70 16.2225483585 0.0792563638889
71 16.2245483585 0.0792563638889
72 16.2265483585 0.0792563638889
73 16.1995483586 0.0775063638889
74 16.201506692 0.0774785861111
75 16.203506692 0.0775063638889
76 16.2055483586 0.0775063638889
77 16.2075900253 0.0775063638889
78 16.2095483586 0.0774785861111
79 16.2115483586 0.0775619194444
80 16.213506692 0.0775619194444
81 16.2155483586 0.0775341416667
82 16.2175483586 0.0775063638889
83 16.2195483586 0.0775341416667
84 16.2215483586 0.0774508083333
85 16.223506692 0.0775063638889
86 16.225506692 0.0775341416667
87 16.227506692 0.0775619194444
88 16.2005483587 0.0757285861111
89 16.2025066921 0.0757285861111
90 16.2045483587 0.0758119194444
91 16.2065066921 0.0757563638889
92 16.2085066921 0.0757563638889
93 16.2105900254 0.0757841416667
94 16.2125066921 0.0757841416667
95 16.2145066921 0.0757563638889
96 16.2165483587 0.0758119194444
97 16.2185483587 0.0757563638889
98 16.2205066921 0.0758119194444
99 16.2225483587 0.0758396972222
100 16.2245483587 0.0757841416667
101 16.2264650254 0.075867475
102 16.1995900255 0.0740063638889
103 16.2015483589 0.0739785861111
104 16.2035900255 0.0740341416667
105 16.2055483588 0.0740896972222
106 16.2075483588 0.0740896972222
107 16.2095483589 0.0740341416667
108 16.2115483589 0.0740341416667
109 16.2135066922 0.0740896972222
110 16.2155900255 0.0740341416667
111 16.2175066922 0.0740896972222
112 16.2194650255 0.074117475
113 16.2215483588 0.0740619194444
114 16.2234650255 0.0740341416667
115 16.2255900255 0.0740619194444
116 16.2275483589 0.0740341416667
117 16.200548359 0.0723396972222
118 16.202548359 0.0723119194444
119 16.204548359 0.0723119194444
120 16.2065066923 0.0722841416667
121 16.208548359 0.0723396972222
122 16.2105483589 0.0724230305556
123 16.2125066923 0.0723952527778
124 16.2145066923 0.0723396972222
125 16.216548359 0.072367475
126 16.2185483589 0.0723952527778
127 16.2205066923 0.072367475
128 16.2225483589 0.0723952527778
129 16.2245483589 0.0723952527778
130 16.2265066923 0.072367475
131 16.1995900257 0.070617475
132 16.2015900257 0.070617475
133 16.2035900257 0.0706730305556
134 16.2055900257 0.0705896972222
135 16.2075900257 0.0705896972222
136 16.2095483591 0.0706452527778
137 16.2115483591 0.0705896972222
138 16.2135483591 0.070617475
139 16.2155900257 0.070617475
140 16.2175900257 0.0706452527778
141 16.2195900257 0.0706730305556
142 16.2215066924 0.0706452527778
143 16.2235483591 0.0706452527778
144 16.2255900257 0.0706730305556
145 16.227548359 0.0706730305556
146 16.2005900258 0.0688119194444
147 16.2025483592 0.0688396972222
148 16.2045066925 0.068867475
149 16.2065066925 0.068867475
150 16.2085900258 0.0688952527778
151 16.2105483591 0.0689230305556
152 16.2125483592 0.068867475
153 16.2145900258 0.0689508083333
154 16.2165483591 0.0689230305556
155 16.2185066925 0.068867475
156 16.2205483592 0.0688952527778
157 16.2225066925 0.0689508083333
158 16.2244650258 0.0689230305556
159 16.2265483592 0.0688952527778
160 16.1995483592 0.0671730305556
161 16.2015483592 0.0671452527778
162 16.2035900259 0.0671452527778
163 16.2055900259 0.0671452527778
164 16.2075900259 0.0671452527778
165 16.2095900259 0.0671452527778
166 16.2115900259 0.0671452527778
167 16.2135900259 0.0672008083333
168 16.2155483592 0.0672008083333
169 16.2176316926 0.0672285861111
170 16.2195066926 0.0671730305556
171 16.2215483592 0.0672008083333
172 16.2235483592 0.0672285861111
173 16.2255483592 0.067117475
174 16.2275900259 0.0671452527778
175 16.2005483593 0.0654785861111
176 16.2025066927 0.0654785861111
177 16.2045483593 0.0654785861111
178 16.2065483593 0.0653952527778
179 16.2085483593 0.0654508083333
180 16.210590026 0.0655341416667
181 16.212590026 0.0654785861111
182 16.214590026 0.0655063638889
183 16.2165483593 0.0654508083333
184 16.2185483593 0.0655063638889
185 16.2205483593 0.0654508083333
186 16.2225483593 0.0655063638889
187 16.2245483593 0.0655341416667
188 16.2265066927 0.0655063638889
189 16.1996316928 0.0636452527778
190 16.2015900261 0.0636730305556
191 16.2035900261 0.0637285861111
192 16.2055900261 0.0637285861111
193 16.2075900261 0.0637563638889
194 16.2095483594 0.0637563638889
195 16.2115483594 0.0637008083333
196 16.2135900261 0.0637563638889
197 16.2155483594 0.0637285861111
198 16.2175900261 0.0637285861111
199 16.2195900261 0.0638119194444
200 16.2215483594 0.0637285861111
201 16.2235900261 0.0637563638889
202 16.2255066928 0.0637563638889
203 16.2275483594 0.0638396972222
204 16.2005483595 0.0619785861111
205 16.2025483595 0.0619508083333
206 16.2045483595 0.0619785861111
207 16.2065483595 0.0620063638889
208 16.2085483595 0.0620063638889
209 16.2105900262 0.0620341416667
210 16.2124650262 0.0619508083333
211 16.2145900262 0.0619508083333
212 16.2165066929 0.0619785861111
213 16.2185900262 0.0620063638889
214 16.2204650262 0.0620619194444
215 16.2225483595 0.0620341416667
216 16.2245900262 0.0620341416667
217 16.2265483595 0.0620063638889
218 16.1995900263 0.0602285861111
219 16.2015900263 0.0602285861111
220 16.2036316929 0.0602563638889
221 16.2055066929 0.0602563638889
222 16.2075900263 0.0602841416667
223 16.2095483596 0.0602563638889
224 16.2115483596 0.0602285861111
225 16.2135900263 0.0602841416667
226 16.2155483596 0.0602841416667
227 16.2175900263 0.0602563638889
228 16.2195483596 0.0602841416667
229 16.2215483596 0.0603396972222
230 16.2235483596 0.0603396972222
231 16.2255483596 0.0602841416667
232 16.2275066929 0.0602841416667
233 16.200506693 0.0585341416667
234 16.202506693 0.0585341416667
235 16.2045483597 0.058617475
236 16.2065900264 0.0585063638889
237 16.208631693 0.058617475
238 16.2105483597 0.0585341416667
239 16.212506693 0.0585619194444
240 16.214506693 0.0585619194444
241 16.2165483597 0.0585341416667
242 16.2185483597 0.0585619194444
243 16.2205900264 0.0585896972222
244 16.2225483597 0.0585896972222
245 16.2245483597 0.058617475
246 16.2265483597 0.0586452527778
