1 16.2275900263 0.0591730305556
2 16.2295900263 0.0590896972222
3 16.231631693 0.0592008083333
4 16.2335900263 0.0592008083333
5 16.2355483597 0.0592008083333
6 16.2375900263 0.0591452527778
7 16.239631693 0.0592285861111
8 16.2415900263 0.059117475
9 16.2435483597 0.0592285861111
10 16.2455900263 0.0592008083333
11 16.2475483597 0.0592563638889
12 16.2495483597 0.0592563638889
13 16.251506693 0.0592285861111
14 16.2535483597 0.0592008083333
15 16.2266733597 0.057367475
16 16.2285483597 0.0574230305556
17 16.2305900264 0.0574508083333
18 16.2325483597 0.0575063638889
19 16.2345483597 0.0574230305556
20 16.2365900264 0.0574230305556
21 16.2385900264 0.057367475
22 16.2405483597 0.0573952527778
23 16.2425483597 0.0574785861111
24 16.2445066931 0.0574785861111
25 16.2465483597 0.0574230305556
26 16.2485483597 0.0574785861111
27 16.2505483597 0.0574785861111
28 16.2525900264 0.0574508083333
29 16.2545066931 0.0574508083333
30 16.2275900265 0.0557008083333
31 16.2295483598 0.0557285861111
32 16.2315483598 0.0556452527778
33 16.2335483598 0.0557285861111
34 16.2355483598 0.0556452527778
35 16.2375900265 0.0556730305556
36 16.2395900265 0.0557841416667
37 16.2415900265 0.0557563638889
38 16.2435483598 0.0556730305556
39 16.2456316932 0.0557841416667
40 16.2475900265 0.0557285861111
41 16.2495066932 0.0557008083333
42 16.2515900265 0.0557285861111
43 16.2535900265 0.0557841416667
44 16.2265900266 0.0539508083333
45 16.2285900266 0.0539785861111
46 16.2305900266 0.0539508083333
47 16.2325900266 0.0539785861111
48 16.2345900266 0.0540063638889
49 16.2365483599 0.0540063638889
50 16.2385900266 0.0539508083333
51 16.2406316932 0.0540063638889
52 16.2426316932 0.0539785861111
53 16.2446316932 0.0539785861111
54 16.2465900266 0.0540063638889
55 16.2485483599 0.0540063638889
56 16.2505483599 0.0539785861111
57 16.2525483599 0.0540341416667
58 16.2545900266 0.0539785861111
59 16.2275900266 0.0522841416667
60 16.2295900266 0.0522841416667
61 16.2316316933 0.0523119194444
62 16.2335900266 0.0522563638889
63 16.23554836 0.0523119194444
64 16.2375900266 0.0522563638889
65 16.2395900266 0.0522563638889
66 16.2415900266 0.0523119194444
67 16.24354836 0.0523396972222
68 16.2455900266 0.0523119194444
69 16.2476316933 0.0523396972222
70 16.2496316933 0.0523119194444
71 16.2515900266 0.0523119194444
72 16.2536316933 0.0523119194444
73 16.2265900267 0.0505619194444
74 16.22854836 0.0505341416667
75 16.2305900267 0.0505341416667
76 16.2326316934 0.0505341416667
77 16.2346316934 0.0505619194444
78 16.2365900267 0.0505341416667
79 16.2386316934 0.0505896972222
80 16.24054836 0.0505896972222
81 16.2425900267 0.0505896972222
82 16.2446316934 0.0505619194444
83 16.2465900267 0.0505896972222
84 16.2486316934 0.0505063638889
85 16.2505900267 0.0505619194444
86 16.25254836 0.0505896972222
87 16.2545900267 0.050617475
88 16.2275900268 0.0487841416667
89 16.2295900268 0.0487841416667
90 16.2315900268 0.048867475
91 16.2335900268 0.0487841416667
92 16.2355900268 0.0488119194444
93 16.2376316935 0.0488396972222
94 16.2395900268 0.0488396972222
95 16.2415483601 0.0487841416667
96 16.2436316935 0.048867475
97 16.2456316935 0.0487841416667
98 16.2475483601 0.048867475
99 16.2495900268 0.0488952527778
100 16.2516316935 0.0488396972222
101 16.2535066934 0.0488952527778
102 16.2266316935 0.0470619194444
103 16.2286316935 0.0470341416667
104 16.2306316935 0.0470896972222
105 16.2326316935 0.0471452527778
106 16.2346316935 0.0471452527778
107 16.2366316935 0.0470896972222
108 16.2386316935 0.0470896972222
109 16.2405900269 0.0471452527778
110 16.2426316935 0.0470896972222
111 16.2445900269 0.0471452527778
112 16.2465483602 0.0471730305556
113 16.2486316935 0.047117475
114 16.2505483602 0.0470896972222
115 16.2526316935 0.0470896972222
116 16.2545900269 0.0470896972222
117 16.2275900269 0.045367475
118 16.2295900269 0.045367475
119 16.2316316936 0.045367475
120 16.2335900269 0.0453396972222
121 16.2355900269 0.0453952527778
122 16.2376316936 0.0454785861111
123 16.2395483602 0.0454508083333
124 16.2415483603 0.0453952527778
125 16.2436316936 0.0454230305556
126 16.2456316936 0.0454508083333
127 16.2475483603 0.0454230305556
128 16.2495900269 0.0454508083333
129 16.2515900269 0.0454230305556
130 16.2535483603 0.0454230305556
131 16.2266316936 0.0436730305556
132 16.2286316936 0.0436730305556
133 16.2306733603 0.0437008083333
134 16.2326316936 0.0436452527778
135 16.2346316936 0.0436452527778
136 16.236590027 0.0437008083333
137 16.2386316936 0.0436452527778
138 16.240590027 0.0436730305556
139 16.2426316936 0.0436730305556
140 16.2446316936 0.0437008083333
141 16.2466316936 0.0437008083333
142 16.248590027 0.0437008083333
143 16.250590027 0.0437008083333
144 16.2526316936 0.0437008083333
145 16.254590027 0.0437285861111
146 16.2276316937 0.0418396972222
147 16.229590027 0.041867475
148 16.231590027 0.0419230305556
149 16.233590027 0.0419230305556
150 16.2356316937 0.0419230305556
151 16.237590027 0.0419508083333
152 16.239590027 0.0418952527778
153 16.2416316937 0.0420063638889
154 16.2436316937 0.0419785861111
155 16.245590027 0.0418952527778
156 16.247590027 0.0419230305556
157 16.2495483604 0.0420063638889
158 16.2515066937 0.0419785861111
159 16.253590027 0.0419508083333
160 16.2265900271 0.0402285861111
161 16.2286316938 0.0401730305556
162 16.2306733604 0.0402008083333
163 16.2326316938 0.0402008083333
164 16.2346733604 0.0401730305556
165 16.2366316938 0.0402008083333
166 16.2386733604 0.0402008083333
167 16.2406316938 0.0402563638889
168 16.2426316938 0.0402563638889
169 16.2446733604 0.0402841416667
170 16.2465900271 0.0402285861111
171 16.2486316938 0.0402563638889
172 16.2505900271 0.0402841416667
173 16.2526316938 0.0401730305556
174 16.2546316938 0.0402008083333
175 16.2275900272 0.0385341416667
176 16.2295900272 0.0385341416667
177 16.2316316938 0.0385341416667
178 16.2336316938 0.0384508083333
179 16.2356316938 0.0385063638889
180 16.2376316938 0.0385619194444
181 16.2396316938 0.0385341416667
182 16.2416733605 0.0385619194444
183 16.2436316938 0.0385063638889
184 16.2455900272 0.0385619194444
185 16.2475900272 0.0385063638889
186 16.2495900272 0.0385619194444
187 16.2516316938 0.0385896972222
188 16.2535483605 0.0385619194444
189 16.2267150272 0.0367008083333
190 16.2286733605 0.0367285861111
191 16.2306316939 0.0367563638889
192 16.2326316939 0.0367563638889
193 16.2346733605 0.0367841416667
194 16.2366316939 0.0367841416667
195 16.2386316939 0.0367563638889
196 16.2406316939 0.0368119194444
197 16.2425900272 0.0367841416667
198 16.2446316939 0.0367841416667
199 16.2466316939 0.036867475
200 16.2486316939 0.0367841416667
201 16.2506316939 0.0368119194444
202 16.2525483605 0.0367841416667
203 16.2546316939 0.036867475
204 16.2275900273 0.0350341416667
205 16.2295900273 0.0350063638889
206 16.2316316939 0.0350341416667
207 16.2335900273 0.0350341416667
208 16.2355900273 0.0350619194444
209 16.2376316939 0.0350619194444
210 16.2395483606 0.0350063638889
211 16.2416316939 0.0349785861111
212 16.2435900273 0.0350341416667
213 16.2456316939 0.0350619194444
214 16.2475483606 0.0350896972222
215 16.2495900273 0.0350896972222
216 16.2516316939 0.0350619194444
217 16.2536316939 0.0350619194444
218 16.226631694 0.0332841416667
219 16.2286733606 0.0332841416667
220 16.2307150273 0.0332841416667
221 16.2325900273 0.0333119194444
222 16.234631694 0.0333119194444
223 16.2365900273 0.0333119194444
224 16.2385900273 0.0332841416667
225 16.240631694 0.0333396972222
226 16.2425900273 0.0333396972222
227 16.2446733606 0.0333119194444
228 16.2465900273 0.0333396972222
229 16.248631694 0.0333952527778
230 16.250631694 0.0333952527778
231 16.252631694 0.0333396972222
232 16.2545900273 0.0333396972222
233 16.2275900274 0.0315896972222
234 16.2295900274 0.0315896972222
235 16.231631694 0.0316730305556
236 16.2336733607 0.0315619194444
237 16.2356733607 0.0316452527778
238 16.2375900274 0.0315619194444
239 16.2395900274 0.031617475
240 16.2415900274 0.031617475
241 16.243631694 0.0315619194444
242 16.245631694 0.031617475
243 16.2476733607 0.0316452527778
244 16.2495900274 0.0316452527778
245 16.2515900274 0.0316730305556
246 16.253631694 0.0317008083333
