1 16.2285900264 0.058617475
2 16.2305900264 0.0585619194444
3 16.232631693 0.0586452527778
4 16.2345900264 0.0586452527778
5 16.2365483597 0.0586452527778
6 16.238631693 0.0585896972222
7 16.240631693 0.0586730305556
8 16.2425900264 0.0585619194444
9 16.2445483597 0.0586730305556
10 16.2465900264 0.0586452527778
11 16.2485900264 0.0587008083333
12 16.2505483597 0.0587008083333
13 16.2525483597 0.0586730305556
14 16.2545483597 0.0586452527778
15 16.2276733598 0.0568119194444
16 16.2295483598 0.056867475
17 16.2315900264 0.0568952527778
18 16.2335483598 0.0569508083333
19 16.2355483598 0.056867475
20 16.2375900264 0.056867475
21 16.2395900264 0.0568396972222
22 16.2415900264 0.0568396972222
23 16.2435483598 0.0569230305556
24 16.2455066931 0.0569230305556
25 16.2475483598 0.056867475
26 16.2495483598 0.0569230305556
27 16.2515900264 0.0569230305556
28 16.2536316931 0.0568952527778
29 16.2555483598 0.0568952527778
30 16.2286316932 0.0551452527778
31 16.2305483598 0.0551730305556
32 16.2325483599 0.0550896972222
33 16.2345483598 0.0551730305556
34 16.2365900265 0.055117475
35 16.2385900265 0.055117475
36 16.2405900265 0.0552285861111
37 16.2425900265 0.0552008083333
38 16.2445483599 0.055117475
39 16.2466316932 0.0552285861111
40 16.2485900265 0.0551730305556
41 16.2505066932 0.0551452527778
42 16.2525900265 0.0551730305556
43 16.2545900265 0.0552285861111
44 16.2275900266 0.0533952527778
45 16.2295900266 0.0534230305556
46 16.2315900266 0.0533952527778
47 16.2336316933 0.0534230305556
48 16.2355900266 0.0534508083333
49 16.2375483599 0.0534508083333
50 16.2395900266 0.0533952527778
51 16.2416316933 0.0534508083333
52 16.2436316933 0.0534230305556
53 16.2456316933 0.0534230305556
54 16.2476316933 0.0534508083333
55 16.2495483599 0.0534508083333
56 16.2515483599 0.0534230305556
57 16.2535483599 0.0534785861111
58 16.2555900266 0.0534230305556
59 16.2285900267 0.0517285861111
60 16.2306316933 0.0517285861111
61 16.2326316933 0.0517563638889
62 16.2346316933 0.0517008083333
63 16.23654836 0.0517563638889
64 16.2385900267 0.0517008083333
65 16.2405900267 0.0517285861111
66 16.2425900267 0.0517563638889
67 16.24454836 0.0517841416667
68 16.2465900267 0.0517563638889
69 16.2486316933 0.0517841416667
70 16.2506316933 0.0517563638889
71 16.2525900267 0.0517563638889
72 16.2546316933 0.0517563638889
73 16.2276316934 0.0500063638889
74 16.2295483601 0.0499785861111
75 16.2315900267 0.0499785861111
76 16.2336316934 0.0499785861111
77 16.2356316934 0.0500063638889
78 16.2376316934 0.0499785861111
79 16.2396316934 0.0500341416667
80 16.2415900267 0.0500341416667
81 16.2435900267 0.0500341416667
82 16.2456316934 0.0500063638889
83 16.2476316934 0.0500341416667
84 16.2496316934 0.0499508083333
85 16.2515900267 0.0500063638889
86 16.2535900267 0.0500341416667
87 16.2555900267 0.0500619194444
88 16.2285900268 0.0482285861111
89 16.2305900268 0.0482285861111
90 16.2326316935 0.0483119194444
91 16.2345900268 0.0482563638889
92 16.2365900268 0.0482563638889
93 16.2386316935 0.0482841416667
94 16.2405900268 0.0482841416667
95 16.2425483601 0.0482285861111
96 16.2446316935 0.0483119194444
97 16.2466316935 0.0482563638889
98 16.2485900268 0.0483119194444
99 16.2506316935 0.0483396972222
100 16.2526316935 0.0482841416667
101 16.2545066935 0.048367475
102 16.2276733602 0.0465063638889
103 16.2296316935 0.0464785861111
104 16.2316316935 0.0465341416667
105 16.2336316935 0.0465896972222
106 16.2356316935 0.0465896972222
107 16.2376316935 0.0465341416667
108 16.2396316935 0.0465341416667
109 16.2415900269 0.0465896972222
110 16.2436733602 0.0465341416667
111 16.2455900269 0.0465896972222
112 16.2475483602 0.046617475
113 16.2496316935 0.0465619194444
114 16.2515483602 0.0465341416667
115 16.2536316935 0.0465619194444
116 16.2555900269 0.0465341416667
117 16.2285900269 0.0448396972222
118 16.2306316936 0.0448119194444
119 16.2326316936 0.0448119194444
120 16.2345900269 0.0447841416667
121 16.2366316936 0.0448396972222
122 16.2386316936 0.0449230305556
123 16.2405483603 0.0448952527778
124 16.2425483603 0.0448396972222
125 16.2446316936 0.044867475
126 16.2466316936 0.0448952527778
127 16.2485483603 0.044867475
128 16.2506316936 0.0448952527778
129 16.2525900269 0.044867475
130 16.2545483603 0.044867475
131 16.2276316937 0.043117475
132 16.2296316937 0.043117475
133 16.2316733603 0.0431452527778
134 16.2336733603 0.0430896972222
135 16.2356316937 0.0430896972222
136 16.2376316937 0.0431452527778
137 16.2396316937 0.0430896972222
138 16.2416316937 0.043117475
139 16.2436733603 0.043117475
140 16.2456316937 0.0431452527778
141 16.2476316937 0.0431730305556
142 16.249590027 0.0431452527778
143 16.251590027 0.0431452527778
144 16.2536316937 0.0431452527778
145 16.255590027 0.0431730305556
146 16.2286316937 0.0412841416667
147 16.2305900271 0.0413396972222
148 16.2325900271 0.041367475
149 16.2345900271 0.041367475
150 16.2366316937 0.041367475
151 16.2385900271 0.0413952527778
152 16.2406316937 0.0413396972222
153 16.2426316937 0.0414508083333
154 16.2446316937 0.0414230305556
155 16.2465900271 0.0413396972222
156 16.2485900271 0.041367475
157 16.2505900271 0.0414508083333
158 16.2525066937 0.0414230305556
159 16.2545900271 0.0413952527778
160 16.2275900271 0.0396730305556
161 16.2296316938 0.039617475
162 16.2316733605 0.0396452527778
163 16.2336316938 0.0396452527778
164 16.2356733605 0.0396452527778
165 16.2376316938 0.0396452527778
166 16.2396733605 0.0396452527778
167 16.2416316938 0.0397008083333
168 16.2436316938 0.0397008083333
169 16.2457150271 0.0397285861111
170 16.2475900271 0.0396730305556
171 16.2496316938 0.0397008083333
172 16.2516316938 0.0397285861111
173 16.2536316938 0.039617475
174 16.2556316938 0.0396452527778
175 16.2286316938 0.0379785861111
176 16.2305900272 0.0379785861111
177 16.2326316938 0.0379785861111
178 16.2346316938 0.0378952527778
179 16.2366316938 0.0379508083333
180 16.2386316938 0.0380063638889
181 16.2406316938 0.0379785861111
182 16.2426733605 0.0380063638889
183 16.2446316938 0.0379508083333
184 16.2465900272 0.0380063638889
185 16.2486316938 0.0379508083333
186 16.2505900272 0.0380063638889
187 16.2526316938 0.0380341416667
188 16.2545900272 0.0380063638889
189 16.2277150272 0.0361452527778
190 16.2296733606 0.0361730305556
191 16.2316733606 0.0362008083333
192 16.2336316939 0.0362008083333
193 16.2356733606 0.0362285861111
194 16.2376316939 0.0362285861111
195 16.2396316939 0.0362008083333
196 16.2416316939 0.0362563638889
197 16.2436316939 0.0362285861111
198 16.2456316939 0.0362285861111
199 16.2476733606 0.0363119194444
200 16.2496316939 0.0362285861111
201 16.2516733606 0.0362563638889
202 16.2535483606 0.0362285861111
203 16.2556316939 0.0363119194444
204 16.2285900273 0.0344785861111
205 16.2306316939 0.0344508083333
206 16.2326316939 0.0344785861111
207 16.2346316939 0.0344785861111
208 16.2365900273 0.0345063638889
209 16.2386316939 0.0345063638889
210 16.2405483606 0.0344508083333
211 16.2426733606 0.0344230305556
212 16.2445900273 0.0344785861111
213 16.2466316939 0.0345063638889
214 16.2485483606 0.0345341416667
215 16.2505900273 0.0345341416667
216 16.2526733606 0.0345341416667
217 16.2546316939 0.0345063638889
218 16.227631694 0.0327285861111
219 16.2296733607 0.0327285861111
220 16.2317150273 0.0327285861111
221 16.2335900273 0.0327563638889
222 16.235631694 0.0327563638889
223 16.237631694 0.0327563638889
224 16.2395900273 0.0327285861111
225 16.241631694 0.0327841416667
226 16.2435900273 0.0327841416667
227 16.2456733607 0.0327563638889
228 16.2475900273 0.0327841416667
229 16.249631694 0.0328396972222
230 16.251631694 0.0328396972222
231 16.253631694 0.0327841416667
232 16.2555900273 0.0327841416667
233 16.2285900274 0.0310341416667
234 16.2305900274 0.0310341416667
235 16.232631694 0.031117475
236 16.2346733607 0.0310063638889
237 16.2366733607 0.031117475
238 16.238631694 0.0310063638889
239 16.2405900274 0.0310619194444
240 16.2425900274 0.0310619194444
241 16.244631694 0.0310063638889
242 16.246631694 0.0310619194444
243 16.2486733607 0.0310896972222
244 16.250631694 0.0310896972222
245 16.2525900274 0.031117475
246 16.254631694 0.0311452527778
