1 16.2285900248 0.0855619194444
2 16.2305900248 0.0855063638889
3 16.2326316914 0.0855896972222
4 16.2345900248 0.0855896972222
5 16.2365483581 0.0855896972222
6 16.2386316914 0.0855341416667
7 16.2406316914 0.0856452527778
8 16.2425900248 0.0855341416667
9 16.2445483581 0.0856452527778
10 16.2465900248 0.0855896972222
11 16.2485900248 0.0856452527778
12 16.2505483581 0.0856452527778
13 16.2525483581 0.085617475
14 16.2545483581 0.0855896972222
15 16.2276733582 0.0837841416667
16 16.2295483582 0.0838119194444
17 16.2315900249 0.0838396972222
18 16.2335483582 0.0838952527778
19 16.2355483582 0.0838396972222
20 16.2375900249 0.0838119194444
21 16.2395900249 0.0837841416667
22 16.2415900249 0.0837841416667
23 16.2435483582 0.083867475
24 16.2455066915 0.083867475
25 16.2475483582 0.0838119194444
26 16.2495483582 0.083867475
27 16.2515900249 0.083867475
28 16.2536316915 0.083867475
29 16.2555483582 0.0838396972222
30 16.2286316917 0.082117475
31 16.2305483583 0.082117475
32 16.2325483583 0.0820341416667
33 16.2345483583 0.082117475
34 16.236590025 0.0820619194444
35 16.238590025 0.0820619194444
36 16.240590025 0.0821730305556
37 16.242590025 0.0821452527778
38 16.2445483583 0.0820896972222
39 16.2466316917 0.0821730305556
40 16.248590025 0.082117475
41 16.2505066917 0.0820896972222
42 16.252590025 0.082117475
43 16.254590025 0.0821730305556
44 16.2275900251 0.080367475
45 16.2295900251 0.080367475
46 16.2315900251 0.0803396972222
47 16.2336316918 0.080367475
48 16.2355900251 0.0803952527778
49 16.2375483584 0.0803952527778
50 16.2395900251 0.080367475
51 16.2416316918 0.0803952527778
52 16.2436316918 0.080367475
53 16.2456316918 0.080367475
54 16.2476316918 0.0804230305556
55 16.2495483584 0.0803952527778
56 16.2515483585 0.080367475
57 16.2535483584 0.0804230305556
58 16.2555900251 0.080367475
59 16.2285900252 0.0786730305556
60 16.2306316919 0.0786730305556
61 16.2326316919 0.0787008083333
62 16.2346316919 0.0786730305556
63 16.2365483586 0.0787008083333
64 16.2385900252 0.0786452527778
65 16.2405900252 0.0786730305556
66 16.2425900252 0.0787008083333
67 16.2445483586 0.0787285861111
68 16.2465900252 0.0787008083333
69 16.2486316919 0.0787285861111
70 16.2506316919 0.0787285861111
71 16.2525900252 0.0787008083333
72 16.2546316919 0.0787008083333
73 16.227631692 0.0769508083333
74 16.2295483587 0.0769230305556
75 16.2315900253 0.0769508083333
76 16.233631692 0.0769508083333
77 16.235631692 0.0769508083333
78 16.237631692 0.0769508083333
79 16.239631692 0.0770063638889
80 16.2415900253 0.0770063638889
81 16.2435900253 0.0769785861111
82 16.245631692 0.0769508083333
83 16.247631692 0.0769785861111
84 16.249631692 0.0769230305556
85 16.2515900253 0.0769508083333
86 16.2535900253 0.0769785861111
87 16.2555900253 0.0770063638889
88 16.2285900254 0.0751730305556
89 16.2305900254 0.0751730305556
90 16.2326316921 0.0752563638889
91 16.2345900254 0.0752008083333
92 16.2365900254 0.0752008083333
93 16.2386316921 0.0752285861111
94 16.2405900254 0.0752285861111
95 16.2425483588 0.0752008083333
96 16.2446316921 0.0752563638889
97 16.2466316921 0.0752008083333
98 16.2485900254 0.0752563638889
99 16.2506316921 0.0752841416667
100 16.2526316921 0.0752563638889
101 16.2545066921 0.0753119194444
102 16.2276733589 0.0734508083333
103 16.2296316922 0.0734230305556
104 16.2316316922 0.0734785861111
105 16.2336316922 0.0735341416667
106 16.2356316922 0.0735341416667
107 16.2376316922 0.0734785861111
108 16.2396316922 0.0734785861111
109 16.2415900255 0.0735341416667
110 16.2436733589 0.0734785861111
111 16.2455900255 0.0735341416667
112 16.2475483589 0.0735619194444
113 16.2496316922 0.0735063638889
114 16.2515483589 0.0734785861111
115 16.2536316922 0.0735063638889
116 16.2555900256 0.0734785861111
117 16.2285900257 0.0717841416667
118 16.2306316923 0.0717563638889
119 16.2326316923 0.0717563638889
120 16.2345900257 0.0717285861111
121 16.2366316923 0.0717841416667
122 16.2386316923 0.071867475
123 16.240548359 0.0718396972222
124 16.242548359 0.0717841416667
125 16.2446316923 0.0718119194444
126 16.2466316923 0.0718396972222
127 16.248548359 0.0718119194444
128 16.2506316923 0.0718396972222
129 16.2525900256 0.0718396972222
130 16.254548359 0.0718119194444
131 16.2276316924 0.0700619194444
132 16.2296316924 0.0700896972222
133 16.2316733591 0.070117475
134 16.2336733591 0.0700341416667
135 16.2356316924 0.0700341416667
136 16.2376316924 0.0700896972222
137 16.2396316924 0.0700341416667
138 16.2416316924 0.0700619194444
139 16.2436733591 0.0700619194444
140 16.2456316924 0.0700896972222
141 16.2476316924 0.070117475
142 16.2495900257 0.0700896972222
143 16.2515900257 0.0700896972222
144 16.2536316924 0.070117475
145 16.2555900257 0.070117475
146 16.2286316925 0.0682563638889
147 16.2305900259 0.0682841416667
148 16.2325900259 0.0683119194444
149 16.2345900259 0.0683119194444
150 16.2366316925 0.0683396972222
151 16.2385900258 0.068367475
152 16.2406316925 0.0683119194444
153 16.2426316925 0.0683952527778
154 16.2446316925 0.068367475
155 16.2465900259 0.0683119194444
156 16.2485900258 0.0683396972222
157 16.2505900258 0.0683952527778
158 16.2525066925 0.068367475
159 16.2545900258 0.0683396972222
160 16.2275900259 0.066617475
161 16.2296316926 0.0665896972222
162 16.2316733593 0.0665896972222
163 16.2336316926 0.0665896972222
164 16.2356733593 0.0665896972222
165 16.2376316926 0.0665896972222
166 16.2396733593 0.0665896972222
167 16.2416316926 0.0666452527778
168 16.2436316926 0.0666452527778
169 16.2457150259 0.0666730305556
170 16.2475900259 0.066617475
171 16.2496316926 0.0666730305556
172 16.2516316926 0.0666730305556
173 16.2536316926 0.0665619194444
174 16.2556316926 0.0665896972222
175 16.2286316927 0.0649230305556
176 16.230590026 0.0649230305556
177 16.2326316927 0.0649230305556
178 16.2346316927 0.0648396972222
179 16.2366316927 0.0648952527778
180 16.2386316927 0.0649785861111
181 16.2406316927 0.0649230305556
182 16.2426733594 0.0649508083333
183 16.2446316927 0.0648952527778
184 16.246590026 0.0649508083333
185 16.2486316927 0.0649230305556
186 16.250590026 0.0649508083333
187 16.2526316927 0.0649785861111
188 16.254590026 0.0649508083333
189 16.2277150261 0.0630896972222
190 16.2296733595 0.063117475
191 16.2316733595 0.0631730305556
192 16.2336316928 0.0631730305556
193 16.2356733595 0.0632008083333
194 16.2376316928 0.0632008083333
195 16.2396316928 0.0631452527778
196 16.2416316928 0.0632008083333
197 16.2436316928 0.0631730305556
198 16.2456316928 0.0631730305556
199 16.2476733595 0.0632563638889
200 16.2496316928 0.0631730305556
201 16.2516733595 0.0632008083333
202 16.2535483595 0.0632008083333
203 16.2556316928 0.0632841416667
204 16.2285900262 0.0614230305556
205 16.2306316929 0.0613952527778
206 16.2326316929 0.0614230305556
207 16.2346316929 0.0614508083333
208 16.2365900262 0.0614508083333
209 16.2386316929 0.0614785861111
210 16.2405483596 0.0613952527778
211 16.2426733596 0.0613952527778
212 16.2445900262 0.0614230305556
213 16.2466316929 0.0614508083333
214 16.2485483595 0.0615063638889
215 16.2505900262 0.0614785861111
216 16.2526733595 0.0614785861111
217 16.2546316929 0.0614508083333
218 16.227631693 0.0596730305556
219 16.2296733596 0.0596730305556
220 16.2317150263 0.0597008083333
221 16.2335900263 0.0597008083333
222 16.235631693 0.0597285861111
223 16.237631693 0.0597285861111
224 16.2395900263 0.0596730305556
225 16.241631693 0.0597285861111
226 16.2435900263 0.0597285861111
227 16.2456733596 0.0597008083333
228 16.2475900263 0.0597563638889
229 16.249631693 0.0597841416667
230 16.251631693 0.0597841416667
231 16.253631693 0.0597285861111
232 16.2555900263 0.0597563638889
233 16.2285900264 0.0579785861111
234 16.2305900264 0.0579785861111
235 16.232631693 0.0580619194444
236 16.2346733597 0.0579508083333
237 16.2366733597 0.0580619194444
238 16.2386316931 0.0579785861111
239 16.2405900264 0.0580063638889
240 16.2425900264 0.0580063638889
241 16.2446316931 0.0579785861111
242 16.2466316931 0.0580063638889
243 16.2486733597 0.0580341416667
244 16.250631693 0.0580341416667
245 16.2525900264 0.0580619194444
246 16.254631693 0.0580896972222
