1 16.2285900263 0.0597285861111
2 16.2305900263 0.0596730305556
3 16.232631693 0.0597563638889
4 16.2345900263 0.0597563638889
5 16.2365483596 0.0597563638889
6 16.238631693 0.0597008083333
7 16.240631693 0.0597841416667
8 16.2425900263 0.0596730305556
9 16.2445483596 0.0598119194444
10 16.2465900263 0.0597563638889
11 16.2485900263 0.0598119194444
12 16.2505483596 0.0598119194444
13 16.2525483596 0.0597841416667
14 16.2545483596 0.0597563638889
15 16.2276733597 0.0579508083333
16 16.2295483597 0.0579785861111
17 16.2315900264 0.0580063638889
18 16.2335483597 0.0580619194444
19 16.2355483597 0.0580063638889
20 16.2375900264 0.0579785861111
21 16.2395900264 0.0579508083333
22 16.2415900264 0.0579508083333
23 16.2435483597 0.0580341416667
24 16.245506693 0.0580341416667
25 16.2475483597 0.0579785861111
26 16.2495483597 0.0580341416667
27 16.2515900264 0.0580341416667
28 16.2536316931 0.0580063638889
29 16.2555483597 0.0580063638889
30 16.2286316931 0.0562563638889
31 16.2305483598 0.0562841416667
32 16.2325483598 0.0562008083333
33 16.2345483598 0.0562841416667
34 16.2365900265 0.0562285861111
35 16.2385900265 0.0562285861111
36 16.2405900265 0.0563396972222
37 16.2425900265 0.0563119194444
38 16.2445483598 0.0562563638889
39 16.2466316931 0.0563396972222
40 16.2485900265 0.0562841416667
41 16.2505066931 0.0562563638889
42 16.2525900265 0.0562841416667
43 16.2545900265 0.0563396972222
44 16.2275900265 0.0545341416667
45 16.2295900265 0.0545341416667
46 16.2315900265 0.0545063638889
47 16.2336316932 0.0545341416667
48 16.2355900265 0.0545619194444
49 16.2375483599 0.0545619194444
50 16.2395900265 0.0545063638889
51 16.2416316932 0.0545619194444
52 16.2436316932 0.0545341416667
53 16.2456316932 0.0545341416667
54 16.2475900265 0.0545619194444
55 16.2495483599 0.0545619194444
56 16.2515483599 0.0545341416667
57 16.2535483599 0.0545896972222
58 16.2555900265 0.0545341416667
59 16.2285900266 0.0528396972222
60 16.2306316933 0.0528396972222
61 16.2326316933 0.052867475
62 16.2346316933 0.0528119194444
63 16.23654836 0.052867475
64 16.2385900266 0.0528119194444
65 16.2405900266 0.0528396972222
66 16.2425900266 0.052867475
67 16.2445483599 0.0528952527778
68 16.2465900266 0.052867475
69 16.2486316933 0.0528952527778
70 16.2506316933 0.052867475
71 16.2525900266 0.052867475
72 16.2546316933 0.052867475
73 16.2276316934 0.051117475
74 16.22954836 0.0510896972222
75 16.2315900267 0.0510896972222
76 16.2336316934 0.0510896972222
77 16.2356316934 0.051117475
78 16.2376316934 0.0510896972222
79 16.2396316934 0.0511730305556
80 16.2415900267 0.0511730305556
81 16.2435900267 0.0511452527778
82 16.2456316934 0.051117475
83 16.2476316934 0.0511452527778
84 16.2496316934 0.0510619194444
85 16.2515900267 0.051117475
86 16.2535900267 0.0511452527778
87 16.2555900267 0.0511730305556
88 16.2285900268 0.0493396972222
89 16.2305900268 0.0493396972222
90 16.2325900268 0.0494230305556
91 16.2345900268 0.049367475
92 16.2365900268 0.049367475
93 16.2386316934 0.0493952527778
94 16.2405900268 0.0493952527778
95 16.2425483601 0.0493396972222
96 16.2446316934 0.0494230305556
97 16.2466316934 0.049367475
98 16.2485900268 0.0494230305556
99 16.2505900268 0.0494508083333
100 16.2526316934 0.0493952527778
101 16.2545066934 0.0494785861111
102 16.2276733602 0.047617475
103 16.2296316935 0.0475896972222
104 16.2316316935 0.0476452527778
105 16.2336316935 0.0477008083333
106 16.2356316935 0.0477008083333
107 16.2376316935 0.0476452527778
108 16.2396316935 0.0476452527778
109 16.2415900268 0.0477008083333
110 16.2436733602 0.0476452527778
111 16.2455900268 0.0477008083333
112 16.2475483602 0.0477285861111
113 16.2496316935 0.0476730305556
114 16.2515483602 0.0476452527778
115 16.2536316935 0.0476730305556
116 16.2555900268 0.0476452527778
117 16.2285900269 0.0459508083333
118 16.2306316936 0.0459230305556
119 16.2326316936 0.0459230305556
120 16.2345900269 0.0458952527778
121 16.2366316936 0.0459508083333
122 16.2386316936 0.0460341416667
123 16.2405483602 0.0460063638889
124 16.2425483602 0.0459508083333
125 16.2446316936 0.0459785861111
126 16.2466316936 0.0460063638889
127 16.2485483602 0.0459785861111
128 16.2506316936 0.0460063638889
129 16.2525900269 0.0459785861111
130 16.2545483602 0.0459785861111
131 16.2276316936 0.0442285861111
132 16.2296316936 0.0442285861111
133 16.2316733603 0.0442841416667
134 16.2336316936 0.0442008083333
135 16.2356316936 0.0442008083333
136 16.2376316936 0.0442563638889
137 16.2396316936 0.0442008083333
138 16.2416316936 0.0442285861111
139 16.2436733603 0.0442285861111
140 16.2456316936 0.0442563638889
141 16.2476316936 0.0442841416667
142 16.249590027 0.0442563638889
143 16.251590027 0.0442563638889
144 16.2536316936 0.0442563638889
145 16.255590027 0.0442841416667
146 16.2286316937 0.0424230305556
147 16.230590027 0.0424508083333
148 16.232590027 0.0424785861111
149 16.234590027 0.0424785861111
150 16.2366316937 0.0425063638889
151 16.238590027 0.0425063638889
152 16.2406316937 0.0424785861111
153 16.2426316937 0.0425619194444
154 16.2446316937 0.0425341416667
155 16.246590027 0.0424785861111
156 16.248590027 0.0424785861111
157 16.2505483604 0.0425619194444
158 16.2525066937 0.0425341416667
159 16.254590027 0.0425063638889
160 16.2275900271 0.0407841416667
161 16.2296316937 0.0407563638889
162 16.2316733604 0.0407563638889
163 16.2336316937 0.0407563638889
164 16.2356733604 0.0407563638889
165 16.2376316937 0.0407563638889
166 16.2396733604 0.0407563638889
167 16.2416316937 0.0408119194444
168 16.2436316937 0.0408119194444
169 16.2456733604 0.0408396972222
170 16.2475900271 0.0407841416667
171 16.2496316937 0.0408119194444
172 16.2516316937 0.0408396972222
173 16.2536316938 0.0407285861111
174 16.2556316937 0.0407563638889
175 16.2286316938 0.0390896972222
176 16.2305900271 0.0390896972222
177 16.2326316938 0.0390896972222
178 16.2346316938 0.0390063638889
179 16.2366316938 0.0390619194444
180 16.2386316938 0.0391452527778
181 16.2406316938 0.0390896972222
182 16.2426733605 0.039117475
183 16.2446316938 0.0390619194444
184 16.2465900271 0.039117475
185 16.2486316938 0.0390619194444
186 16.2505900271 0.039117475
187 16.2526316938 0.0391452527778
188 16.2545483605 0.039117475
189 16.2277150272 0.0372563638889
190 16.2296733605 0.0372841416667
191 16.2316316939 0.0373396972222
192 16.2336316939 0.0373119194444
193 16.2356733605 0.0373396972222
194 16.2376316939 0.0373396972222
195 16.2396316939 0.0373119194444
196 16.2416316939 0.037367475
197 16.2436316939 0.0373396972222
198 16.2456316939 0.0373396972222
199 16.2476733605 0.0374230305556
200 16.2496316939 0.0373396972222
201 16.2516733605 0.037367475
202 16.2535483605 0.0373396972222
203 16.2556316939 0.0374508083333
204 16.2285900272 0.0355896972222
205 16.2305900272 0.0355619194444
206 16.2326316939 0.0355896972222
207 16.2346316939 0.0355896972222
208 16.2365900272 0.035617475
209 16.2386316939 0.035617475
210 16.2405483606 0.0355619194444
211 16.2426733606 0.0355341416667
212 16.2445900272 0.0355896972222
213 16.2466316939 0.035617475
214 16.2485483606 0.0356452527778
215 16.2505900272 0.0356452527778
216 16.2526733606 0.0356452527778
217 16.2546316939 0.035617475
218 16.227631694 0.0338396972222
219 16.2296733606 0.0338396972222
220 16.2317150273 0.033867475
221 16.2335900273 0.033867475
222 16.235631694 0.0338952527778
223 16.237631694 0.033867475
224 16.2395900273 0.0338396972222
225 16.241631694 0.0338952527778
226 16.2435900273 0.0338952527778
227 16.2456733606 0.033867475
228 16.2475900273 0.0338952527778
229 16.249631694 0.0339508083333
230 16.251631694 0.0339508083333
231 16.253631694 0.0338952527778
232 16.2555900273 0.0338952527778
233 16.2285900273 0.0321452527778
234 16.2305900273 0.0321452527778
235 16.232631694 0.0322285861111
236 16.2346733607 0.032117475
237 16.2366733607 0.0322285861111
238 16.238631694 0.0321452527778
239 16.2405900273 0.0321730305556
240 16.2425900273 0.0321730305556
241 16.244631694 0.0321452527778
242 16.246631694 0.0321730305556
243 16.2486733607 0.0322008083333
244 16.250631694 0.0322008083333
245 16.2525900273 0.0322285861111
246 16.254631694 0.0322563638889
