1 319.675298221 0.586950808333
2 319.677298221 0.586895252778
3 319.679298221 0.586978586111
4 319.681298221 0.586978586111
5 319.683214888 0.586978586111
6 319.685298221 0.586923030556
7 319.687339888 0.587006363889
8 319.689256555 0.586895252778
9 319.691256555 0.587006363889
10 319.693298221 0.586978586111
11 319.695256555 0.587034141667
12 319.697256555 0.587034141667
13 319.699214888 0.587006363889
14 319.701214888 0.586978586111
15 319.674339889 0.585145252778
16 319.676256555 0.585200808333
17 319.678256555 0.585228586111
18 319.680256555 0.585284141667
19 319.682256555 0.585200808333
20 319.684298222 0.585200808333
21 319.686298222 0.585173030556
22 319.688256555 0.585173030556
23 319.690256555 0.585256363889
24 319.692173222 0.585256363889
25 319.694256555 0.585200808333
26 319.696256555 0.585256363889
27 319.698256555 0.585256363889
28 319.700298222 0.585228586111
29 319.702214889 0.585228586111
30 319.675298223 0.583478586111
31 319.677256556 0.583506363889
32 319.679256556 0.583423030556
33 319.681256556 0.583506363889
34 319.683256556 0.583450808333
35 319.685298223 0.583450808333
36 319.687256556 0.583561919444
37 319.689298223 0.583534141667
38 319.691256556 0.583450808333
39 319.693298223 0.583561919444
40 319.695298223 0.583506363889
41 319.69721489 0.583478586111
42 319.699298223 0.583506363889
43 319.701256556 0.583561919444
44 319.674256557 0.581728586111
45 319.676298224 0.581756363889
46 319.678298224 0.581728586111
47 319.680298224 0.581756363889
48 319.682298224 0.581784141667
49 319.684256557 0.581784141667
50 319.686298224 0.581728586111
51 319.68833989 0.581784141667
52 319.690298224 0.581756363889
53 319.69233989 0.581756363889
54 319.694298224 0.581784141667
55 319.696256557 0.581784141667
56 319.698256557 0.581756363889
57 319.700256557 0.581811919444
58 319.702298224 0.581756363889
59 319.675298224 0.580061919444
60 319.677298224 0.580061919444
61 319.679339891 0.580089697222
62 319.681298224 0.580034141667
63 319.683214891 0.580089697222
64 319.685298224 0.580034141667
65 319.687256558 0.580061919444
66 319.689298224 0.580089697222
67 319.691256558 0.580117475
68 319.693256558 0.580089697222
69 319.695339891 0.580117475
70 319.697298224 0.580089697222
71 319.699298224 0.580089697222
72 319.701339891 0.580089697222
73 319.674298225 0.578339697222
74 319.676256559 0.578311919444
75 319.678256559 0.578311919444
76 319.680298225 0.578311919444
77 319.682339892 0.578339697222
78 319.684298225 0.578311919444
79 319.686298225 0.578367475
80 319.688256559 0.578367475
81 319.690298225 0.578367475
82 319.692339892 0.578339697222
83 319.694298225 0.578367475
84 319.696298225 0.578284141667
85 319.698256559 0.578339697222
86 319.700256559 0.578367475
87 319.702256559 0.578395252778
88 319.675298226 0.576561919444
89 319.677298226 0.576561919444
90 319.679298226 0.576645252778
91 319.681256559 0.576589697222
92 319.683298226 0.576589697222
93 319.685339893 0.576617475
94 319.687256559 0.576617475
95 319.689256559 0.576561919444
96 319.691339893 0.576645252778
97 319.693298226 0.576589697222
98 319.695256559 0.576645252778
99 319.697298226 0.576673030556
100 319.699298226 0.576617475
101 319.701214893 0.576700808333
102 319.674339894 0.574839697222
103 319.676298227 0.574811919444
104 319.678339894 0.574867475
105 319.680339894 0.574923030556
106 319.682298227 0.574923030556
107 319.684298227 0.574867475
108 319.686298227 0.574867475
109 319.68825656 0.574923030556
110 319.690339894 0.574867475
111 319.69225656 0.574923030556
112 319.69425656 0.574950808333
113 319.696339894 0.574895252778
114 319.69825656 0.574867475
115 319.700339894 0.574867475
116 319.702298227 0.574867475
117 319.675298228 0.573173030556
118 319.677298228 0.573145252778
119 319.679339894 0.573145252778
120 319.681256561 0.573117475
121 319.683298228 0.573173030556
122 319.685298228 0.573256363889
123 319.687256561 0.573228586111
124 319.689256561 0.573173030556
125 319.691298228 0.573200808333
126 319.693298228 0.573228586111
127 319.695256561 0.573200808333
128 319.697298228 0.573228586111
129 319.699298228 0.573200808333
130 319.701256561 0.573200808333
131 319.674339895 0.571450808333
132 319.676339895 0.571450808333
133 319.678339895 0.571478586111
134 319.680339895 0.571423030556
135 319.682339895 0.571423030556
136 319.684298228 0.571478586111
137 319.686298229 0.571423030556
138 319.688298228 0.571450808333
139 319.690339895 0.571450808333
140 319.692339895 0.571478586111
141 319.694339895 0.571478586111
142 319.696298228 0.571478586111
143 319.698298228 0.571478586111
144 319.700339895 0.571478586111
145 319.702298228 0.571506363889
146 319.675339896 0.569617475
147 319.677298229 0.569673030556
148 319.679298229 0.569700808333
149 319.681256563 0.569700808333
150 319.683339896 0.569700808333
151 319.685298229 0.569728586111
152 319.687298229 0.569673030556
153 319.689339896 0.569784141667
154 319.691298229 0.569756363889
155 319.693298229 0.569673030556
156 319.695298229 0.569700808333
157 319.697256563 0.569784141667
158 319.699214896 0.569756363889
159 319.701298229 0.569728586111
160 319.67429823 0.568006363889
161 319.67629823 0.567950808333
162 319.678339897 0.567978586111
163 319.680339897 0.567978586111
164 319.682339897 0.567978586111
165 319.684339897 0.567978586111
166 319.686339897 0.567978586111
167 319.688339897 0.568034141667
168 319.690339897 0.568034141667
169 319.692381563 0.568061919444
170 319.694256563 0.568006363889
171 319.69629823 0.568034141667
172 319.69829823 0.568061919444
173 319.700339897 0.567950808333
174 319.702339897 0.567978586111
175 319.675298231 0.566311919444
176 319.677298231 0.566311919444
177 319.679339898 0.566311919444
178 319.681339898 0.566228586111
179 319.683339898 0.566284141667
180 319.685339898 0.566339697222
181 319.687339898 0.566311919444
182 319.689339898 0.566339697222
183 319.691298231 0.566284141667
184 319.693298231 0.566339697222
185 319.695298231 0.566284141667
186 319.697298231 0.566339697222
187 319.699298231 0.566367475
188 319.701256564 0.566339697222
189 319.674381565 0.564478586111
190 319.676339898 0.564506363889
191 319.678339898 0.564534141667
192 319.680339898 0.564534141667
193 319.682339898 0.564561919444
194 319.684298232 0.564561919444
195 319.686339898 0.564534141667
196 319.688339898 0.564589697222
197 319.690298232 0.564561919444
198 319.692339898 0.564561919444
199 319.694339898 0.564645252778
200 319.696298232 0.564561919444
201 319.698339898 0.564589697222
202 319.700256565 0.564561919444
203 319.702298232 0.564645252778
204 319.675298232 0.562811919444
205 319.677298232 0.562784141667
206 319.679298232 0.562811919444
207 319.681298232 0.562811919444
208 319.683298232 0.562839697222
209 319.685339899 0.562839697222
210 319.687214899 0.562784141667
211 319.689339899 0.562756363889
212 319.691256566 0.562811919444
213 319.693339899 0.562839697222
214 319.695214899 0.562867475
215 319.697298232 0.562867475
216 319.699339899 0.562867475
217 319.701298232 0.562839697222
218 319.6743399 0.561061919444
219 319.6763399 0.561061919444
220 319.678381567 0.561061919444
221 319.680298233 0.561089697222
222 319.6823399 0.561089697222
223 319.684298233 0.561089697222
224 319.686298233 0.561061919444
225 319.6883399 0.561117475
226 319.690298233 0.561117475
227 319.6923399 0.561089697222
228 319.694298233 0.561117475
229 319.6963399 0.561173030556
230 319.698298233 0.561173030556
231 319.7003399 0.561117475
232 319.702256567 0.561117475
233 319.675298234 0.559367475
234 319.677298234 0.559367475
235 319.679339901 0.559450808333
236 319.681339901 0.559339697222
237 319.683381567 0.559423030556
238 319.685298234 0.559339697222
239 319.687256567 0.559395252778
240 319.689256567 0.559395252778
241 319.691298234 0.559339697222
242 319.693339901 0.559395252778
243 319.695381567 0.559423030556
244 319.697298234 0.559423030556
245 319.699298234 0.559450808333
246 319.701298234 0.559478586111
