1 319.701256555 0.586395252778
2 319.703214888 0.586311919444
3 319.705256555 0.586423030556
4 319.707256555 0.586423030556
5 319.709173221 0.586423030556
6 319.711256555 0.586367475
7 319.713298221 0.586450808333
8 319.715214888 0.586339697222
9 319.717214888 0.586450808333
10 319.719256555 0.586423030556
11 319.721214888 0.586478586111
12 319.723214888 0.586478586111
13 319.725173221 0.586450808333
14 319.727173221 0.586423030556
15 319.700298222 0.584589697222
16 319.702214889 0.584617475
17 319.704214889 0.584673030556
18 319.706214889 0.584728586111
19 319.708214889 0.584645252778
20 319.710256556 0.584617475
21 319.712256556 0.584589697222
22 319.714214889 0.584617475
23 319.716214889 0.584700808333
24 319.718131556 0.584700808333
25 319.720214889 0.584645252778
26 319.722214889 0.584700808333
27 319.724214889 0.584700808333
28 319.726256556 0.584673030556
29 319.728173222 0.584673030556
30 319.701256556 0.582923030556
31 319.70321489 0.582950808333
32 319.70521489 0.582867475
33 319.70721489 0.582950808333
34 319.70921489 0.582867475
35 319.711256556 0.582895252778
36 319.71321489 0.583006363889
37 319.715256556 0.582978586111
38 319.71721489 0.582895252778
39 319.719256556 0.583006363889
40 319.721256556 0.582950808333
41 319.723173223 0.582923030556
42 319.725256556 0.582950808333
43 319.72721489 0.583006363889
44 319.700214891 0.581173030556
45 319.702256557 0.581200808333
46 319.704214891 0.581173030556
47 319.706256557 0.581200808333
48 319.708256557 0.581228586111
49 319.710214891 0.581200808333
50 319.712256557 0.581173030556
51 319.714256557 0.581228586111
52 319.716256557 0.581200808333
53 319.718298224 0.581200808333
54 319.720256557 0.581228586111
55 319.722214891 0.581228586111
56 319.724214891 0.581200808333
57 319.726214891 0.581256363889
58 319.728256557 0.581200808333
59 319.701256558 0.579506363889
60 319.703256558 0.579506363889
61 319.705298225 0.579534141667
62 319.707256558 0.579478586111
63 319.709173225 0.579534141667
64 319.711256558 0.579478586111
65 319.713214891 0.579478586111
66 319.715256558 0.579534141667
67 319.717214891 0.579561919444
68 319.719214891 0.579534141667
69 319.721298225 0.579561919444
70 319.723256558 0.579534141667
71 319.725256558 0.579534141667
72 319.727256558 0.579506363889
73 319.700256559 0.577784141667
74 319.702214892 0.577756363889
75 319.704214892 0.577756363889
76 319.706256559 0.577756363889
77 319.708298226 0.577784141667
78 319.710256559 0.577756363889
79 319.712256559 0.577811919444
80 319.714214892 0.577811919444
81 319.716256559 0.577811919444
82 319.718298226 0.577784141667
83 319.720256559 0.577784141667
84 319.722256559 0.577728586111
85 319.724214892 0.577784141667
86 319.726214892 0.577784141667
87 319.728214892 0.577811919444
88 319.70125656 0.576006363889
89 319.703214893 0.576006363889
90 319.70525656 0.576061919444
91 319.707214893 0.576006363889
92 319.70925656 0.576034141667
93 319.711298226 0.576061919444
94 319.713214893 0.576061919444
95 319.715214893 0.576006363889
96 319.71725656 0.576089697222
97 319.71925656 0.576006363889
98 319.721214893 0.576089697222
99 319.72325656 0.576117475
100 319.72525656 0.576061919444
101 319.727173226 0.576117475
102 319.700298227 0.574284141667
103 319.702256561 0.574256363889
104 319.704298227 0.574311919444
105 319.70625656 0.574367475
106 319.70825656 0.574367475
107 319.710256561 0.574311919444
108 319.712256561 0.574311919444
109 319.714214894 0.574367475
110 319.716298227 0.574311919444
111 319.718214894 0.574367475
112 319.720214894 0.574395252778
113 319.72225656 0.574339697222
114 319.724173227 0.574311919444
115 319.726298227 0.574311919444
116 319.728256561 0.574311919444
117 319.701256561 0.572589697222
118 319.703256561 0.572561919444
119 319.705256561 0.572589697222
120 319.707214895 0.572561919444
121 319.709256561 0.572617475
122 319.711256561 0.572700808333
123 319.713214895 0.572645252778
124 319.715214895 0.572617475
125 319.717256561 0.572645252778
126 319.719256561 0.572673030556
127 319.721214895 0.572645252778
128 319.723256561 0.572673030556
129 319.725256561 0.572645252778
130 319.727214895 0.572645252778
131 319.700298229 0.570895252778
132 319.702298229 0.570895252778
133 319.704298229 0.570923030556
134 319.706298229 0.570867475
135 319.708298229 0.570867475
136 319.710256562 0.570923030556
137 319.712256562 0.570867475
138 319.714256562 0.570895252778
139 319.716298229 0.570895252778
140 319.718298229 0.570923030556
141 319.720298229 0.570923030556
142 319.722214895 0.570923030556
143 319.724256562 0.570923030556
144 319.726298229 0.570923030556
145 319.728256562 0.570950808333
146 319.70129823 0.569061919444
147 319.703256563 0.569089697222
148 319.705214896 0.569145252778
149 319.707214896 0.569145252778
150 319.70929823 0.569145252778
151 319.711256563 0.569173030556
152 319.713256563 0.569117475
153 319.71529823 0.569200808333
154 319.717256563 0.569200808333
155 319.719214896 0.569117475
156 319.721256563 0.569145252778
157 319.723214896 0.569228586111
158 319.72517323 0.569200808333
159 319.727256563 0.569173030556
160 319.700256564 0.567450808333
161 319.702256564 0.567395252778
162 319.70429823 0.567423030556
163 319.70629823 0.567423030556
164 319.70829823 0.567395252778
165 319.71029823 0.567423030556
166 319.71229823 0.567423030556
167 319.71429823 0.567478586111
168 319.71629823 0.567478586111
169 319.718339897 0.567506363889
170 319.720214897 0.567450808333
171 319.722256564 0.567478586111
172 319.724256564 0.567506363889
173 319.72629823 0.567367475
174 319.72829823 0.567423030556
175 319.701256564 0.565756363889
176 319.703214898 0.565728586111
177 319.705256564 0.565728586111
178 319.707256564 0.565673030556
179 319.709256564 0.565728586111
180 319.711298231 0.565784141667
181 319.713298231 0.565756363889
182 319.715298231 0.565756363889
183 319.717256564 0.565728586111
184 319.719256564 0.565784141667
185 319.721256564 0.565728586111
186 319.723256564 0.565784141667
187 319.725256564 0.565811919444
188 319.727214898 0.565756363889
189 319.700339899 0.563923030556
190 319.702298232 0.563950808333
191 319.704298232 0.563978586111
192 319.706298232 0.563978586111
193 319.708298232 0.564006363889
194 319.710256565 0.564006363889
195 319.712298232 0.563978586111
196 319.714298232 0.564034141667
197 319.716256565 0.564006363889
198 319.718298232 0.564006363889
199 319.720298232 0.564089697222
200 319.722256565 0.564006363889
201 319.724298232 0.564034141667
202 319.726214899 0.564006363889
203 319.728256565 0.564089697222
204 319.701256566 0.562256363889
205 319.703256566 0.562228586111
206 319.705256566 0.562256363889
207 319.707256566 0.562256363889
208 319.709256566 0.562284141667
209 319.711298233 0.562284141667
210 319.713173233 0.562228586111
211 319.715298233 0.562200808333
212 319.717214899 0.562256363889
213 319.719298233 0.562284141667
214 319.721173233 0.562311919444
215 319.723256566 0.562284141667
216 319.725298233 0.562284141667
217 319.727256566 0.562284141667
218 319.700298234 0.560506363889
219 319.702298234 0.560506363889
220 319.7043399 0.560506363889
221 319.7062149 0.560534141667
222 319.708298234 0.560534141667
223 319.710256567 0.560534141667
224 319.712256567 0.560506363889
225 319.714298233 0.560561919444
226 319.716256567 0.560534141667
227 319.718298234 0.560534141667
228 319.720256567 0.560561919444
229 319.722256567 0.560617475
230 319.724256567 0.560617475
231 319.726256567 0.560561919444
232 319.7282149 0.560561919444
233 319.701214901 0.558811919444
234 319.703256568 0.558811919444
235 319.705256568 0.558895252778
236 319.707298234 0.558784141667
237 319.709339901 0.558867475
238 319.711256568 0.558784141667
239 319.713214901 0.558839697222
240 319.715214901 0.558839697222
241 319.717256568 0.558784141667
242 319.719256568 0.558839697222
243 319.721298234 0.558839697222
244 319.723256568 0.558867475
245 319.725256568 0.558895252778
246 319.727256568 0.558895252778
