1 319.675298234 0.558895252778
2 319.677298234 0.558839697222
3 319.679298234 0.558923030556
4 319.681298234 0.558923030556
5 319.683214901 0.558923030556
6 319.685298234 0.558867475
7 319.687339901 0.558950808333
8 319.689256568 0.558839697222
9 319.691256568 0.558978586111
10 319.693298234 0.558923030556
11 319.695256568 0.558978586111
12 319.697256568 0.558978586111
13 319.699214901 0.558950808333
14 319.701214901 0.558923030556
15 319.674381568 0.557117475
16 319.676256568 0.557145252778
17 319.678256568 0.557173030556
18 319.680256568 0.557228586111
19 319.682256568 0.557173030556
20 319.684298235 0.557145252778
21 319.686298235 0.557117475
22 319.688256568 0.557117475
23 319.690256568 0.557200808333
24 319.692173235 0.557200808333
25 319.694256568 0.557145252778
26 319.696256568 0.557200808333
27 319.698256568 0.557200808333
28 319.700298235 0.557173030556
29 319.702214902 0.557173030556
30 319.675298236 0.555423030556
31 319.677256569 0.555450808333
32 319.679256569 0.555367475
33 319.681256569 0.555450808333
34 319.683256569 0.555395252778
35 319.685298236 0.555395252778
36 319.687256569 0.555506363889
37 319.689298236 0.555478586111
38 319.691256569 0.555423030556
39 319.693298236 0.555506363889
40 319.695298236 0.555450808333
41 319.697214902 0.555423030556
42 319.699298236 0.555450808333
43 319.701256569 0.555506363889
44 319.67425657 0.553700808333
45 319.676298237 0.553700808333
46 319.678298237 0.553673030556
47 319.680298237 0.553700808333
48 319.682298237 0.553728586111
49 319.68425657 0.553728586111
50 319.686298237 0.553673030556
51 319.688339903 0.553728586111
52 319.690298237 0.553700808333
53 319.692339903 0.553700808333
54 319.694298237 0.553728586111
55 319.69625657 0.553728586111
56 319.69825657 0.553700808333
57 319.70025657 0.553756363889
58 319.702298237 0.553700808333
59 319.675298237 0.552006363889
60 319.677298237 0.552006363889
61 319.679339904 0.552034141667
62 319.681298237 0.551978586111
63 319.683214904 0.552034141667
64 319.685298237 0.551978586111
65 319.687298237 0.552006363889
66 319.689298237 0.552034141667
67 319.691256571 0.552061919444
68 319.693256571 0.552034141667
69 319.695339904 0.552061919444
70 319.697298237 0.552034141667
71 319.699298237 0.552034141667
72 319.701339904 0.552034141667
73 319.674298238 0.550284141667
74 319.676256571 0.550256363889
75 319.678256571 0.550256363889
76 319.680298238 0.550256363889
77 319.682339905 0.550284141667
78 319.684298238 0.550256363889
79 319.686298238 0.550339697222
80 319.688256571 0.550339697222
81 319.690298238 0.550311919444
82 319.692339905 0.550284141667
83 319.694298238 0.550311919444
84 319.696298238 0.550228586111
85 319.698256571 0.550284141667
86 319.700256571 0.550311919444
87 319.702256571 0.550339697222
88 319.675298239 0.548506363889
89 319.677298239 0.548506363889
90 319.679298239 0.548589697222
91 319.681256572 0.548534141667
92 319.683298239 0.548534141667
93 319.685339906 0.548561919444
94 319.687256572 0.548561919444
95 319.689256572 0.548534141667
96 319.691339906 0.548589697222
97 319.693298239 0.548534141667
98 319.695256572 0.548589697222
99 319.697298239 0.548617475
100 319.699298239 0.548561919444
101 319.701214906 0.548645252778
102 319.674339906 0.546784141667
103 319.67629824 0.546756363889
104 319.678339906 0.546811919444
105 319.680339906 0.546867475
106 319.682339906 0.546867475
107 319.68429824 0.546811919444
108 319.68629824 0.546811919444
109 319.688256573 0.546867475
110 319.690339906 0.546811919444
111 319.692256573 0.546867475
112 319.694256573 0.546895252778
113 319.696339906 0.546839697222
114 319.698256573 0.546811919444
115 319.700339906 0.546839697222
116 319.70229824 0.546811919444
117 319.67529824 0.545117475
118 319.67729824 0.545089697222
119 319.679339907 0.545089697222
120 319.68129824 0.545061919444
121 319.68329824 0.545117475
122 319.68529824 0.545200808333
123 319.687256574 0.545173030556
124 319.689256574 0.545117475
125 319.69129824 0.545145252778
126 319.69329824 0.545173030556
127 319.695256574 0.545145252778
128 319.69729824 0.545173030556
129 319.69929824 0.545145252778
130 319.701256574 0.545145252778
131 319.674339908 0.543395252778
132 319.676339908 0.543395252778
133 319.678339908 0.543450808333
134 319.680339908 0.543367475
135 319.682339908 0.543367475
136 319.684298241 0.543423030556
137 319.686298241 0.543367475
138 319.688298241 0.543395252778
139 319.690339908 0.543395252778
140 319.692339908 0.543423030556
141 319.694339908 0.543450808333
142 319.696298241 0.543423030556
143 319.698298241 0.543423030556
144 319.700339908 0.543423030556
145 319.702298241 0.543450808333
146 319.675339909 0.541589697222
147 319.677298242 0.541617475
148 319.679298242 0.541645252778
149 319.681256575 0.541645252778
150 319.683339909 0.541673030556
151 319.685298242 0.541673030556
152 319.687298242 0.541645252778
153 319.689339909 0.541728586111
154 319.691298242 0.541700808333
155 319.693298242 0.541645252778
156 319.695298242 0.541645252778
157 319.697256575 0.541728586111
158 319.699214909 0.541700808333
159 319.701298242 0.541673030556
160 319.674298243 0.539950808333
161 319.676298243 0.539923030556
162 319.678339909 0.539923030556
163 319.680339909 0.539923030556
164 319.682339909 0.539923030556
165 319.684339909 0.539923030556
166 319.686381576 0.539923030556
167 319.688339909 0.539978586111
168 319.690339909 0.539978586111
169 319.692381576 0.540006363889
170 319.694256576 0.539950808333
171 319.696298243 0.539978586111
172 319.698298243 0.540006363889
173 319.700339909 0.539895252778
174 319.702339909 0.539923030556
175 319.675298243 0.538256363889
176 319.677298243 0.538256363889
177 319.67933991 0.538256363889
178 319.68133991 0.538173030556
179 319.68333991 0.538228586111
180 319.68533991 0.538311919444
181 319.68733991 0.538256363889
182 319.68933991 0.538284141667
183 319.69133991 0.538228586111
184 319.693298243 0.538284141667
185 319.695298243 0.538228586111
186 319.697298243 0.538284141667
187 319.69933991 0.538311919444
188 319.701256577 0.538284141667
189 319.674381578 0.536423030556
190 319.676339911 0.536450808333
191 319.678339911 0.536506363889
192 319.680339911 0.536478586111
193 319.682339911 0.536506363889
194 319.684298244 0.536506363889
195 319.686339911 0.536478586111
196 319.688339911 0.536534141667
197 319.690298244 0.536506363889
198 319.692339911 0.536506363889
199 319.694339911 0.536589697222
200 319.696339911 0.536506363889
201 319.698339911 0.536534141667
202 319.700256578 0.536506363889
203 319.702298244 0.536617475
204 319.675298245 0.534756363889
205 319.677298245 0.534728586111
206 319.679298245 0.534756363889
207 319.681298245 0.534756363889
208 319.683298245 0.534784141667
209 319.685339912 0.534784141667
210 319.687214912 0.534728586111
211 319.689339912 0.534700808333
212 319.691256578 0.534756363889
213 319.693339912 0.534784141667
214 319.695214912 0.534811919444
215 319.697298245 0.534811919444
216 319.699339912 0.534811919444
217 319.701298245 0.534784141667
218 319.674339912 0.533006363889
219 319.676339912 0.533006363889
220 319.678381579 0.533034141667
221 319.680298246 0.533034141667
222 319.682339912 0.533061919444
223 319.684298246 0.533034141667
224 319.686298246 0.533006363889
225 319.688339912 0.533061919444
226 319.690298246 0.533061919444
227 319.692339912 0.533034141667
228 319.694298246 0.533061919444
229 319.696339912 0.533117475
230 319.698298246 0.533117475
231 319.700339912 0.533061919444
232 319.702256579 0.533061919444
233 319.675298246 0.531311919444
234 319.677298246 0.531311919444
235 319.679339913 0.531395252778
236 319.681339913 0.531284141667
237 319.68338158 0.531395252778
238 319.685298246 0.531311919444
239 319.68725658 0.531339697222
240 319.68925658 0.531339697222
241 319.691298246 0.531311919444
242 319.693339913 0.531339697222
243 319.69538158 0.531367475
244 319.697298246 0.531367475
245 319.699298246 0.531395252778
246 319.701298246 0.531423030556
