1 319.674298234 0.559450808333
2 319.676256567 0.559395252778
3 319.678298234 0.559478586111
4 319.680298234 0.559478586111
5 319.682214901 0.559478586111
6 319.684298234 0.559423030556
7 319.686339901 0.559506363889
8 319.688256567 0.559395252778
9 319.690256567 0.559506363889
10 319.692298234 0.559478586111
11 319.694256567 0.559534141667
12 319.696256567 0.559534141667
13 319.698214901 0.559506363889
14 319.700214901 0.559478586111
15 319.673339901 0.557645252778
16 319.675256568 0.557700808333
17 319.677256568 0.557728586111
18 319.679256568 0.557784141667
19 319.681256568 0.557728586111
20 319.683298235 0.557700808333
21 319.685298235 0.557673030556
22 319.687256568 0.557673030556
23 319.689256568 0.557756363889
24 319.691173235 0.557756363889
25 319.693256568 0.557700808333
26 319.695256568 0.557756363889
27 319.697256568 0.557756363889
28 319.699298235 0.557728586111
29 319.701214901 0.557728586111
30 319.674298236 0.555978586111
31 319.676256569 0.556006363889
32 319.678256569 0.555923030556
33 319.680256569 0.556006363889
34 319.682256569 0.555950808333
35 319.684298236 0.555950808333
36 319.686256569 0.556061919444
37 319.688256569 0.556034141667
38 319.690256569 0.555950808333
39 319.692298236 0.556061919444
40 319.694298236 0.556006363889
41 319.696214902 0.555978586111
42 319.698298236 0.556006363889
43 319.700256569 0.556061919444
44 319.67325657 0.554228586111
45 319.675298236 0.554256363889
46 319.67725657 0.554228586111
47 319.679298236 0.554256363889
48 319.681298236 0.554284141667
49 319.68325657 0.554284141667
50 319.685298236 0.554228586111
51 319.687298236 0.554284141667
52 319.689298236 0.554256363889
53 319.691339903 0.554256363889
54 319.693298236 0.554284141667
55 319.69525657 0.554284141667
56 319.69725657 0.554256363889
57 319.69925657 0.554311919444
58 319.701298236 0.554256363889
59 319.674298237 0.552561919444
60 319.676298237 0.552561919444
61 319.678339904 0.552589697222
62 319.680298237 0.552534141667
63 319.682214904 0.552589697222
64 319.68425657 0.552534141667
65 319.68625657 0.552561919444
66 319.688298237 0.552589697222
67 319.69025657 0.552617475
68 319.69225657 0.552589697222
69 319.694339904 0.552617475
70 319.696298237 0.552589697222
71 319.698298237 0.552589697222
72 319.700298237 0.552589697222
73 319.673298238 0.550839697222
74 319.675256571 0.550811919444
75 319.677256571 0.550811919444
76 319.679298238 0.550811919444
77 319.681339905 0.550839697222
78 319.683298238 0.550811919444
79 319.685298238 0.550867475
80 319.687256571 0.550867475
81 319.689298238 0.550867475
82 319.691298238 0.550839697222
83 319.693298238 0.550867475
84 319.695298238 0.550784141667
85 319.697256571 0.550839697222
86 319.699256571 0.550867475
87 319.701256571 0.550895252778
88 319.674298239 0.549061919444
89 319.676256572 0.549061919444
90 319.678298239 0.549145252778
91 319.680256572 0.549089697222
92 319.682256572 0.549089697222
93 319.684339905 0.549117475
94 319.686256572 0.549117475
95 319.688256572 0.549061919444
96 319.690298239 0.549145252778
97 319.692298239 0.549089697222
98 319.694256572 0.549145252778
99 319.696298239 0.549173030556
100 319.698298239 0.549117475
101 319.700214905 0.549200808333
102 319.673339906 0.547339697222
103 319.675298239 0.547311919444
104 319.677339906 0.547367475
105 319.679298239 0.547423030556
106 319.681298239 0.547423030556
107 319.683298239 0.547367475
108 319.685298239 0.547367475
109 319.687256573 0.547423030556
110 319.689339906 0.547367475
111 319.691256573 0.547423030556
112 319.693214906 0.547450808333
113 319.695298239 0.547395252778
114 319.697214906 0.547367475
115 319.699339906 0.547395252778
116 319.701298239 0.547367475
117 319.67429824 0.545673030556
118 319.67629824 0.545645252778
119 319.67829824 0.545645252778
120 319.680256574 0.545617475
121 319.68229824 0.545673030556
122 319.68429824 0.545756363889
123 319.686256573 0.545728586111
124 319.688256574 0.545673030556
125 319.69029824 0.545700808333
126 319.69229824 0.545728586111
127 319.694256574 0.545700808333
128 319.69629824 0.545728586111
129 319.69829824 0.545700808333
130 319.700256574 0.545700808333
131 319.673339908 0.543950808333
132 319.675339908 0.543950808333
133 319.677339908 0.544006363889
134 319.679339908 0.543923030556
135 319.681339908 0.543923030556
136 319.683298241 0.543978586111
137 319.685298241 0.543923030556
138 319.687298241 0.543950808333
139 319.689339908 0.543950808333
140 319.691339908 0.543978586111
141 319.693339908 0.544006363889
142 319.695256574 0.543978586111
143 319.697298241 0.543978586111
144 319.699339908 0.543978586111
145 319.701298241 0.544006363889
146 319.674339908 0.542117475
147 319.676298242 0.542173030556
148 319.678256575 0.542200808333
149 319.680256575 0.542200808333
150 319.682339908 0.542228586111
151 319.684298242 0.542228586111
152 319.686298242 0.542173030556
153 319.688339908 0.542284141667
154 319.690298242 0.542256363889
155 319.692256575 0.542173030556
156 319.694298242 0.542200808333
157 319.696256575 0.542284141667
158 319.698214908 0.542256363889
159 319.700298242 0.542228586111
160 319.673298242 0.540506363889
161 319.675298242 0.540450808333
162 319.677339909 0.540478586111
163 319.679339909 0.540478586111
164 319.681339909 0.540478586111
165 319.683339909 0.540478586111
166 319.685339909 0.540478586111
167 319.687339909 0.540534141667
168 319.689298242 0.540534141667
169 319.691381576 0.540561919444
170 319.693256576 0.540506363889
171 319.695298242 0.540534141667
172 319.697298242 0.540561919444
173 319.699298242 0.540450808333
174 319.701339909 0.540478586111
175 319.674298243 0.538811919444
176 319.676256577 0.538811919444
177 319.678298243 0.538811919444
178 319.680298243 0.538728586111
179 319.682298243 0.538784141667
180 319.68433991 0.538839697222
181 319.68633991 0.538811919444
182 319.68833991 0.538839697222
183 319.690298243 0.538784141667
184 319.692298243 0.538839697222
185 319.694298243 0.538784141667
186 319.696298243 0.538839697222
187 319.698298243 0.538867475
188 319.700256577 0.538839697222
189 319.673381577 0.536978586111
190 319.675339911 0.537006363889
191 319.677339911 0.537061919444
192 319.679339911 0.537034141667
193 319.681339911 0.537061919444
194 319.683298244 0.537061919444
195 319.685298244 0.537034141667
196 319.687339911 0.537089697222
197 319.689298244 0.537061919444
198 319.691339911 0.537061919444
199 319.693339911 0.537145252778
200 319.695298244 0.537061919444
201 319.697339911 0.537089697222
202 319.699256577 0.537061919444
203 319.701298244 0.537173030556
204 319.674298245 0.535311919444
205 319.676298245 0.535284141667
206 319.678298245 0.535311919444
207 319.680298245 0.535311919444
208 319.682298245 0.535339697222
209 319.684339911 0.535339697222
210 319.686214911 0.535284141667
211 319.688339911 0.535256363889
212 319.690256578 0.535311919444
213 319.692339911 0.535339697222
214 319.694214911 0.535367475
215 319.696298245 0.535367475
216 319.698339911 0.535367475
217 319.700298245 0.535339697222
218 319.673339912 0.533561919444
219 319.675339912 0.533561919444
220 319.677381579 0.533561919444
221 319.679256579 0.533589697222
222 319.681339912 0.533589697222
223 319.683298245 0.533589697222
224 319.685298245 0.533561919444
225 319.687339912 0.533617475
226 319.689298245 0.533617475
227 319.691339912 0.533589697222
228 319.693298245 0.533617475
229 319.695298245 0.533673030556
230 319.697298245 0.533673030556
231 319.699298245 0.533617475
232 319.701256579 0.533617475
233 319.67425658 0.531867475
234 319.67625658 0.531867475
235 319.678298246 0.531950808333
236 319.680339913 0.531839697222
237 319.68238158 0.531950808333
238 319.684298246 0.531839697222
239 319.68625658 0.531895252778
240 319.68825658 0.531895252778
241 319.690298246 0.531867475
242 319.692298246 0.531895252778
243 319.694339913 0.531923030556
244 319.696298246 0.531923030556
245 319.698298246 0.531950808333
246 319.700298246 0.531978586111
