1 319.702256567 0.560006363889
2 319.704256567 0.559950808333
3 319.706256567 0.560034141667
4 319.708256567 0.560034141667
5 319.710173234 0.560034141667
6 319.712256567 0.559978586111
7 319.714298234 0.560061919444
8 319.7162149 0.559978586111
9 319.7182149 0.560089697222
10 319.720256567 0.560034141667
11 319.7222149 0.560089697222
12 319.7242149 0.560089697222
13 319.726173234 0.560061919444
14 319.728173234 0.560034141667
15 319.701298235 0.558228586111
16 319.703214901 0.558256363889
17 319.705214901 0.558284141667
18 319.707214901 0.558339697222
19 319.709214901 0.558284141667
20 319.711256568 0.558256363889
21 319.713256568 0.558228586111
22 319.715214901 0.558228586111
23 319.717214901 0.558311919444
24 319.719131568 0.558311919444
25 319.721214901 0.558256363889
26 319.723214901 0.558311919444
27 319.725214901 0.558311919444
28 319.727256568 0.558311919444
29 319.729173235 0.558284141667
30 319.702256569 0.556561919444
31 319.704214902 0.556561919444
32 319.706214902 0.556478586111
33 319.708214902 0.556561919444
34 319.710214902 0.556506363889
35 319.712256569 0.556506363889
36 319.714214902 0.556617475
37 319.716256569 0.556589697222
38 319.718214902 0.556534141667
39 319.720256569 0.556617475
40 319.722256569 0.556561919444
41 319.724173235 0.556534141667
42 319.726256569 0.556561919444
43 319.728214902 0.556617475
44 319.701214903 0.554811919444
45 319.703256569 0.554811919444
46 319.705256569 0.554784141667
47 319.707256569 0.554811919444
48 319.709256569 0.554839697222
49 319.711214903 0.554839697222
50 319.713256569 0.554811919444
51 319.715298236 0.554839697222
52 319.717256569 0.554811919444
53 319.719298236 0.554811919444
54 319.721256569 0.554839697222
55 319.723214903 0.554839697222
56 319.725214903 0.554811919444
57 319.727214903 0.554867475
58 319.729256569 0.554811919444
59 319.70225657 0.553117475
60 319.70425657 0.553117475
61 319.706298237 0.553145252778
62 319.70825657 0.553117475
63 319.710173237 0.553145252778
64 319.71225657 0.553089697222
65 319.71425657 0.553117475
66 319.71625657 0.553145252778
67 319.718214904 0.553173030556
68 319.720214904 0.553145252778
69 319.722298237 0.553173030556
70 319.72425657 0.553145252778
71 319.72625657 0.553145252778
72 319.728298237 0.553145252778
73 319.701256571 0.551395252778
74 319.703214904 0.551367475
75 319.705214904 0.551395252778
76 319.707256571 0.551395252778
77 319.709298238 0.551395252778
78 319.711256571 0.551367475
79 319.713256571 0.551450808333
80 319.715214904 0.551450808333
81 319.717256571 0.551423030556
82 319.719298238 0.551395252778
83 319.721256571 0.551423030556
84 319.723256571 0.551339697222
85 319.725214904 0.551395252778
86 319.727214904 0.551423030556
87 319.729214904 0.551450808333
88 319.702256572 0.549617475
89 319.704256572 0.549617475
90 319.706256572 0.549700808333
91 319.708214905 0.549645252778
92 319.710256572 0.549645252778
93 319.712298238 0.549673030556
94 319.714214905 0.549673030556
95 319.716214905 0.549645252778
96 319.718298238 0.549700808333
97 319.720256572 0.549645252778
98 319.722214905 0.549700808333
99 319.724256572 0.549728586111
100 319.726256572 0.549673030556
101 319.728173238 0.549756363889
102 319.701298239 0.547895252778
103 319.703256573 0.547867475
104 319.705298239 0.547923030556
105 319.707298239 0.547978586111
106 319.709256572 0.547978586111
107 319.711256573 0.547923030556
108 319.713256573 0.547923030556
109 319.715214906 0.547978586111
110 319.717298239 0.547923030556
111 319.719214906 0.547978586111
112 319.721214906 0.548006363889
113 319.723298239 0.547950808333
114 319.725214906 0.547923030556
115 319.727298239 0.547950808333
116 319.729256573 0.547923030556
117 319.702256573 0.546228586111
118 319.704256573 0.546200808333
119 319.70629824 0.546200808333
120 319.708256573 0.546173030556
121 319.710256573 0.546228586111
122 319.712256573 0.546311919444
123 319.714214907 0.546284141667
124 319.716214907 0.546228586111
125 319.718256573 0.546256363889
126 319.720256573 0.546284141667
127 319.722214907 0.546256363889
128 319.724256573 0.546284141667
129 319.726256573 0.546284141667
130 319.728214907 0.546256363889
131 319.701298241 0.544506363889
132 319.703298241 0.544506363889
133 319.705298241 0.544561919444
134 319.707298241 0.544478586111
135 319.709298241 0.544478586111
136 319.711256574 0.544534141667
137 319.713256574 0.544478586111
138 319.715256574 0.544506363889
139 319.717298241 0.544506363889
140 319.719298241 0.544534141667
141 319.721298241 0.544561919444
142 319.723256574 0.544534141667
143 319.725256574 0.544534141667
144 319.727298241 0.544561919444
145 319.729256574 0.544561919444
146 319.702298241 0.542700808333
147 319.704256575 0.542728586111
148 319.706256575 0.542756363889
149 319.708214908 0.542756363889
150 319.710298241 0.542784141667
151 319.712256575 0.542811919444
152 319.714256575 0.542756363889
153 319.716298241 0.542839697222
154 319.718256575 0.542811919444
155 319.720256575 0.542756363889
156 319.722256575 0.542784141667
157 319.724214908 0.542839697222
158 319.726173241 0.542811919444
159 319.728256575 0.542784141667
160 319.701256576 0.541061919444
161 319.703256576 0.541034141667
162 319.705298242 0.541034141667
163 319.707298242 0.541034141667
164 319.709298242 0.541034141667
165 319.711298242 0.541034141667
166 319.713339909 0.541034141667
167 319.715298242 0.541089697222
168 319.717298242 0.541089697222
169 319.719339909 0.541117475
170 319.721214909 0.541061919444
171 319.723256576 0.541089697222
172 319.725256576 0.541117475
173 319.727298242 0.541006363889
174 319.729298242 0.541034141667
175 319.702256576 0.539367475
176 319.704256576 0.539367475
177 319.706298243 0.539367475
178 319.708298243 0.539284141667
179 319.710298243 0.539339697222
180 319.712298243 0.539423030556
181 319.714298243 0.539367475
182 319.716298243 0.539395252778
183 319.718298243 0.539339697222
184 319.720256576 0.539395252778
185 319.722256576 0.539339697222
186 319.724256576 0.539395252778
187 319.726256576 0.539423030556
188 319.72821491 0.539395252778
189 319.70133991 0.537534141667
190 319.703298244 0.537561919444
191 319.705298244 0.537617475
192 319.707298244 0.537617475
193 319.709298244 0.537645252778
194 319.711256577 0.537645252778
195 319.713298244 0.537589697222
196 319.715298244 0.537645252778
197 319.717256577 0.537617475
198 319.719298244 0.537617475
199 319.721298244 0.537700808333
200 319.723298244 0.537617475
201 319.725298244 0.537645252778
202 319.72721491 0.537645252778
203 319.729256577 0.537728586111
204 319.702256578 0.535867475
205 319.704256578 0.535839697222
206 319.706256578 0.535867475
207 319.708256578 0.535895252778
208 319.710256578 0.535895252778
209 319.712298244 0.535895252778
210 319.714173244 0.535839697222
211 319.716298244 0.535839697222
212 319.718214911 0.535867475
213 319.720298244 0.535895252778
214 319.722173244 0.535950808333
215 319.724256578 0.535923030556
216 319.726298244 0.535923030556
217 319.728256578 0.535895252778
218 319.701298245 0.534117475
219 319.703298245 0.534117475
220 319.705339912 0.534145252778
221 319.707256579 0.534145252778
222 319.709298245 0.534173030556
223 319.711256579 0.534145252778
224 319.713256579 0.534117475
225 319.715298245 0.534173030556
226 319.717256579 0.534173030556
227 319.719298245 0.534145252778
228 319.721256579 0.534173030556
229 319.723298245 0.534228586111
230 319.725256579 0.534228586111
231 319.727298245 0.534173030556
232 319.729214912 0.534173030556
233 319.702256579 0.532423030556
234 319.704256579 0.532423030556
235 319.706298246 0.532506363889
236 319.708298246 0.532395252778
237 319.710339913 0.532506363889
238 319.712256579 0.532423030556
239 319.714214913 0.532450808333
240 319.716214913 0.532450808333
241 319.718256579 0.532423030556
242 319.720298246 0.532450808333
243 319.722339913 0.532478586111
244 319.724256579 0.532478586111
245 319.726256579 0.532506363889
246 319.728256579 0.532534141667
