1 319.675298222 0.585839697222
2 319.677298222 0.585756363889
3 319.679298222 0.585867475
4 319.681298222 0.585867475
5 319.683214888 0.585867475
6 319.685298222 0.585811919444
7 319.687339888 0.585895252778
8 319.689256555 0.585784141667
9 319.691256555 0.585895252778
10 319.693298222 0.585867475
11 319.695256555 0.585923030556
12 319.697256555 0.585923030556
13 319.699214888 0.585895252778
14 319.701214888 0.585867475
15 319.674381556 0.584034141667
16 319.676256556 0.584089697222
17 319.678256556 0.584117475
18 319.680256556 0.584173030556
19 319.682256556 0.584089697222
20 319.684298223 0.584089697222
21 319.686298223 0.584034141667
22 319.688256556 0.584061919444
23 319.690256556 0.584145252778
24 319.692173223 0.584145252778
25 319.694256556 0.584089697222
26 319.696256556 0.584145252778
27 319.698256556 0.584145252778
28 319.700298223 0.584117475
29 319.702214889 0.584117475
30 319.675298223 0.582367475
31 319.677256557 0.582395252778
32 319.679256557 0.582311919444
33 319.681256557 0.582395252778
34 319.683256557 0.582311919444
35 319.685298223 0.582339697222
36 319.687256557 0.582450808333
37 319.689298223 0.582423030556
38 319.691256557 0.582339697222
39 319.693298223 0.582450808333
40 319.695298223 0.582395252778
41 319.69721489 0.582367475
42 319.699298223 0.582395252778
43 319.701256557 0.582450808333
44 319.674256558 0.580617475
45 319.676298224 0.580645252778
46 319.678298224 0.580617475
47 319.680298224 0.580645252778
48 319.682298224 0.580673030556
49 319.684256558 0.580645252778
50 319.686298224 0.580617475
51 319.688339891 0.580673030556
52 319.690298224 0.580645252778
53 319.692339891 0.580645252778
54 319.694298224 0.580673030556
55 319.696256558 0.580673030556
56 319.698256558 0.580645252778
57 319.700256558 0.580700808333
58 319.702298224 0.580645252778
59 319.675298225 0.578950808333
60 319.677298225 0.578950808333
61 319.679339892 0.578978586111
62 319.681298225 0.578923030556
63 319.683214892 0.578978586111
64 319.685298225 0.578923030556
65 319.687298225 0.578923030556
66 319.689298225 0.578978586111
67 319.691256558 0.579006363889
68 319.693256558 0.578978586111
69 319.695339892 0.579006363889
70 319.697298225 0.578978586111
71 319.699298225 0.578978586111
72 319.701339892 0.578978586111
73 319.674298226 0.577228586111
74 319.676256559 0.577200808333
75 319.678256559 0.577200808333
76 319.680298226 0.577200808333
77 319.682339892 0.577228586111
78 319.684298226 0.577200808333
79 319.686298226 0.577256363889
80 319.688256559 0.577256363889
81 319.690298226 0.577256363889
82 319.692339892 0.577228586111
83 319.694298226 0.577228586111
84 319.696298226 0.577173030556
85 319.698256559 0.577228586111
86 319.700256559 0.577228586111
87 319.702256559 0.577284141667
88 319.675298227 0.575450808333
89 319.677298227 0.575450808333
90 319.679298227 0.575534141667
91 319.68125656 0.575450808333
92 319.683298227 0.575478586111
93 319.685339893 0.575506363889
94 319.68725656 0.575506363889
95 319.68925656 0.575450808333
96 319.691339893 0.575534141667
97 319.693298227 0.575450808333
98 319.69525656 0.575534141667
99 319.697298227 0.575561919444
100 319.699298227 0.575506363889
101 319.701214893 0.575561919444
102 319.674339894 0.573728586111
103 319.676298227 0.573700808333
104 319.678339894 0.573756363889
105 319.680339894 0.573811919444
106 319.682339894 0.573811919444
107 319.684298227 0.573756363889
108 319.686298227 0.573756363889
109 319.688256561 0.573811919444
110 319.690339894 0.573756363889
111 319.692256561 0.573811919444
112 319.694256561 0.573839697222
113 319.696339894 0.573784141667
114 319.698256561 0.573756363889
115 319.700339894 0.573756363889
116 319.702298227 0.573756363889
117 319.675298228 0.572034141667
118 319.677298228 0.572006363889
119 319.679339895 0.572034141667
120 319.681298228 0.572006363889
121 319.683298228 0.572061919444
122 319.685298228 0.572145252778
123 319.687256562 0.572089697222
124 319.689256562 0.572061919444
125 319.691298228 0.572089697222
126 319.693298228 0.572117475
127 319.695256562 0.572089697222
128 319.697298228 0.572117475
129 319.699298228 0.572089697222
130 319.701256562 0.572089697222
131 319.674339896 0.570339697222
132 319.676339896 0.570339697222
133 319.678339896 0.570367475
134 319.680339896 0.570311919444
135 319.682339896 0.570311919444
136 319.684298229 0.570367475
137 319.686298229 0.570311919444
138 319.688298229 0.570339697222
139 319.690339896 0.570339697222
140 319.692339896 0.570367475
141 319.694339896 0.570367475
142 319.696298229 0.570367475
143 319.698298229 0.570367475
144 319.700339896 0.570367475
145 319.702298229 0.570395252778
146 319.675339897 0.568506363889
147 319.67729823 0.568534141667
148 319.67929823 0.568589697222
149 319.681256563 0.568589697222
150 319.683339896 0.568589697222
151 319.68529823 0.568617475
152 319.68729823 0.568561919444
153 319.689339896 0.568673030556
154 319.69129823 0.568645252778
155 319.69329823 0.568561919444
156 319.69529823 0.568589697222
157 319.697256563 0.568673030556
158 319.699214896 0.568645252778
159 319.70129823 0.568617475
160 319.674298231 0.566895252778
161 319.676298231 0.566839697222
162 319.678339897 0.566867475
163 319.680339897 0.566867475
164 319.682339897 0.566839697222
165 319.684339897 0.566867475
166 319.686381564 0.566867475
167 319.688339897 0.566923030556
168 319.690339897 0.566923030556
169 319.692381564 0.566950808333
170 319.694256564 0.566895252778
171 319.696298231 0.566923030556
172 319.698298231 0.566950808333
173 319.700339897 0.566811919444
174 319.702339897 0.566867475
175 319.675298231 0.565200808333
176 319.677298231 0.565173030556
177 319.679339898 0.565173030556
178 319.681339898 0.565117475
179 319.683339898 0.565173030556
180 319.685339898 0.565228586111
181 319.687339898 0.565200808333
182 319.689339898 0.565228586111
183 319.691339898 0.565173030556
184 319.693298231 0.565228586111
185 319.695298231 0.565173030556
186 319.697298231 0.565228586111
187 319.699339898 0.565256363889
188 319.701256565 0.565228586111
189 319.674381566 0.563367475
190 319.676339899 0.563395252778
191 319.678339899 0.563423030556
192 319.680339899 0.563423030556
193 319.682339899 0.563450808333
194 319.684298232 0.563450808333
195 319.686339899 0.563423030556
196 319.688339899 0.563478586111
197 319.690298232 0.563450808333
198 319.692339899 0.563450808333
199 319.694339899 0.563534141667
200 319.696339899 0.563450808333
201 319.698339899 0.563478586111
202 319.700256566 0.563450808333
203 319.702298232 0.563534141667
204 319.675298233 0.561700808333
205 319.677298233 0.561673030556
206 319.679298233 0.561700808333
207 319.681298233 0.561700808333
208 319.683298233 0.561728586111
209 319.6853399 0.561728586111
210 319.6872149 0.561673030556
211 319.6893399 0.561645252778
212 319.691256566 0.561700808333
213 319.6933399 0.561728586111
214 319.6952149 0.561756363889
215 319.697298233 0.561728586111
216 319.6993399 0.561728586111
217 319.701298233 0.561728586111
218 319.6743399 0.559950808333
219 319.6763399 0.559950808333
220 319.678381567 0.559950808333
221 319.680298234 0.559978586111
222 319.6823399 0.559978586111
223 319.684298234 0.559978586111
224 319.686298234 0.559950808333
225 319.6883399 0.560006363889
226 319.690298234 0.560006363889
227 319.6923399 0.559978586111
228 319.694298234 0.560006363889
229 319.6963399 0.560061919444
230 319.698298234 0.560061919444
231 319.7003399 0.560006363889
232 319.702256567 0.560006363889
233 319.675298235 0.558256363889
234 319.677298235 0.558256363889
235 319.679339901 0.558339697222
236 319.681339901 0.558228586111
237 319.683381568 0.558311919444
238 319.685298235 0.558228586111
239 319.687256568 0.558284141667
240 319.689256568 0.558284141667
241 319.691298235 0.558228586111
242 319.693339901 0.558284141667
243 319.695381568 0.558284141667
244 319.697298235 0.558311919444
245 319.699298235 0.558339697222
246 319.701298234 0.558367475
