1 322.487423311 -0.353715858333
2 322.489381644 -0.353771413889
3 322.491423311 -0.353688080556
4 322.493423311 -0.353688080556
5 322.495339977 -0.353688080556
6 322.497423311 -0.353743636111
7 322.499464977 -0.353660302778
8 322.501381644 -0.353743636111
9 322.503381644 -0.353632525
10 322.505423311 -0.353688080556
11 322.507381644 -0.353632525
12 322.509381644 -0.353632525
13 322.511339977 -0.353660302778
14 322.513339977 -0.353688080556
15 322.486464977 -0.355493636111
16 322.488381643 -0.355465858333
17 322.490381643 -0.355438080556
18 322.492381643 -0.355382525
19 322.494381643 -0.355438080556
20 322.49642331 -0.355465858333
21 322.49842331 -0.355493636111
22 322.500381643 -0.355493636111
23 322.502381643 -0.355410302778
24 322.50429831 -0.355410302778
25 322.506381643 -0.355465858333
26 322.508381643 -0.355410302778
27 322.510381643 -0.355410302778
28 322.51242331 -0.355438080556
29 322.514339977 -0.355438080556
30 322.48742331 -0.357160302778
31 322.489381643 -0.357160302778
32 322.491381643 -0.357243636111
33 322.493381643 -0.357160302778
34 322.495381643 -0.357215858333
35 322.49742331 -0.357215858333
36 322.499381643 -0.357104747222
37 322.50142331 -0.357132525
38 322.503381643 -0.357188080556
39 322.50542331 -0.357104747222
40 322.50742331 -0.357160302778
41 322.509339976 -0.357188080556
42 322.51142331 -0.357160302778
43 322.513381643 -0.357104747222
44 322.486381642 -0.358910302778
45 322.488423309 -0.358910302778
46 322.490381642 -0.358938080556
47 322.492423309 -0.358910302778
48 322.494423309 -0.358882525
49 322.496381642 -0.358882525
50 322.498423309 -0.358910302778
51 322.500423309 -0.358882525
52 322.502423309 -0.358910302778
53 322.504464976 -0.358910302778
54 322.506423309 -0.358882525
55 322.508381642 -0.358882525
56 322.510381642 -0.358910302778
57 322.512381642 -0.358854747222
58 322.514423309 -0.358910302778
59 322.487423309 -0.360604747222
60 322.489423309 -0.360604747222
61 322.491464975 -0.360576969444
62 322.493423309 -0.360632525
63 322.495339975 -0.360576969444
64 322.497423309 -0.360632525
65 322.499381642 -0.360604747222
66 322.501423309 -0.360576969444
67 322.503381642 -0.360549191667
68 322.505381642 -0.360576969444
69 322.507464975 -0.360549191667
70 322.509423309 -0.360576969444
71 322.511423309 -0.360576969444
72 322.513423309 -0.360576969444
73 322.486423308 -0.362326969444
74 322.488381641 -0.362354747222
75 322.490381641 -0.362326969444
76 322.492423308 -0.362326969444
77 322.494464975 -0.362326969444
78 322.496423308 -0.362354747222
79 322.498423308 -0.362271413889
80 322.500381641 -0.362271413889
81 322.502423308 -0.362299191667
82 322.504464975 -0.362326969444
83 322.506423308 -0.362299191667
84 322.508423308 -0.362382525
85 322.510381641 -0.362326969444
86 322.512381641 -0.362299191667
87 322.514381641 -0.362271413889
88 322.487423308 -0.364104747222
89 322.489381641 -0.364104747222
90 322.491423308 -0.364021413889
91 322.493381641 -0.364076969444
92 322.495423308 -0.364076969444
93 322.497464974 -0.364049191667
94 322.499381641 -0.364049191667
95 322.501381641 -0.364076969444
96 322.503464974 -0.364021413889
97 322.505423308 -0.364076969444
98 322.507381641 -0.364021413889
99 322.509423308 -0.363993636111
100 322.511423308 -0.364049191667
101 322.513339974 -0.363965858333
102 322.486464974 -0.365826969444
103 322.488423307 -0.365854747222
104 322.490464974 -0.365799191667
105 322.492464974 -0.365743636111
106 322.494423307 -0.365743636111
107 322.496423307 -0.365799191667
108 322.498423307 -0.365799191667
109 322.50038164 -0.365743636111
110 322.502464974 -0.365799191667
111 322.50438164 -0.365743636111
112 322.50638164 -0.365715858333
113 322.508423307 -0.365771413889
114 322.51038164 -0.365799191667
115 322.512464974 -0.365771413889
116 322.514423307 -0.365799191667
117 322.487423307 -0.367493636111
118 322.489423307 -0.367521413889
119 322.491464973 -0.367521413889
120 322.49338164 -0.367549191667
121 322.495423307 -0.367493636111
122 322.497423307 -0.367410302778
123 322.49938164 -0.367438080556
124 322.50138164 -0.367493636111
125 322.503423307 -0.367465858333
126 322.505423307 -0.367438080556
127 322.50738164 -0.367465858333
128 322.509423307 -0.367438080556
129 322.511423307 -0.367438080556
130 322.51338164 -0.367465858333
131 322.486464973 -0.369215858333
132 322.488464973 -0.369215858333
133 322.490464973 -0.369160302778
134 322.492464973 -0.369243636111
135 322.494464973 -0.369243636111
136 322.496423306 -0.369188080556
137 322.498423306 -0.369243636111
138 322.500423306 -0.369215858333
139 322.502464973 -0.369215858333
140 322.504464973 -0.369188080556
141 322.506464973 -0.369160302778
142 322.508381639 -0.369188080556
143 322.510423306 -0.369188080556
144 322.512464973 -0.369188080556
145 322.514423306 -0.369160302778
146 322.487464972 -0.371021413889
147 322.489423306 -0.370993636111
148 322.491423306 -0.370965858333
149 322.493381639 -0.370965858333
150 322.495464972 -0.370938080556
151 322.497423306 -0.370910302778
152 322.499423306 -0.370965858333
153 322.501464972 -0.370882525
154 322.503423306 -0.370910302778
155 322.505381639 -0.370965858333
156 322.507423306 -0.370965858333
157 322.509381639 -0.370882525
158 322.511339972 -0.370910302778
159 322.513423306 -0.370938080556
160 322.486423305 -0.372660302778
161 322.488423305 -0.372688080556
162 322.490464972 -0.372688080556
163 322.492464972 -0.372688080556
164 322.494464972 -0.372688080556
165 322.496464972 -0.372688080556
166 322.498464972 -0.372688080556
167 322.500464972 -0.372632525
168 322.502464972 -0.372632525
169 322.504506638 -0.372604747222
170 322.506381638 -0.372660302778
171 322.508423305 -0.372632525
172 322.510423305 -0.372604747222
173 322.512464972 -0.372715858333
174 322.514464972 -0.372688080556
175 322.487423305 -0.374354747222
176 322.489423305 -0.374354747222
177 322.491464971 -0.374354747222
178 322.493423305 -0.374438080556
179 322.495423305 -0.374382525
180 322.497464971 -0.374299191667
181 322.499464971 -0.374354747222
182 322.501464971 -0.374326969444
183 322.503423305 -0.374382525
184 322.505423305 -0.374326969444
185 322.507423305 -0.374382525
186 322.509423305 -0.374326969444
187 322.511423305 -0.374299191667
188 322.513381638 -0.374326969444
189 322.486506637 -0.376188080556
190 322.488464971 -0.376160302778
191 322.490464971 -0.376104747222
192 322.492464971 -0.376132525
193 322.494464971 -0.376104747222
194 322.496423304 -0.376076969444
195 322.498464971 -0.376132525
196 322.500464971 -0.376076969444
197 322.502423304 -0.376104747222
198 322.504464971 -0.376104747222
199 322.506464971 -0.376021413889
200 322.508423304 -0.376104747222
201 322.510464971 -0.376076969444
202 322.512381637 -0.376076969444
203 322.514423304 -0.375993636111
204 322.487423303 -0.377854747222
205 322.489423303 -0.377882525
206 322.491423303 -0.377854747222
207 322.493423303 -0.377826969444
208 322.495423303 -0.377826969444
209 322.49746497 -0.377826969444
210 322.49933997 -0.377882525
211 322.50146497 -0.377882525
212 322.503381637 -0.377854747222
213 322.50546497 -0.377826969444
214 322.50733997 -0.377799191667
215 322.509423303 -0.377799191667
216 322.51146497 -0.377799191667
217 322.513423303 -0.377826969444
218 322.48646497 -0.379604747222
219 322.48846497 -0.379604747222
220 322.490506636 -0.379576969444
221 322.492381636 -0.379576969444
222 322.49446497 -0.379549191667
223 322.496423303 -0.379576969444
224 322.498423303 -0.379604747222
225 322.50046497 -0.379549191667
226 322.502423303 -0.379549191667
227 322.50446497 -0.379576969444
228 322.506423303 -0.379549191667
229 322.50846497 -0.379493636111
230 322.510423303 -0.379493636111
231 322.51246497 -0.379549191667
232 322.514381636 -0.379549191667
233 322.487381636 -0.381299191667
234 322.489423302 -0.381299191667
235 322.491464969 -0.381215858333
236 322.493464969 -0.381326969444
237 322.495506636 -0.381215858333
238 322.497423302 -0.381299191667
239 322.499381636 -0.381271413889
240 322.501381636 -0.381271413889
241 322.503423302 -0.381299191667
242 322.505464969 -0.381271413889
243 322.507464969 -0.381243636111
244 322.509423302 -0.381243636111
245 322.511423302 -0.381215858333
246 322.513423302 -0.381188080556
