1 322.487423318 -0.326854747222
2 322.489381651 -0.326910302778
3 322.491423318 -0.326826969444
4 322.493423318 -0.326826969444
5 322.495339985 -0.326826969444
6 322.497423318 -0.326882525
7 322.499464985 -0.326799191667
8 322.501381651 -0.326910302778
9 322.503381651 -0.326771413889
10 322.505423318 -0.326826969444
11 322.507381651 -0.326771413889
12 322.509381651 -0.326771413889
13 322.511339985 -0.326799191667
14 322.513339985 -0.326826969444
15 322.486464984 -0.328632525
16 322.488381651 -0.328604747222
17 322.490381651 -0.328576969444
18 322.492381651 -0.328521413889
19 322.494381651 -0.328576969444
20 322.496423318 -0.328604747222
21 322.498423318 -0.328632525
22 322.500381651 -0.328632525
23 322.502381651 -0.328549191667
24 322.504298318 -0.328549191667
25 322.506381651 -0.328604747222
26 322.508381651 -0.328549191667
27 322.510381651 -0.328549191667
28 322.512423318 -0.328576969444
29 322.514339984 -0.328576969444
30 322.487423317 -0.330326969444
31 322.48938165 -0.330299191667
32 322.49138165 -0.330382525
33 322.49338165 -0.330299191667
34 322.49538165 -0.330354747222
35 322.497423317 -0.330354747222
36 322.49938165 -0.330243636111
37 322.501423317 -0.330271413889
38 322.50338165 -0.330326969444
39 322.505423317 -0.330243636111
40 322.507423317 -0.330299191667
41 322.509339984 -0.330326969444
42 322.511423317 -0.330299191667
43 322.51338165 -0.330243636111
44 322.48638165 -0.332049191667
45 322.488423317 -0.332049191667
46 322.49038165 -0.332076969444
47 322.492423317 -0.332049191667
48 322.494423317 -0.332021413889
49 322.49638165 -0.332021413889
50 322.498423317 -0.332076969444
51 322.500423317 -0.332021413889
52 322.502423317 -0.332049191667
53 322.504464983 -0.332049191667
54 322.506423317 -0.332021413889
55 322.50838165 -0.332021413889
56 322.51038165 -0.332049191667
57 322.51238165 -0.331993636111
58 322.514423317 -0.332049191667
59 322.487423316 -0.333743636111
60 322.489423316 -0.333743636111
61 322.491464983 -0.333715858333
62 322.493423316 -0.333771413889
63 322.495339983 -0.333715858333
64 322.497423316 -0.333771413889
65 322.499381649 -0.333743636111
66 322.501423316 -0.333715858333
67 322.50338165 -0.333688080556
68 322.50538165 -0.333715858333
69 322.507464983 -0.333688080556
70 322.509423316 -0.333715858333
71 322.511423316 -0.333715858333
72 322.513423316 -0.333715858333
73 322.486423316 -0.335465858333
74 322.488381649 -0.335493636111
75 322.490381649 -0.335493636111
76 322.492423316 -0.335493636111
77 322.494464982 -0.335465858333
78 322.496423316 -0.335493636111
79 322.498423316 -0.335410302778
80 322.500381649 -0.335410302778
81 322.502423316 -0.335438080556
82 322.504464982 -0.335465858333
83 322.506423316 -0.335438080556
84 322.508423316 -0.335521413889
85 322.510381649 -0.335465858333
86 322.512381649 -0.335438080556
87 322.514381649 -0.335410302778
88 322.487423315 -0.337243636111
89 322.489381649 -0.337243636111
90 322.491423315 -0.337160302778
91 322.493381649 -0.337215858333
92 322.495423315 -0.337215858333
93 322.497464982 -0.337188080556
94 322.499381649 -0.337188080556
95 322.501381649 -0.337215858333
96 322.503464982 -0.337160302778
97 322.505423315 -0.337215858333
98 322.507381649 -0.337160302778
99 322.509423315 -0.337132525
100 322.511423315 -0.337188080556
101 322.513339982 -0.337104747222
102 322.486464981 -0.338965858333
103 322.488423315 -0.338993636111
104 322.490464981 -0.338938080556
105 322.492464981 -0.338882525
106 322.494423315 -0.338882525
107 322.496423315 -0.338938080556
108 322.498423315 -0.338938080556
109 322.500381648 -0.338882525
110 322.502464981 -0.338938080556
111 322.504381648 -0.338882525
112 322.506381648 -0.338854747222
113 322.508423315 -0.338910302778
114 322.510381648 -0.338938080556
115 322.512464981 -0.338910302778
116 322.514423315 -0.338938080556
117 322.487423314 -0.340632525
118 322.489423314 -0.340660302778
119 322.491464981 -0.340660302778
120 322.493381648 -0.340688080556
121 322.495423314 -0.340632525
122 322.497423314 -0.340549191667
123 322.499381648 -0.340576969444
124 322.501381648 -0.340632525
125 322.503423314 -0.340604747222
126 322.505423314 -0.340576969444
127 322.507381648 -0.340604747222
128 322.509423314 -0.340576969444
129 322.511423314 -0.340604747222
130 322.513381648 -0.340604747222
131 322.48646498 -0.342354747222
132 322.48846498 -0.342354747222
133 322.49046498 -0.342299191667
134 322.49246498 -0.342382525
135 322.49446498 -0.342382525
136 322.496423314 -0.342326969444
137 322.498423314 -0.342382525
138 322.500423314 -0.342354747222
139 322.50246498 -0.342354747222
140 322.50446498 -0.342326969444
141 322.50646498 -0.342299191667
142 322.508381647 -0.342326969444
143 322.510423314 -0.342326969444
144 322.51246498 -0.342326969444
145 322.514423314 -0.342299191667
146 322.48746498 -0.344160302778
147 322.489423313 -0.344132525
148 322.491423313 -0.344104747222
149 322.493381647 -0.344104747222
150 322.49546498 -0.344076969444
151 322.497423313 -0.344076969444
152 322.499423313 -0.344104747222
153 322.50146498 -0.344021413889
154 322.503423313 -0.344049191667
155 322.505381647 -0.344104747222
156 322.507423313 -0.344104747222
157 322.509381647 -0.344021413889
158 322.51133998 -0.344049191667
159 322.513423313 -0.344076969444
160 322.486423313 -0.345799191667
161 322.488423313 -0.345826969444
162 322.49046498 -0.345826969444
163 322.49246498 -0.345826969444
164 322.49446498 -0.345826969444
165 322.49646498 -0.345826969444
166 322.49846498 -0.345826969444
167 322.50046498 -0.345771413889
168 322.50246498 -0.345771413889
169 322.504506646 -0.345743636111
170 322.506381646 -0.345799191667
171 322.508423313 -0.345771413889
172 322.510423313 -0.345743636111
173 322.51246498 -0.345854747222
174 322.51446498 -0.345826969444
175 322.487423312 -0.347493636111
176 322.489423312 -0.347493636111
177 322.491464979 -0.347493636111
178 322.493423312 -0.347576969444
179 322.495423312 -0.347521413889
180 322.497464979 -0.347438080556
181 322.499464979 -0.347493636111
182 322.501464979 -0.347465858333
183 322.503423312 -0.347521413889
184 322.505423312 -0.347465858333
185 322.507423312 -0.347521413889
186 322.509423312 -0.347465858333
187 322.511423312 -0.347438080556
188 322.513381646 -0.347465858333
189 322.486506645 -0.349326969444
190 322.488464979 -0.349299191667
191 322.490464979 -0.349243636111
192 322.492464979 -0.349271413889
193 322.494464979 -0.349243636111
194 322.496423312 -0.349243636111
195 322.498464979 -0.349271413889
196 322.500464979 -0.349215858333
197 322.502423312 -0.349243636111
198 322.504464979 -0.349243636111
199 322.506464979 -0.349160302778
200 322.508423312 -0.349243636111
201 322.510464979 -0.349215858333
202 322.512381645 -0.349243636111
203 322.514423312 -0.349132525
204 322.487423311 -0.350993636111
205 322.489423311 -0.351021413889
206 322.491423311 -0.350993636111
207 322.493423311 -0.350993636111
208 322.495423311 -0.350965858333
209 322.497464978 -0.350965858333
210 322.499339978 -0.351021413889
211 322.501464978 -0.351049191667
212 322.503381645 -0.350993636111
213 322.505464978 -0.350965858333
214 322.507339978 -0.350938080556
215 322.509423311 -0.350938080556
216 322.511464978 -0.350938080556
217 322.513423311 -0.350965858333
218 322.486464978 -0.352743636111
219 322.488464978 -0.352743636111
220 322.490506644 -0.352715858333
221 322.492381644 -0.352715858333
222 322.494464978 -0.352688080556
223 322.496423311 -0.352715858333
224 322.498423311 -0.352743636111
225 322.500464978 -0.352688080556
226 322.502423311 -0.352688080556
227 322.504464978 -0.352715858333
228 322.506423311 -0.352688080556
229 322.508464978 -0.352632525
230 322.510423311 -0.352632525
231 322.512464978 -0.352688080556
232 322.514381644 -0.352688080556
233 322.487381644 -0.354438080556
234 322.48942331 -0.354438080556
235 322.491464977 -0.354354747222
236 322.493464977 -0.354465858333
237 322.495506644 -0.354354747222
238 322.49742331 -0.354438080556
239 322.499381644 -0.354410302778
240 322.501381644 -0.354410302778
241 322.50342331 -0.354438080556
242 322.505464977 -0.354410302778
243 322.507464977 -0.354382525
244 322.50942331 -0.354382525
245 322.51142331 -0.354354747222
246 322.51342331 -0.354326969444
