1 322.514381651 -0.326854747222
2 322.516339985 -0.326910302778
3 322.518381651 -0.326826969444
4 322.520381651 -0.326826969444
5 322.522298318 -0.326826969444
6 322.524381651 -0.326882525
7 322.526423318 -0.326799191667
8 322.528339985 -0.326910302778
9 322.530339985 -0.326771413889
10 322.532381651 -0.326826969444
11 322.534339985 -0.326771413889
12 322.536339985 -0.326771413889
13 322.538298318 -0.326799191667
14 322.540298318 -0.326826969444
15 322.513423318 -0.328632525
16 322.515339984 -0.328604747222
17 322.517339984 -0.328576969444
18 322.519339984 -0.328521413889
19 322.521339984 -0.328576969444
20 322.523381651 -0.328604747222
21 322.525381651 -0.328632525
22 322.527339984 -0.328632525
23 322.529339984 -0.328549191667
24 322.531256651 -0.328549191667
25 322.533339984 -0.328604747222
26 322.535339984 -0.328549191667
27 322.537339984 -0.328549191667
28 322.539381651 -0.328576969444
29 322.541298318 -0.328576969444
30 322.51438165 -0.330326969444
31 322.516339984 -0.330299191667
32 322.518339984 -0.330382525
33 322.520339984 -0.330299191667
34 322.522339984 -0.330354747222
35 322.52438165 -0.330354747222
36 322.526339984 -0.330243636111
37 322.52838165 -0.330271413889
38 322.530339984 -0.330326969444
39 322.53238165 -0.330243636111
40 322.53438165 -0.330299191667
41 322.536298317 -0.330326969444
42 322.53838165 -0.330299191667
43 322.540339984 -0.330243636111
44 322.513339983 -0.332049191667
45 322.51538165 -0.332049191667
46 322.51738165 -0.332076969444
47 322.51938165 -0.332049191667
48 322.52138165 -0.332021413889
49 322.523339983 -0.332021413889
50 322.52538165 -0.332076969444
51 322.52738165 -0.332021413889
52 322.52938165 -0.332049191667
53 322.531423317 -0.332049191667
54 322.53338165 -0.332021413889
55 322.535339983 -0.332021413889
56 322.537339983 -0.332049191667
57 322.539339983 -0.331993636111
58 322.54138165 -0.332049191667
59 322.514381649 -0.333743636111
60 322.516381649 -0.333743636111
61 322.518423316 -0.333715858333
62 322.520381649 -0.333771413889
63 322.522298316 -0.333715858333
64 322.524381649 -0.333771413889
65 322.526339983 -0.333743636111
66 322.52838165 -0.333715858333
67 322.530339983 -0.333688080556
68 322.532339983 -0.333715858333
69 322.534423316 -0.333688080556
70 322.53638165 -0.333715858333
71 322.53838165 -0.333715858333
72 322.540423316 -0.333715858333
73 322.513381649 -0.335465858333
74 322.515339982 -0.335493636111
75 322.517339982 -0.335493636111
76 322.519381649 -0.335493636111
77 322.521423316 -0.335465858333
78 322.523381649 -0.335493636111
79 322.525381649 -0.335410302778
80 322.527339982 -0.335410302778
81 322.529381649 -0.335438080556
82 322.531423316 -0.335465858333
83 322.533381649 -0.335438080556
84 322.535381649 -0.335521413889
85 322.537339982 -0.335465858333
86 322.539339982 -0.335438080556
87 322.541339982 -0.335410302778
88 322.514381649 -0.337243636111
89 322.516381649 -0.337243636111
90 322.518381649 -0.337160302778
91 322.520339982 -0.337215858333
92 322.522381649 -0.337215858333
93 322.524423315 -0.337188080556
94 322.526339982 -0.337188080556
95 322.528339982 -0.337215858333
96 322.530423315 -0.337160302778
97 322.532381649 -0.337215858333
98 322.534339982 -0.337160302778
99 322.536381649 -0.337132525
100 322.538381649 -0.337188080556
101 322.540298315 -0.337104747222
102 322.513423315 -0.338965858333
103 322.515381648 -0.338993636111
104 322.517423315 -0.338938080556
105 322.519423315 -0.338882525
106 322.521381648 -0.338882525
107 322.523381648 -0.338938080556
108 322.525381648 -0.338938080556
109 322.527339981 -0.338882525
110 322.529423315 -0.338938080556
111 322.531339981 -0.338882525
112 322.533339981 -0.338854747222
113 322.535381648 -0.338910302778
114 322.537339981 -0.338938080556
115 322.539423315 -0.338910302778
116 322.541381648 -0.338938080556
117 322.514381648 -0.340632525
118 322.516381648 -0.340660302778
119 322.518423314 -0.340660302778
120 322.520339981 -0.340688080556
121 322.522381648 -0.340632525
122 322.524381648 -0.340549191667
123 322.526339981 -0.340576969444
124 322.528339981 -0.340632525
125 322.530381648 -0.340604747222
126 322.532381648 -0.340576969444
127 322.534339981 -0.340604747222
128 322.536381648 -0.340576969444
129 322.538381648 -0.340604747222
130 322.540339981 -0.340604747222
131 322.513423314 -0.342354747222
132 322.515423314 -0.342354747222
133 322.517423314 -0.342299191667
134 322.519423314 -0.342382525
135 322.521423314 -0.342382525
136 322.523381647 -0.342326969444
137 322.525381647 -0.342382525
138 322.527381647 -0.342354747222
139 322.529423314 -0.342354747222
140 322.531423314 -0.342326969444
141 322.533423314 -0.342299191667
142 322.535381647 -0.342326969444
143 322.537381647 -0.342326969444
144 322.539423314 -0.342326969444
145 322.541381647 -0.342299191667
146 322.514423313 -0.344160302778
147 322.516381647 -0.344132525
148 322.518381647 -0.344104747222
149 322.52033998 -0.344104747222
150 322.522423313 -0.344076969444
151 322.524381647 -0.344076969444
152 322.526381647 -0.344104747222
153 322.528423313 -0.344021413889
154 322.530381647 -0.344049191667
155 322.53233998 -0.344104747222
156 322.534381647 -0.344104747222
157 322.53633998 -0.344021413889
158 322.538298313 -0.344049191667
159 322.540381647 -0.344076969444
160 322.513381646 -0.345799191667
161 322.515381646 -0.345826969444
162 322.517423313 -0.345826969444
163 322.519423313 -0.345826969444
164 322.521423313 -0.345826969444
165 322.523423313 -0.345826969444
166 322.525423313 -0.345826969444
167 322.527423313 -0.345771413889
168 322.529423313 -0.345771413889
169 322.53146498 -0.345743636111
170 322.53333998 -0.345799191667
171 322.535381646 -0.345771413889
172 322.537381646 -0.345743636111
173 322.539423313 -0.345854747222
174 322.541423313 -0.345826969444
175 322.514381646 -0.347493636111
176 322.516381646 -0.347493636111
177 322.518423312 -0.347493636111
178 322.520423312 -0.347576969444
179 322.522423312 -0.347521413889
180 322.524423312 -0.347438080556
181 322.526423312 -0.347493636111
182 322.528423312 -0.347465858333
183 322.530381646 -0.347521413889
184 322.532381646 -0.347465858333
185 322.534381646 -0.347521413889
186 322.536381646 -0.347465858333
187 322.538381646 -0.347438080556
188 322.540339979 -0.347465858333
189 322.513464979 -0.349326969444
190 322.515423312 -0.349299191667
191 322.517423312 -0.349243636111
192 322.519423312 -0.349271413889
193 322.521423312 -0.349243636111
194 322.523381645 -0.349243636111
195 322.525423312 -0.349271413889
196 322.527423312 -0.349215858333
197 322.529381645 -0.349243636111
198 322.531423312 -0.349243636111
199 322.533423312 -0.349160302778
200 322.535381645 -0.349243636111
201 322.537423312 -0.349215858333
202 322.539339979 -0.349243636111
203 322.541381645 -0.349132525
204 322.514381645 -0.350993636111
205 322.516381645 -0.351021413889
206 322.518381645 -0.350993636111
207 322.520381645 -0.350993636111
208 322.522381645 -0.350965858333
209 322.524423311 -0.350965858333
210 322.526298311 -0.351021413889
211 322.528423311 -0.351049191667
212 322.530339978 -0.350993636111
213 322.532423311 -0.350965858333
214 322.534298311 -0.350938080556
215 322.536381645 -0.350938080556
216 322.538423311 -0.350938080556
217 322.540381645 -0.350965858333
218 322.513423311 -0.352743636111
219 322.515423311 -0.352743636111
220 322.517464978 -0.352715858333
221 322.519381644 -0.352715858333
222 322.521423311 -0.352688080556
223 322.523381644 -0.352715858333
224 322.525381644 -0.352743636111
225 322.527423311 -0.352688080556
226 322.529381644 -0.352688080556
227 322.531423311 -0.352715858333
228 322.533381644 -0.352688080556
229 322.535423311 -0.352632525
230 322.537381644 -0.352632525
231 322.539423311 -0.352688080556
232 322.541339978 -0.352688080556
233 322.514339977 -0.354438080556
234 322.516381644 -0.354438080556
235 322.51842331 -0.354354747222
236 322.52042331 -0.354465858333
237 322.522464977 -0.354354747222
238 322.524381644 -0.354438080556
239 322.526339977 -0.354410302778
240 322.528339977 -0.354410302778
241 322.530381644 -0.354438080556
242 322.53242331 -0.354410302778
243 322.534464977 -0.354382525
244 322.536381644 -0.354382525
245 322.538381644 -0.354354747222
246 322.540381644 -0.354326969444
