1 322.486423311 -0.353160302778
2 322.488381644 -0.353215858333
3 322.490423311 -0.353132525
4 322.492381644 -0.353132525
5 322.494339977 -0.353132525
6 322.496423311 -0.353188080556
7 322.498423311 -0.353104747222
8 322.500381644 -0.353215858333
9 322.502339977 -0.353076969444
10 322.504423311 -0.353132525
11 322.506381644 -0.353076969444
12 322.508339977 -0.353076969444
13 322.510339977 -0.353104747222
14 322.512339977 -0.353132525
15 322.485464977 -0.354938080556
16 322.487381644 -0.354910302778
17 322.489381644 -0.354882525
18 322.491339977 -0.354826969444
19 322.493381644 -0.354882525
20 322.49542331 -0.354910302778
21 322.49742331 -0.354938080556
22 322.499381644 -0.354938080556
23 322.501381644 -0.354854747222
24 322.50329831 -0.354854747222
25 322.505381644 -0.354910302778
26 322.507381644 -0.354854747222
27 322.509381644 -0.354854747222
28 322.51142331 -0.354882525
29 322.513339977 -0.354882525
30 322.48642331 -0.356632525
31 322.488381643 -0.356604747222
32 322.490381643 -0.356688080556
33 322.492381643 -0.356604747222
34 322.494381643 -0.356660302778
35 322.49642331 -0.356660302778
36 322.498381643 -0.356549191667
37 322.500381643 -0.356576969444
38 322.502381643 -0.356632525
39 322.50442331 -0.356549191667
40 322.50642331 -0.356604747222
41 322.508339976 -0.356632525
42 322.510381643 -0.356604747222
43 322.512381643 -0.356549191667
44 322.485381643 -0.358354747222
45 322.487423309 -0.358354747222
46 322.489381643 -0.358382525
47 322.491423309 -0.358354747222
48 322.493423309 -0.358326969444
49 322.495381643 -0.358326969444
50 322.497423309 -0.358382525
51 322.499423309 -0.358326969444
52 322.501423309 -0.358354747222
53 322.503423309 -0.358354747222
54 322.505423309 -0.358326969444
55 322.507381643 -0.358326969444
56 322.509339976 -0.358354747222
57 322.511381643 -0.358299191667
58 322.513423309 -0.358354747222
59 322.486381642 -0.360049191667
60 322.488423309 -0.360049191667
61 322.490464975 -0.360021413889
62 322.492423309 -0.360076969444
63 322.494339975 -0.360021413889
64 322.496381642 -0.360076969444
65 322.498381642 -0.360049191667
66 322.500381642 -0.360021413889
67 322.502381642 -0.359993636111
68 322.504381642 -0.360021413889
69 322.506464975 -0.359993636111
70 322.508423309 -0.360021413889
71 322.510423309 -0.360021413889
72 322.512423309 -0.360021413889
73 322.485423308 -0.361771413889
74 322.487381642 -0.361799191667
75 322.489381642 -0.361799191667
76 322.491423308 -0.361799191667
77 322.493464975 -0.361771413889
78 322.495423308 -0.361799191667
79 322.497423308 -0.361715858333
80 322.499381642 -0.361715858333
81 322.501423308 -0.361743636111
82 322.503423308 -0.361771413889
83 322.505423308 -0.361743636111
84 322.507423308 -0.361826969444
85 322.509381642 -0.361771413889
86 322.511381642 -0.361743636111
87 322.513381642 -0.361715858333
88 322.486381641 -0.363549191667
89 322.488381641 -0.363549191667
90 322.490423308 -0.363465858333
91 322.492381641 -0.363521413889
92 322.494381641 -0.363521413889
93 322.496464974 -0.363493636111
94 322.498381641 -0.363493636111
95 322.500381641 -0.363549191667
96 322.502423308 -0.363465858333
97 322.504423308 -0.363521413889
98 322.506381641 -0.363465858333
99 322.508423308 -0.363438080556
100 322.510423308 -0.363493636111
101 322.512339974 -0.363410302778
102 322.485464974 -0.365271413889
103 322.487423307 -0.365299191667
104 322.489464974 -0.365243636111
105 322.491423307 -0.365188080556
106 322.493423307 -0.365188080556
107 322.495423307 -0.365243636111
108 322.497423307 -0.365243636111
109 322.499381641 -0.365188080556
110 322.501464974 -0.365243636111
111 322.503381641 -0.365188080556
112 322.505339974 -0.365160302778
113 322.507423307 -0.365215858333
114 322.509339974 -0.365243636111
115 322.511464974 -0.365215858333
116 322.513381641 -0.365243636111
117 322.486423307 -0.366938080556
118 322.488423307 -0.366965858333
119 322.490423307 -0.366965858333
120 322.49238164 -0.366993636111
121 322.494423307 -0.366938080556
122 322.496423307 -0.366854747222
123 322.498339973 -0.366882525
124 322.50038164 -0.366938080556
125 322.502423307 -0.366910302778
126 322.504423307 -0.366882525
127 322.50638164 -0.366910302778
128 322.508423307 -0.366882525
129 322.510423307 -0.366910302778
130 322.51238164 -0.366910302778
131 322.485464973 -0.368660302778
132 322.487423306 -0.368660302778
133 322.489464973 -0.368604747222
134 322.491464973 -0.368688080556
135 322.493464973 -0.368688080556
136 322.495423306 -0.368632525
137 322.497423306 -0.368688080556
138 322.499423306 -0.368660302778
139 322.501464973 -0.368660302778
140 322.503423306 -0.368632525
141 322.505464973 -0.368604747222
142 322.50738164 -0.368632525
143 322.509423306 -0.368632525
144 322.511464973 -0.368632525
145 322.51338164 -0.368604747222
146 322.486464972 -0.370465858333
147 322.488423306 -0.370438080556
148 322.490381639 -0.370410302778
149 322.492381639 -0.370410302778
150 322.494464972 -0.370382525
151 322.496423306 -0.370382525
152 322.498423306 -0.370410302778
153 322.500464972 -0.370326969444
154 322.502423306 -0.370354747222
155 322.504381639 -0.370410302778
156 322.506381639 -0.370410302778
157 322.508381639 -0.370326969444
158 322.510339972 -0.370354747222
159 322.512381639 -0.370382525
160 322.485423305 -0.372104747222
161 322.487423305 -0.372132525
162 322.489464972 -0.372132525
163 322.491423305 -0.372132525
164 322.493464972 -0.372132525
165 322.495464972 -0.372132525
166 322.497464972 -0.372132525
167 322.499464972 -0.372076969444
168 322.501423305 -0.372076969444
169 322.503506639 -0.372049191667
170 322.505381639 -0.372104747222
171 322.507423305 -0.372076969444
172 322.509423305 -0.372049191667
173 322.511423305 -0.372160302778
174 322.513423305 -0.372132525
175 322.486423305 -0.373799191667
176 322.488381638 -0.373799191667
177 322.490423305 -0.373799191667
178 322.492423305 -0.373882525
179 322.494423305 -0.373826969444
180 322.496464971 -0.373743636111
181 322.498464971 -0.373799191667
182 322.500464971 -0.373771413889
183 322.502423305 -0.373826969444
184 322.504381638 -0.373771413889
185 322.506423305 -0.373826969444
186 322.508423305 -0.373771413889
187 322.510423305 -0.373743636111
188 322.512381638 -0.373771413889
189 322.485506637 -0.375632525
190 322.487464971 -0.375604747222
191 322.489464971 -0.375549191667
192 322.491464971 -0.375576969444
193 322.493464971 -0.375549191667
194 322.495423304 -0.375549191667
195 322.497423304 -0.375576969444
196 322.499423304 -0.375521413889
197 322.501423304 -0.375549191667
198 322.503464971 -0.375549191667
199 322.505464971 -0.375465858333
200 322.507423304 -0.375549191667
201 322.509464971 -0.375521413889
202 322.511381638 -0.375549191667
203 322.513423304 -0.375438080556
204 322.486423304 -0.377299191667
205 322.488423304 -0.377326969444
206 322.490423304 -0.377299191667
207 322.492423304 -0.377299191667
208 322.494381637 -0.377271413889
209 322.49646497 -0.377271413889
210 322.49833997 -0.377326969444
211 322.50046497 -0.377354747222
212 322.502381637 -0.377299191667
213 322.50446497 -0.377271413889
214 322.50633997 -0.377243636111
215 322.508423304 -0.377243636111
216 322.51046497 -0.377243636111
217 322.512423304 -0.377271413889
218 322.48546497 -0.379049191667
219 322.48746497 -0.379049191667
220 322.489506636 -0.379021413889
221 322.491381636 -0.379021413889
222 322.49346497 -0.378993636111
223 322.495423303 -0.379021413889
224 322.497423303 -0.379049191667
225 322.49946497 -0.378993636111
226 322.501381636 -0.378993636111
227 322.50346497 -0.379021413889
228 322.505423303 -0.378993636111
229 322.507423303 -0.378938080556
230 322.509423303 -0.378938080556
231 322.511423303 -0.378993636111
232 322.513381636 -0.378993636111
233 322.486381636 -0.380743636111
234 322.488381636 -0.380743636111
235 322.490423303 -0.380660302778
236 322.492464969 -0.380771413889
237 322.494506636 -0.380660302778
238 322.496423303 -0.380743636111
239 322.498381636 -0.380715858333
240 322.500381636 -0.380715858333
241 322.502423303 -0.380743636111
242 322.504423303 -0.380715858333
243 322.506464969 -0.380688080556
244 322.508423303 -0.380688080556
245 322.510381636 -0.380660302778
246 322.512423303 -0.380632525
