1 322.514381644 -0.352715858333
2 322.516339978 -0.352771413889
3 322.518381644 -0.352660302778
4 322.520381644 -0.352688080556
5 322.522298311 -0.352660302778
6 322.524381644 -0.352743636111
7 322.526423311 -0.352632525
8 322.528339978 -0.352743636111
9 322.530339978 -0.352632525
10 322.532381644 -0.352688080556
11 322.534339978 -0.352604747222
12 322.536339978 -0.352604747222
13 322.538298311 -0.352632525
14 322.540298311 -0.352660302778
15 322.51342331 -0.354493636111
16 322.515339977 -0.354465858333
17 322.517339977 -0.354410302778
18 322.519339977 -0.354382525
19 322.521339977 -0.354438080556
20 322.523381644 -0.354465858333
21 322.525381644 -0.354493636111
22 322.527339977 -0.354465858333
23 322.529339977 -0.354382525
24 322.531256644 -0.354410302778
25 322.533339977 -0.354438080556
26 322.535339977 -0.354410302778
27 322.537339977 -0.354410302778
28 322.539381644 -0.354410302778
29 322.54129831 -0.354410302778
30 322.514381643 -0.356160302778
31 322.516339977 -0.356160302778
32 322.518339977 -0.356215858333
33 322.520339977 -0.356160302778
34 322.522339977 -0.356215858333
35 322.524381643 -0.356188080556
36 322.526339977 -0.356104747222
37 322.528381643 -0.356104747222
38 322.530339977 -0.356188080556
39 322.532381643 -0.356076969444
40 322.534381643 -0.356132525
41 322.53629831 -0.356188080556
42 322.538381643 -0.356132525
43 322.540339977 -0.356076969444
44 322.513339976 -0.357910302778
45 322.515381643 -0.357910302778
46 322.517339976 -0.357910302778
47 322.519381643 -0.357910302778
48 322.521381643 -0.357882525
49 322.523339976 -0.357882525
50 322.525381643 -0.357910302778
51 322.527381643 -0.357854747222
52 322.529381643 -0.357882525
53 322.531423309 -0.357882525
54 322.533381643 -0.357854747222
55 322.535339976 -0.357882525
56 322.537339976 -0.357882525
57 322.539339976 -0.357826969444
58 322.541381643 -0.357910302778
59 322.514381642 -0.359576969444
60 322.516381642 -0.359604747222
61 322.518423309 -0.359576969444
62 322.520381642 -0.359604747222
63 322.522298309 -0.359576969444
64 322.524381642 -0.359632525
65 322.526339976 -0.359604747222
66 322.528381642 -0.359549191667
67 322.530339976 -0.359521413889
68 322.532339976 -0.359549191667
69 322.534423309 -0.359549191667
70 322.536381642 -0.359549191667
71 322.538381642 -0.359549191667
72 322.540381642 -0.359576969444
73 322.513381642 -0.361299191667
74 322.515339975 -0.361326969444
75 322.517339975 -0.361326969444
76 322.519381642 -0.361326969444
77 322.521423308 -0.361326969444
78 322.523381642 -0.361326969444
79 322.525381642 -0.361271413889
80 322.527339975 -0.361271413889
81 322.529381642 -0.361299191667
82 322.531423308 -0.361326969444
83 322.533381642 -0.361299191667
84 322.535381642 -0.361354747222
85 322.537339975 -0.361299191667
86 322.539339975 -0.361299191667
87 322.541339975 -0.361271413889
88 322.514381641 -0.363076969444
89 322.516339975 -0.363104747222
90 322.518381641 -0.363021413889
91 322.520339975 -0.363076969444
92 322.522381641 -0.363049191667
93 322.524423308 -0.363021413889
94 322.526339975 -0.363021413889
95 322.528339975 -0.363076969444
96 322.530423308 -0.363021413889
97 322.532381641 -0.363076969444
98 322.534339975 -0.363021413889
99 322.536381641 -0.362965858333
100 322.538381641 -0.363021413889
101 322.540298308 -0.362965858333
102 322.513423307 -0.364799191667
103 322.515381641 -0.364826969444
104 322.517423307 -0.364799191667
105 322.519423307 -0.364743636111
106 322.521381641 -0.364743636111
107 322.523381641 -0.364771413889
108 322.525381641 -0.364799191667
109 322.527339974 -0.364743636111
110 322.529423307 -0.364771413889
111 322.531339974 -0.364743636111
112 322.533339974 -0.364688080556
113 322.535381641 -0.364771413889
114 322.537339974 -0.364799191667
115 322.539423307 -0.364771413889
116 322.541381641 -0.364771413889
117 322.51438164 -0.366493636111
118 322.51638164 -0.366521413889
119 322.518423307 -0.366521413889
120 322.520339974 -0.366521413889
121 322.52238164 -0.366465858333
122 322.52438164 -0.366410302778
123 322.526339974 -0.366438080556
124 322.528339974 -0.366493636111
125 322.53038164 -0.366465858333
126 322.53238164 -0.366410302778
127 322.534339974 -0.366438080556
128 322.53638164 -0.366438080556
129 322.53838164 -0.366438080556
130 322.540339974 -0.366465858333
131 322.513423306 -0.368215858333
132 322.515423306 -0.368188080556
133 322.517423306 -0.368160302778
134 322.519423306 -0.368243636111
135 322.521423306 -0.368243636111
136 322.52338164 -0.368160302778
137 322.52538164 -0.368243636111
138 322.52738164 -0.368188080556
139 322.529423306 -0.368215858333
140 322.531423306 -0.368160302778
141 322.533423306 -0.368160302778
142 322.535339973 -0.368160302778
143 322.53738164 -0.368188080556
144 322.539423306 -0.368160302778
145 322.54138164 -0.368160302778
146 322.514423306 -0.370021413889
147 322.516381639 -0.369993636111
148 322.518381639 -0.369938080556
149 322.520339973 -0.369965858333
150 322.522423306 -0.369938080556
151 322.524381639 -0.369910302778
152 322.526381639 -0.369965858333
153 322.528423306 -0.369882525
154 322.530381639 -0.369910302778
155 322.532339973 -0.369965858333
156 322.534381639 -0.369938080556
157 322.536339973 -0.369882525
158 322.538298306 -0.369910302778
159 322.540381639 -0.369910302778
160 322.513381639 -0.371660302778
161 322.515381639 -0.371688080556
162 322.517423305 -0.371688080556
163 322.519423305 -0.371660302778
164 322.521423305 -0.371688080556
165 322.523423305 -0.371660302778
166 322.525423305 -0.371660302778
167 322.527423305 -0.371632525
168 322.529423305 -0.371604747222
169 322.531464972 -0.371576969444
170 322.533339972 -0.371660302778
171 322.535381639 -0.371604747222
172 322.537381639 -0.371576969444
173 322.539423305 -0.371715858333
174 322.541423305 -0.371660302778
175 322.514381638 -0.373354747222
176 322.516381638 -0.373354747222
177 322.518423305 -0.373354747222
178 322.520381638 -0.373410302778
179 322.522381638 -0.373382525
180 322.524423305 -0.373299191667
181 322.526423305 -0.373326969444
182 322.528423305 -0.373326969444
183 322.530381638 -0.373382525
184 322.532381638 -0.373299191667
185 322.534381638 -0.373354747222
186 322.536381638 -0.373299191667
187 322.538381638 -0.373299191667
188 322.540339972 -0.373326969444
189 322.513464971 -0.375160302778
190 322.515423304 -0.375132525
191 322.517423304 -0.375104747222
192 322.519423304 -0.375104747222
193 322.521423304 -0.375076969444
194 322.523381638 -0.375076969444
195 322.525423304 -0.375104747222
196 322.527423304 -0.375049191667
197 322.529381638 -0.375076969444
198 322.531423304 -0.375076969444
199 322.533423304 -0.374993636111
200 322.535381638 -0.375076969444
201 322.537423304 -0.375049191667
202 322.539339971 -0.375076969444
203 322.541381638 -0.374993636111
204 322.514381637 -0.376826969444
205 322.516381637 -0.376854747222
206 322.518381637 -0.376826969444
207 322.520381637 -0.376826969444
208 322.522381637 -0.376799191667
209 322.524423304 -0.376799191667
210 322.526298304 -0.376854747222
211 322.528423304 -0.376882525
212 322.53033997 -0.376826969444
213 322.532423304 -0.376799191667
214 322.534298304 -0.376771413889
215 322.536381637 -0.376799191667
216 322.538423304 -0.376799191667
217 322.540381637 -0.376799191667
218 322.513423303 -0.378604747222
219 322.515423303 -0.378604747222
220 322.51746497 -0.378576969444
221 322.51933997 -0.378576969444
222 322.521423303 -0.378549191667
223 322.523381637 -0.378549191667
224 322.525381637 -0.378576969444
225 322.527423303 -0.378549191667
226 322.529381637 -0.378549191667
227 322.531423303 -0.378576969444
228 322.533381637 -0.378521413889
229 322.535381637 -0.378493636111
230 322.537381637 -0.378465858333
231 322.539423303 -0.378521413889
232 322.54133997 -0.378521413889
233 322.514339969 -0.380271413889
234 322.516381636 -0.380299191667
235 322.518381636 -0.380188080556
236 322.520423303 -0.380299191667
237 322.522464969 -0.380215858333
238 322.524381636 -0.380299191667
239 322.526339969 -0.380243636111
240 322.528339969 -0.380271413889
241 322.530381636 -0.380299191667
242 322.532423303 -0.380271413889
243 322.534423303 -0.380243636111
244 322.536381636 -0.380243636111
245 322.538381636 -0.380188080556
246 322.540381636 -0.380188080556
