1 322.486423318 -0.326299191667
2 322.488381651 -0.326354747222
3 322.490423318 -0.326271413889
4 322.492381651 -0.326271413889
5 322.494339985 -0.326271413889
6 322.496423318 -0.326326969444
7 322.498423318 -0.326243636111
8 322.500381651 -0.326354747222
9 322.502339985 -0.326243636111
10 322.504423318 -0.326271413889
11 322.506381652 -0.326215858333
12 322.508339985 -0.326215858333
13 322.510339985 -0.326243636111
14 322.512339985 -0.326271413889
15 322.485464984 -0.328104747222
16 322.487381651 -0.328049191667
17 322.489381651 -0.328021413889
18 322.491339984 -0.327965858333
19 322.493381651 -0.328021413889
20 322.495423318 -0.328049191667
21 322.497423318 -0.328076969444
22 322.499381651 -0.328076969444
23 322.501381651 -0.327993636111
24 322.503298318 -0.327993636111
25 322.505381651 -0.328049191667
26 322.507381651 -0.327993636111
27 322.509381651 -0.327993636111
28 322.511423318 -0.328021413889
29 322.513339984 -0.328021413889
30 322.486423317 -0.329771413889
31 322.488381651 -0.329743636111
32 322.490381651 -0.329826969444
33 322.492381651 -0.329743636111
34 322.494381651 -0.329799191667
35 322.496423317 -0.329799191667
36 322.498381651 -0.329688080556
37 322.500381651 -0.329715858333
38 322.502381651 -0.329799191667
39 322.504423317 -0.329688080556
40 322.506423317 -0.329743636111
41 322.508339984 -0.329771413889
42 322.510381651 -0.329743636111
43 322.512381651 -0.329688080556
44 322.48538165 -0.331521413889
45 322.487423317 -0.331493636111
46 322.48938165 -0.331521413889
47 322.491423317 -0.331493636111
48 322.493423317 -0.331465858333
49 322.49538165 -0.331465858333
50 322.497423317 -0.331521413889
51 322.499423317 -0.331465858333
52 322.501423317 -0.331493636111
53 322.503423317 -0.331493636111
54 322.505423317 -0.331465858333
55 322.50738165 -0.331465858333
56 322.509339983 -0.331493636111
57 322.51138165 -0.331438080556
58 322.513423317 -0.331493636111
59 322.48638165 -0.333188080556
60 322.488423316 -0.333188080556
61 322.490464983 -0.333160302778
62 322.492423316 -0.333215858333
63 322.494339983 -0.333160302778
64 322.49638165 -0.333215858333
65 322.49838165 -0.333188080556
66 322.50038165 -0.333160302778
67 322.50238165 -0.333132525
68 322.50438165 -0.333160302778
69 322.506464983 -0.333132525
70 322.508423316 -0.333160302778
71 322.510423316 -0.333160302778
72 322.512423316 -0.333160302778
73 322.485423316 -0.334910302778
74 322.487381649 -0.334938080556
75 322.489381649 -0.334938080556
76 322.491423316 -0.334938080556
77 322.493464983 -0.334910302778
78 322.495423316 -0.334938080556
79 322.497423316 -0.334882525
80 322.499381649 -0.334882525
81 322.501423316 -0.334882525
82 322.503423316 -0.334910302778
83 322.505423316 -0.334882525
84 322.507423316 -0.334965858333
85 322.509381649 -0.334910302778
86 322.511381649 -0.334882525
87 322.513381649 -0.334854747222
88 322.486381649 -0.336688080556
89 322.488381649 -0.336688080556
90 322.490423315 -0.336604747222
91 322.492381649 -0.336660302778
92 322.494381649 -0.336660302778
93 322.496464982 -0.336632525
94 322.498381649 -0.336632525
95 322.500381649 -0.336688080556
96 322.502423315 -0.336604747222
97 322.504423315 -0.336660302778
98 322.506381649 -0.336604747222
99 322.508423315 -0.336576969444
100 322.510423315 -0.336632525
101 322.512339982 -0.336549191667
102 322.485464982 -0.338410302778
103 322.487423315 -0.338438080556
104 322.489464982 -0.338382525
105 322.491423315 -0.338326969444
106 322.493423315 -0.338326969444
107 322.495423315 -0.338382525
108 322.497423315 -0.338382525
109 322.499381648 -0.338326969444
110 322.501464982 -0.338382525
111 322.503381648 -0.338326969444
112 322.505339982 -0.338299191667
113 322.507423315 -0.338354747222
114 322.509339982 -0.338382525
115 322.511464982 -0.338354747222
116 322.513381648 -0.338382525
117 322.486423314 -0.340076969444
118 322.488423314 -0.340104747222
119 322.490423314 -0.340104747222
120 322.492381648 -0.340132525
121 322.494423314 -0.340076969444
122 322.496423314 -0.339993636111
123 322.498339981 -0.340021413889
124 322.500381648 -0.340076969444
125 322.502423314 -0.340049191667
126 322.504423314 -0.340021413889
127 322.506381648 -0.340049191667
128 322.508423314 -0.340021413889
129 322.510423314 -0.340049191667
130 322.512381648 -0.340049191667
131 322.485464981 -0.341799191667
132 322.487423314 -0.341799191667
133 322.489464981 -0.341743636111
134 322.491464981 -0.341826969444
135 322.493464981 -0.341826969444
136 322.495423314 -0.341771413889
137 322.497423314 -0.341826969444
138 322.499423314 -0.341799191667
139 322.501464981 -0.341799191667
140 322.503423314 -0.341771413889
141 322.505464981 -0.341743636111
142 322.507381647 -0.341771413889
143 322.509423314 -0.341771413889
144 322.511464981 -0.341771413889
145 322.513381647 -0.341743636111
146 322.48646498 -0.343632525
147 322.488423313 -0.343576969444
148 322.490381647 -0.343549191667
149 322.492381647 -0.343549191667
150 322.49446498 -0.343521413889
151 322.496423313 -0.343521413889
152 322.498423313 -0.343576969444
153 322.50046498 -0.343465858333
154 322.502423313 -0.343493636111
155 322.504381647 -0.343576969444
156 322.506381647 -0.343549191667
157 322.508381647 -0.343465858333
158 322.51033998 -0.343493636111
159 322.512381647 -0.343521413889
160 322.485423313 -0.345243636111
161 322.487423313 -0.345299191667
162 322.48946498 -0.345271413889
163 322.491423313 -0.345271413889
164 322.49346498 -0.345271413889
165 322.49546498 -0.345271413889
166 322.49746498 -0.345271413889
167 322.49946498 -0.345215858333
168 322.501423313 -0.345215858333
169 322.503506646 -0.345188080556
170 322.505381646 -0.345243636111
171 322.507423313 -0.345215858333
172 322.509423313 -0.345188080556
173 322.511423313 -0.345299191667
174 322.513423313 -0.345271413889
175 322.486423313 -0.346938080556
176 322.488381646 -0.346938080556
177 322.490423313 -0.346938080556
178 322.492423313 -0.347021413889
179 322.494423313 -0.346965858333
180 322.496464979 -0.346910302778
181 322.498464979 -0.346938080556
182 322.500464979 -0.346910302778
183 322.502423313 -0.346965858333
184 322.504381646 -0.346910302778
185 322.506423313 -0.346965858333
186 322.508423313 -0.346910302778
187 322.510423313 -0.346882525
188 322.512381646 -0.346910302778
189 322.485506645 -0.348771413889
190 322.487464979 -0.348743636111
191 322.489464979 -0.348688080556
192 322.491464979 -0.348715858333
193 322.493464979 -0.348688080556
194 322.495423312 -0.348688080556
195 322.497423312 -0.348715858333
196 322.499423312 -0.348660302778
197 322.501423312 -0.348688080556
198 322.503464979 -0.348688080556
199 322.505464979 -0.348604747222
200 322.507423312 -0.348688080556
201 322.509464979 -0.348660302778
202 322.511381645 -0.348688080556
203 322.513423312 -0.348576969444
204 322.486423312 -0.350438080556
205 322.488423312 -0.350465858333
206 322.490423312 -0.350438080556
207 322.492423312 -0.350438080556
208 322.494381645 -0.350410302778
209 322.496464978 -0.350410302778
210 322.498339978 -0.350465858333
211 322.500464978 -0.350493636111
212 322.502381645 -0.350438080556
213 322.504464978 -0.350410302778
214 322.506339978 -0.350382525
215 322.508423312 -0.350382525
216 322.510464978 -0.350382525
217 322.512423312 -0.350410302778
218 322.485464978 -0.352188080556
219 322.487464978 -0.352188080556
220 322.489506644 -0.352188080556
221 322.491381644 -0.352160302778
222 322.493464978 -0.352160302778
223 322.495423311 -0.352160302778
224 322.497423311 -0.352188080556
225 322.499464978 -0.352132525
226 322.501381644 -0.352132525
227 322.503464978 -0.352160302778
228 322.505423311 -0.352132525
229 322.507423311 -0.352076969444
230 322.509423311 -0.352076969444
231 322.511423311 -0.352132525
232 322.513381644 -0.352132525
233 322.486381644 -0.353882525
234 322.488381644 -0.353882525
235 322.490423311 -0.353799191667
236 322.492464977 -0.353910302778
237 322.494506644 -0.353799191667
238 322.496423311 -0.353910302778
239 322.498381644 -0.353854747222
240 322.500381644 -0.353854747222
241 322.502423311 -0.353882525
242 322.504423311 -0.353854747222
243 322.506464977 -0.353826969444
244 322.508423311 -0.353826969444
245 322.510381644 -0.353799191667
246 322.512423311 -0.353771413889
