1 322.514381644 -0.353826969444
2 322.516339977 -0.353882525
3 322.518381644 -0.353771413889
4 322.520381644 -0.353799191667
5 322.522298311 -0.353771413889
6 322.524381644 -0.353854747222
7 322.526423311 -0.353743636111
8 322.528339977 -0.353854747222
9 322.530339977 -0.353743636111
10 322.532381644 -0.353799191667
11 322.534339977 -0.353743636111
12 322.536339977 -0.353743636111
13 322.538298311 -0.353743636111
14 322.540298311 -0.353771413889
15 322.51342331 -0.355604747222
16 322.515339977 -0.355576969444
17 322.517339977 -0.355521413889
18 322.519339977 -0.355493636111
19 322.521339977 -0.355549191667
20 322.523381643 -0.355576969444
21 322.525381643 -0.355604747222
22 322.527339977 -0.355576969444
23 322.529339977 -0.355493636111
24 322.531256643 -0.355521413889
25 322.533339977 -0.355549191667
26 322.535339977 -0.355521413889
27 322.537339977 -0.355521413889
28 322.539381643 -0.355521413889
29 322.54129831 -0.355549191667
30 322.514381643 -0.357271413889
31 322.516339976 -0.357271413889
32 322.518339976 -0.357326969444
33 322.520339976 -0.357271413889
34 322.522339976 -0.357326969444
35 322.524381643 -0.357299191667
36 322.526339976 -0.357215858333
37 322.528381643 -0.357215858333
38 322.530339976 -0.357299191667
39 322.532381643 -0.357188080556
40 322.534381643 -0.357243636111
41 322.53629831 -0.357299191667
42 322.538381643 -0.357243636111
43 322.540339976 -0.357188080556
44 322.513339976 -0.359021413889
45 322.515381642 -0.359021413889
46 322.517381642 -0.359021413889
47 322.519381642 -0.359021413889
48 322.521381642 -0.358993636111
49 322.523339976 -0.358993636111
50 322.525381642 -0.359021413889
51 322.527381642 -0.358965858333
52 322.529381642 -0.358993636111
53 322.531423309 -0.358993636111
54 322.533381642 -0.358965858333
55 322.535339976 -0.358993636111
56 322.537339976 -0.359021413889
57 322.539339976 -0.358938080556
58 322.541381642 -0.359021413889
59 322.514381642 -0.360688080556
60 322.516381642 -0.360715858333
61 322.518423309 -0.360688080556
62 322.520381642 -0.360715858333
63 322.522298309 -0.360688080556
64 322.524381642 -0.360743636111
65 322.526339975 -0.360715858333
66 322.528381642 -0.360660302778
67 322.530339975 -0.360632525
68 322.532339975 -0.360660302778
69 322.534423309 -0.360660302778
70 322.536381642 -0.360660302778
71 322.538381642 -0.360660302778
72 322.540423309 -0.360688080556
73 322.513381641 -0.362410302778
74 322.515339975 -0.362438080556
75 322.517339975 -0.362438080556
76 322.519381641 -0.362438080556
77 322.521423308 -0.362438080556
78 322.523381641 -0.362438080556
79 322.525381641 -0.362382525
80 322.527339975 -0.362382525
81 322.529381641 -0.362410302778
82 322.531423308 -0.362438080556
83 322.533381641 -0.362410302778
84 322.535381641 -0.362465858333
85 322.537339975 -0.362410302778
86 322.539339975 -0.362410302778
87 322.541339975 -0.362382525
88 322.514381641 -0.364215858333
89 322.516381641 -0.364215858333
90 322.518381641 -0.364132525
91 322.520339974 -0.364188080556
92 322.522381641 -0.364160302778
93 322.524423308 -0.364132525
94 322.526339974 -0.364132525
95 322.528339974 -0.364188080556
96 322.530423308 -0.364132525
97 322.532381641 -0.364188080556
98 322.534339974 -0.364132525
99 322.536381641 -0.364076969444
100 322.538381641 -0.364132525
101 322.540298308 -0.364076969444
102 322.513423307 -0.365910302778
103 322.51538164 -0.365938080556
104 322.517423307 -0.365910302778
105 322.519423307 -0.365854747222
106 322.52138164 -0.365854747222
107 322.52338164 -0.365882525
108 322.52538164 -0.365910302778
109 322.527339974 -0.365854747222
110 322.529423307 -0.365882525
111 322.531339974 -0.365854747222
112 322.533339974 -0.365799191667
113 322.53538164 -0.365882525
114 322.537339974 -0.365910302778
115 322.539423307 -0.365882525
116 322.54138164 -0.365882525
117 322.51438164 -0.367604747222
118 322.51638164 -0.367632525
119 322.518423307 -0.367632525
120 322.520339973 -0.367632525
121 322.52238164 -0.367576969444
122 322.52438164 -0.367521413889
123 322.526339973 -0.367549191667
124 322.528339973 -0.367604747222
125 322.53038164 -0.367576969444
126 322.53238164 -0.367521413889
127 322.534339973 -0.367549191667
128 322.53638164 -0.367549191667
129 322.53838164 -0.367549191667
130 322.540339973 -0.367576969444
131 322.513423306 -0.369326969444
132 322.515423306 -0.369299191667
133 322.517423306 -0.369271413889
134 322.519423306 -0.369354747222
135 322.521423306 -0.369354747222
136 322.523381639 -0.369299191667
137 322.525381639 -0.369354747222
138 322.527381639 -0.369299191667
139 322.529423306 -0.369326969444
140 322.531423306 -0.369271413889
141 322.533423306 -0.369271413889
142 322.535381639 -0.369271413889
143 322.537381639 -0.369299191667
144 322.539423306 -0.369271413889
145 322.541381639 -0.369271413889
146 322.514423306 -0.371132525
147 322.516381639 -0.371104747222
148 322.518381639 -0.371049191667
149 322.520339972 -0.371076969444
150 322.522423306 -0.371049191667
151 322.524381639 -0.371021413889
152 322.526381639 -0.371076969444
153 322.528423306 -0.370993636111
154 322.530381639 -0.371021413889
155 322.532339972 -0.371076969444
156 322.534381639 -0.371049191667
157 322.536339972 -0.370993636111
158 322.538298306 -0.371021413889
159 322.540381639 -0.371021413889
160 322.513381638 -0.372771413889
161 322.515381638 -0.372799191667
162 322.517423305 -0.372799191667
163 322.519423305 -0.372771413889
164 322.521423305 -0.372799191667
165 322.523423305 -0.372771413889
166 322.525423305 -0.372771413889
167 322.527423305 -0.372743636111
168 322.529423305 -0.372715858333
169 322.531464972 -0.372688080556
170 322.533339972 -0.372771413889
171 322.535381638 -0.372715858333
172 322.537381638 -0.372688080556
173 322.539423305 -0.372826969444
174 322.541423305 -0.372771413889
175 322.514381638 -0.374465858333
176 322.516381638 -0.374465858333
177 322.518423305 -0.374465858333
178 322.520423304 -0.374521413889
179 322.522423304 -0.374493636111
180 322.524423305 -0.374410302778
181 322.526423305 -0.374438080556
182 322.528423305 -0.374438080556
183 322.530381638 -0.374493636111
184 322.532381638 -0.374410302778
185 322.534381638 -0.374465858333
186 322.536381638 -0.374410302778
187 322.538381638 -0.374410302778
188 322.540339971 -0.374438080556
189 322.513464971 -0.376271413889
190 322.515423304 -0.376243636111
191 322.517423304 -0.376215858333
192 322.519423304 -0.376215858333
193 322.521423304 -0.376188080556
194 322.523381637 -0.376188080556
195 322.525423304 -0.376215858333
196 322.527423304 -0.376160302778
197 322.529381637 -0.376188080556
198 322.531423304 -0.376188080556
199 322.533423304 -0.376132525
200 322.535381637 -0.376188080556
201 322.537423304 -0.376188080556
202 322.539339971 -0.376188080556
203 322.541381637 -0.376104747222
204 322.514381637 -0.377965858333
205 322.516381637 -0.377993636111
206 322.518381637 -0.377938080556
207 322.520381637 -0.377938080556
208 322.522381637 -0.377910302778
209 322.524423303 -0.377910302778
210 322.526298303 -0.377965858333
211 322.528423303 -0.377993636111
212 322.53033997 -0.377938080556
213 322.532423303 -0.377910302778
214 322.534298303 -0.377882525
215 322.536381637 -0.377910302778
216 322.538423303 -0.377910302778
217 322.540381637 -0.377910302778
218 322.513423303 -0.379715858333
219 322.515423303 -0.379715858333
220 322.51746497 -0.379688080556
221 322.519381636 -0.379688080556
222 322.521423303 -0.379660302778
223 322.523381636 -0.379660302778
224 322.525381636 -0.379715858333
225 322.527423303 -0.379660302778
226 322.529381636 -0.379660302778
227 322.531423303 -0.379688080556
228 322.533381636 -0.379632525
229 322.535423303 -0.379604747222
230 322.537381636 -0.379576969444
231 322.539423303 -0.379632525
232 322.54133997 -0.379632525
233 322.514339969 -0.381382525
234 322.516381636 -0.381410302778
235 322.518423302 -0.381326969444
236 322.520423302 -0.381410302778
237 322.522464969 -0.381326969444
238 322.524381636 -0.381410302778
239 322.526339969 -0.381382525
240 322.528339969 -0.381382525
241 322.530381636 -0.381410302778
242 322.532423302 -0.381382525
243 322.534464969 -0.381354747222
244 322.536381636 -0.381354747222
245 322.538381636 -0.381299191667
246 322.540381636 -0.381299191667
