1 322.513381644 -0.353271413889
2 322.515339977 -0.353326969444
3 322.517381644 -0.353215858333
4 322.519339977 -0.353243636111
5 322.521298311 -0.353243636111
6 322.523381644 -0.353299191667
7 322.525381644 -0.353188080556
8 322.527339977 -0.353299191667
9 322.529339977 -0.353188080556
10 322.531381644 -0.353243636111
11 322.533339977 -0.353188080556
12 322.535339977 -0.353188080556
13 322.537298311 -0.353188080556
14 322.539298311 -0.353215858333
15 322.51242331 -0.355049191667
16 322.514339977 -0.355021413889
17 322.516339977 -0.354965858333
18 322.51829831 -0.354938080556
19 322.520339977 -0.354993636111
20 322.522381644 -0.355021413889
21 322.524381644 -0.355049191667
22 322.526339977 -0.355021413889
23 322.528339977 -0.354938080556
24 322.530256644 -0.354965858333
25 322.532339977 -0.354993636111
26 322.534339977 -0.354965858333
27 322.536339977 -0.354965858333
28 322.538381644 -0.354965858333
29 322.54029831 -0.354993636111
30 322.513381643 -0.356715858333
31 322.515339976 -0.356715858333
32 322.517339976 -0.356771413889
33 322.519339976 -0.356715858333
34 322.521339976 -0.356771413889
35 322.523381643 -0.356743636111
36 322.525339976 -0.356660302778
37 322.527339976 -0.356660302778
38 322.529339976 -0.356743636111
39 322.531381643 -0.356632525
40 322.533381643 -0.356688080556
41 322.53529831 -0.356743636111
42 322.537381643 -0.356688080556
43 322.539339976 -0.356632525
44 322.512339976 -0.358465858333
45 322.514381643 -0.358465858333
46 322.516339976 -0.358465858333
47 322.518381643 -0.358465858333
48 322.520381643 -0.358438080556
49 322.522339976 -0.358438080556
50 322.524381643 -0.358465858333
51 322.526381643 -0.358410302778
52 322.528381643 -0.358438080556
53 322.530423309 -0.358438080556
54 322.532381643 -0.358410302778
55 322.534339976 -0.358438080556
56 322.536339976 -0.358465858333
57 322.538339976 -0.358382525
58 322.540381643 -0.358465858333
59 322.513339975 -0.360132525
60 322.515381642 -0.360160302778
61 322.517423309 -0.360132525
62 322.519381642 -0.360160302778
63 322.521298309 -0.360132525
64 322.523339975 -0.360188080556
65 322.525339975 -0.360160302778
66 322.527339975 -0.360104747222
67 322.529339975 -0.360076969444
68 322.531339975 -0.360104747222
69 322.533423309 -0.360104747222
70 322.535381642 -0.360104747222
71 322.537381642 -0.360104747222
72 322.539381642 -0.360132525
73 322.512381642 -0.361854747222
74 322.514339975 -0.361882525
75 322.516339975 -0.361882525
76 322.518381642 -0.361882525
77 322.520423308 -0.361882525
78 322.522381642 -0.361882525
79 322.524381642 -0.361826969444
80 322.526339975 -0.361826969444
81 322.528381642 -0.361854747222
82 322.530381642 -0.361882525
83 322.532381642 -0.361854747222
84 322.534381642 -0.361910302778
85 322.536339975 -0.361854747222
86 322.538339975 -0.361854747222
87 322.540339975 -0.361826969444
88 322.513339974 -0.363660302778
89 322.515339974 -0.363660302778
90 322.517381641 -0.363576969444
91 322.519339974 -0.363632525
92 322.521339974 -0.363604747222
93 322.523423308 -0.363576969444
94 322.525339974 -0.363576969444
95 322.527339974 -0.363632525
96 322.529381641 -0.363576969444
97 322.531381641 -0.363632525
98 322.533339974 -0.363576969444
99 322.535381641 -0.363521413889
100 322.537381641 -0.363576969444
101 322.539298308 -0.363521413889
102 322.512423307 -0.365354747222
103 322.514381641 -0.365382525
104 322.516423307 -0.365354747222
105 322.518381641 -0.365299191667
106 322.520381641 -0.365299191667
107 322.522381641 -0.365326969444
108 322.524381641 -0.365354747222
109 322.526339974 -0.365299191667
110 322.528423307 -0.365354747222
111 322.530339974 -0.365299191667
112 322.532298307 -0.365243636111
113 322.534381641 -0.365326969444
114 322.536298307 -0.365354747222
115 322.538423307 -0.365326969444
116 322.540381641 -0.365326969444
117 322.51338164 -0.367049191667
118 322.51538164 -0.367076969444
119 322.51738164 -0.367076969444
120 322.519339973 -0.367076969444
121 322.52138164 -0.367021413889
122 322.52338164 -0.366965858333
123 322.525298307 -0.366993636111
124 322.527339973 -0.367049191667
125 322.52938164 -0.367021413889
126 322.53138164 -0.366965858333
127 322.533339973 -0.366993636111
128 322.53538164 -0.366993636111
129 322.53738164 -0.366993636111
130 322.539339973 -0.367021413889
131 322.512423306 -0.368771413889
132 322.51438164 -0.368743636111
133 322.516423306 -0.368715858333
134 322.518423306 -0.368799191667
135 322.520423306 -0.368799191667
136 322.52238164 -0.368743636111
137 322.52438164 -0.368799191667
138 322.52638164 -0.368743636111
139 322.528423306 -0.368771413889
140 322.53038164 -0.368715858333
141 322.532423306 -0.368715858333
142 322.534339973 -0.368715858333
143 322.53638164 -0.368743636111
144 322.538423306 -0.368715858333
145 322.540339973 -0.368715858333
146 322.513423306 -0.370576969444
147 322.515381639 -0.370549191667
148 322.517339972 -0.370493636111
149 322.519339972 -0.370521413889
150 322.521423306 -0.370493636111
151 322.523381639 -0.370465858333
152 322.525381639 -0.370521413889
153 322.527423306 -0.370438080556
154 322.529381639 -0.370465858333
155 322.531339972 -0.370521413889
156 322.533339972 -0.370493636111
157 322.535339972 -0.370438080556
158 322.537298306 -0.370465858333
159 322.539339972 -0.370465858333
160 322.512381639 -0.372215858333
161 322.514381639 -0.372243636111
162 322.516423305 -0.372243636111
163 322.518381639 -0.372215858333
164 322.520423305 -0.372243636111
165 322.522423305 -0.372243636111
166 322.524423305 -0.372215858333
167 322.526423305 -0.372188080556
168 322.528381639 -0.372160302778
169 322.530464972 -0.372160302778
170 322.532339972 -0.372215858333
171 322.534381639 -0.372160302778
172 322.536381639 -0.372132525
173 322.538381638 -0.372271413889
174 322.540423305 -0.372215858333
175 322.513381638 -0.373910302778
176 322.515339971 -0.373910302778
177 322.517381638 -0.373910302778
178 322.519381638 -0.373965858333
179 322.521381638 -0.373938080556
180 322.523423305 -0.373854747222
181 322.525423305 -0.373910302778
182 322.527423305 -0.373882525
183 322.529381638 -0.373938080556
184 322.531339971 -0.373882525
185 322.533381638 -0.373910302778
186 322.535381638 -0.373854747222
187 322.537381638 -0.373854747222
188 322.539339971 -0.373882525
189 322.512464971 -0.375743636111
190 322.514423304 -0.375688080556
191 322.516423304 -0.375660302778
192 322.518423304 -0.375660302778
193 322.520423304 -0.375632525
194 322.522381637 -0.375632525
195 322.524381637 -0.375660302778
196 322.526381637 -0.375604747222
197 322.528381637 -0.375660302778
198 322.530423304 -0.375632525
199 322.532423304 -0.375576969444
200 322.534381637 -0.375632525
201 322.536423304 -0.375632525
202 322.538339971 -0.375632525
203 322.540381638 -0.375549191667
204 322.513381637 -0.377410302778
205 322.515381637 -0.377438080556
206 322.517381637 -0.377382525
207 322.519381637 -0.377382525
208 322.521381637 -0.377354747222
209 322.523423304 -0.377354747222
210 322.525298304 -0.377410302778
211 322.527423304 -0.377438080556
212 322.52933997 -0.377382525
213 322.531423304 -0.377354747222
214 322.533298304 -0.377326969444
215 322.535381637 -0.377354747222
216 322.537423304 -0.377354747222
217 322.539381637 -0.377354747222
218 322.512423303 -0.379160302778
219 322.514423303 -0.379160302778
220 322.51646497 -0.379132525
221 322.51833997 -0.379132525
222 322.520423303 -0.379104747222
223 322.522381636 -0.379104747222
224 322.524381636 -0.379160302778
225 322.526423303 -0.379104747222
226 322.52833997 -0.379104747222
227 322.530423303 -0.379132525
228 322.532381636 -0.379076969444
229 322.534381636 -0.379049191667
230 322.536381636 -0.379021413889
231 322.538381636 -0.379076969444
232 322.54033997 -0.379076969444
233 322.513339969 -0.380826969444
234 322.515339969 -0.380854747222
235 322.517381636 -0.380771413889
236 322.519423303 -0.380882525
237 322.521464969 -0.380771413889
238 322.523381636 -0.380854747222
239 322.525339969 -0.380826969444
240 322.527339969 -0.380826969444
241 322.529381636 -0.380854747222
242 322.531381636 -0.380826969444
243 322.533423303 -0.380799191667
244 322.535381636 -0.380799191667
245 322.537339969 -0.380743636111
246 322.539381636 -0.380743636111
