1 322.487423318 -0.325743636111
2 322.489381652 -0.325799191667
3 322.491423318 -0.325715858333
4 322.493423318 -0.325715858333
5 322.495339985 -0.325715858333
6 322.497423318 -0.325771413889
7 322.499464985 -0.325688080556
8 322.501381652 -0.325771413889
9 322.503381652 -0.325660302778
10 322.505423318 -0.325715858333
11 322.507381652 -0.325660302778
12 322.509381652 -0.325660302778
13 322.511339985 -0.325688080556
14 322.513339985 -0.325715858333
15 322.486464984 -0.327521413889
16 322.488381651 -0.327493636111
17 322.490381651 -0.327465858333
18 322.492381651 -0.327410302778
19 322.494381651 -0.327465858333
20 322.496423318 -0.327493636111
21 322.498423318 -0.327521413889
22 322.500381651 -0.327521413889
23 322.502381651 -0.327438080556
24 322.504298318 -0.327438080556
25 322.506381651 -0.327493636111
26 322.508381651 -0.327438080556
27 322.510381651 -0.327438080556
28 322.512423318 -0.327438080556
29 322.514339985 -0.327465858333
30 322.487423317 -0.329188080556
31 322.489381651 -0.329188080556
32 322.491381651 -0.329271413889
33 322.493381651 -0.329188080556
34 322.495381651 -0.329243636111
35 322.497423317 -0.329243636111
36 322.499381651 -0.329132525
37 322.501423317 -0.329160302778
38 322.503381651 -0.329215858333
39 322.505423317 -0.329132525
40 322.507423317 -0.329188080556
41 322.509339984 -0.329215858333
42 322.511423317 -0.329188080556
43 322.513381651 -0.329132525
44 322.48638165 -0.330938080556
45 322.488423317 -0.330938080556
46 322.49038165 -0.330965858333
47 322.492423317 -0.330938080556
48 322.494423317 -0.330910302778
49 322.49638165 -0.330910302778
50 322.498423317 -0.330938080556
51 322.500423317 -0.330910302778
52 322.502423317 -0.330938080556
53 322.504464984 -0.330938080556
54 322.506423317 -0.330910302778
55 322.50838165 -0.330910302778
56 322.51038165 -0.330938080556
57 322.51238165 -0.330882525
58 322.514423317 -0.330938080556
59 322.487423316 -0.332632525
60 322.489423316 -0.332632525
61 322.491464983 -0.332604747222
62 322.493423316 -0.332632525
63 322.495339983 -0.332604747222
64 322.497423316 -0.332660302778
65 322.49938165 -0.332632525
66 322.501423316 -0.332604747222
67 322.50338165 -0.332576969444
68 322.50538165 -0.332604747222
69 322.507464983 -0.332576969444
70 322.509423316 -0.332604747222
71 322.511423316 -0.332604747222
72 322.513423316 -0.332604747222
73 322.486423316 -0.334354747222
74 322.488381649 -0.334382525
75 322.490381649 -0.334354747222
76 322.492423316 -0.334354747222
77 322.494464983 -0.334354747222
78 322.496423316 -0.334382525
79 322.498423316 -0.334299191667
80 322.500381649 -0.334299191667
81 322.502423316 -0.334326969444
82 322.504464983 -0.334354747222
83 322.506423316 -0.334326969444
84 322.508423316 -0.334410302778
85 322.510381649 -0.334354747222
86 322.512381649 -0.334326969444
87 322.514381649 -0.334299191667
88 322.487423316 -0.336132525
89 322.489381649 -0.336132525
90 322.491423316 -0.336049191667
91 322.493381649 -0.336104747222
92 322.495423316 -0.336104747222
93 322.497464982 -0.336076969444
94 322.499381649 -0.336076969444
95 322.501381649 -0.336104747222
96 322.503423316 -0.336049191667
97 322.505423316 -0.336104747222
98 322.507381649 -0.336049191667
99 322.509423316 -0.336021413889
100 322.511423316 -0.336076969444
101 322.513339982 -0.335993636111
102 322.486464982 -0.337854747222
103 322.488423315 -0.337882525
104 322.490464982 -0.337826969444
105 322.492423315 -0.337771413889
106 322.494423315 -0.337771413889
107 322.496423315 -0.337826969444
108 322.498423315 -0.337826969444
109 322.500381648 -0.337771413889
110 322.502464982 -0.337826969444
111 322.504381648 -0.337771413889
112 322.506381648 -0.337743636111
113 322.508423315 -0.337799191667
114 322.510339982 -0.337826969444
115 322.512464982 -0.337799191667
116 322.514423315 -0.337826969444
117 322.487423315 -0.339521413889
118 322.489423315 -0.339549191667
119 322.491423315 -0.339549191667
120 322.493381648 -0.339576969444
121 322.495423315 -0.339521413889
122 322.497423315 -0.339438080556
123 322.499381648 -0.339465858333
124 322.501381648 -0.339521413889
125 322.503423315 -0.339493636111
126 322.505423315 -0.339465858333
127 322.507381648 -0.339493636111
128 322.509423315 -0.339465858333
129 322.511423315 -0.339465858333
130 322.513381648 -0.339493636111
131 322.486464981 -0.341243636111
132 322.488464981 -0.341243636111
133 322.490464981 -0.341188080556
134 322.492464981 -0.341271413889
135 322.494464981 -0.341271413889
136 322.496423314 -0.341215858333
137 322.498423314 -0.341271413889
138 322.500423314 -0.341243636111
139 322.502464981 -0.341243636111
140 322.504464981 -0.341215858333
141 322.506464981 -0.341188080556
142 322.508381647 -0.341215858333
143 322.510423314 -0.341215858333
144 322.512464981 -0.341188080556
145 322.514423314 -0.341188080556
146 322.48746498 -0.343049191667
147 322.489423314 -0.343021413889
148 322.491381647 -0.342993636111
149 322.493381647 -0.342993636111
150 322.49546498 -0.342965858333
151 322.497423314 -0.342938080556
152 322.499423314 -0.342993636111
153 322.50146498 -0.342910302778
154 322.503423314 -0.342938080556
155 322.505381647 -0.342993636111
156 322.507423314 -0.342965858333
157 322.509381647 -0.342910302778
158 322.51133998 -0.342938080556
159 322.513423314 -0.342965858333
160 322.486423313 -0.344688080556
161 322.488423313 -0.344715858333
162 322.49046498 -0.344715858333
163 322.49246498 -0.344715858333
164 322.49446498 -0.344715858333
165 322.49646498 -0.344715858333
166 322.49846498 -0.344715858333
167 322.50046498 -0.344660302778
168 322.50246498 -0.344660302778
169 322.504506647 -0.344632525
170 322.506381646 -0.344688080556
171 322.508423313 -0.344660302778
172 322.510423313 -0.344632525
173 322.51246498 -0.344743636111
174 322.51446498 -0.344715858333
175 322.487423313 -0.346382525
176 322.489381646 -0.346382525
177 322.491423313 -0.346382525
178 322.493423313 -0.346465858333
179 322.495423313 -0.346410302778
180 322.497464979 -0.346326969444
181 322.499464979 -0.346382525
182 322.501464979 -0.346354747222
183 322.503423313 -0.346410302778
184 322.505423313 -0.346354747222
185 322.507423313 -0.346410302778
186 322.509423313 -0.346354747222
187 322.511423313 -0.346326969444
188 322.513381646 -0.346354747222
189 322.486506646 -0.348215858333
190 322.488464979 -0.348188080556
191 322.490464979 -0.348132525
192 322.492464979 -0.348132525
193 322.494464979 -0.348104747222
194 322.496423312 -0.348104747222
195 322.498464979 -0.348160302778
196 322.500464979 -0.348104747222
197 322.502423312 -0.348132525
198 322.504464979 -0.348132525
199 322.506464979 -0.348049191667
200 322.508423312 -0.348132525
201 322.510464979 -0.348104747222
202 322.512381646 -0.348104747222
203 322.514423312 -0.348021413889
204 322.487423312 -0.349882525
205 322.489423312 -0.349910302778
206 322.491423312 -0.349882525
207 322.493423312 -0.349854747222
208 322.495423312 -0.349854747222
209 322.497464978 -0.349854747222
210 322.499339978 -0.349910302778
211 322.501464978 -0.349910302778
212 322.503381645 -0.349882525
213 322.505464978 -0.349854747222
214 322.507339978 -0.349799191667
215 322.509423312 -0.349826969444
216 322.511464978 -0.349826969444
217 322.513423312 -0.349854747222
218 322.486464978 -0.351632525
219 322.488464978 -0.351632525
220 322.490506645 -0.351604747222
221 322.492381645 -0.351604747222
222 322.494464978 -0.351576969444
223 322.496423311 -0.351604747222
224 322.498423311 -0.351632525
225 322.500464978 -0.351576969444
226 322.502423311 -0.351576969444
227 322.504464978 -0.351604747222
228 322.506423311 -0.351576969444
229 322.508423311 -0.351521413889
230 322.510423311 -0.351521413889
231 322.512423311 -0.351576969444
232 322.514381645 -0.351576969444
233 322.487381644 -0.353326969444
234 322.489423311 -0.353326969444
235 322.491423311 -0.353243636111
236 322.493464977 -0.353354747222
237 322.495506644 -0.353243636111
238 322.497423311 -0.353326969444
239 322.499381644 -0.353299191667
240 322.501381644 -0.353299191667
241 322.503423311 -0.353326969444
242 322.505423311 -0.353299191667
243 322.507464977 -0.353271413889
244 322.509423311 -0.353271413889
245 322.511423311 -0.353243636111
246 322.513423311 -0.353215858333
