1 322.514381652 -0.325743636111
2 322.516339985 -0.325799191667
3 322.518381652 -0.325715858333
4 322.520381652 -0.325715858333
5 322.522298318 -0.325715858333
6 322.524381652 -0.325771413889
7 322.526423318 -0.325688080556
8 322.528339985 -0.325771413889
9 322.530339985 -0.325660302778
10 322.532381652 -0.325715858333
11 322.534339985 -0.325660302778
12 322.536339985 -0.325660302778
13 322.538298318 -0.325688080556
14 322.540298318 -0.325715858333
15 322.513423318 -0.327521413889
16 322.515339985 -0.327493636111
17 322.517339985 -0.327465858333
18 322.519339985 -0.327410302778
19 322.521339985 -0.327465858333
20 322.523381651 -0.327493636111
21 322.525381651 -0.327521413889
22 322.527339984 -0.327521413889
23 322.529339985 -0.327438080556
24 322.531256651 -0.327438080556
25 322.533339985 -0.327493636111
26 322.535339985 -0.327438080556
27 322.537339985 -0.327438080556
28 322.539381651 -0.327438080556
29 322.541298318 -0.327465858333
30 322.514381651 -0.329188080556
31 322.516339984 -0.329188080556
32 322.518339984 -0.329271413889
33 322.520339984 -0.329188080556
34 322.522339984 -0.329243636111
35 322.524381651 -0.329243636111
36 322.526339984 -0.329132525
37 322.528381651 -0.329160302778
38 322.530339984 -0.329215858333
39 322.532381651 -0.329132525
40 322.534381651 -0.329188080556
41 322.536298317 -0.329215858333
42 322.538381651 -0.329188080556
43 322.540339984 -0.329132525
44 322.513339984 -0.330938080556
45 322.51538165 -0.330938080556
46 322.517339984 -0.330965858333
47 322.51938165 -0.330938080556
48 322.52138165 -0.330910302778
49 322.523339984 -0.330910302778
50 322.52538165 -0.330938080556
51 322.52738165 -0.330910302778
52 322.52938165 -0.330938080556
53 322.531423317 -0.330938080556
54 322.53338165 -0.330910302778
55 322.535339984 -0.330910302778
56 322.537339984 -0.330938080556
57 322.539339984 -0.330882525
58 322.54138165 -0.330938080556
59 322.51438165 -0.332632525
60 322.51638165 -0.332632525
61 322.518423316 -0.332604747222
62 322.52038165 -0.332632525
63 322.522298316 -0.332604747222
64 322.52438165 -0.332660302778
65 322.526339983 -0.332632525
66 322.52838165 -0.332604747222
67 322.530339983 -0.332576969444
68 322.532339983 -0.332604747222
69 322.534423316 -0.332576969444
70 322.53638165 -0.332604747222
71 322.53838165 -0.332604747222
72 322.54038165 -0.332604747222
73 322.513381649 -0.334354747222
74 322.515339983 -0.334382525
75 322.517339983 -0.334354747222
76 322.519381649 -0.334354747222
77 322.521423316 -0.334354747222
78 322.523381649 -0.334382525
79 322.525381649 -0.334299191667
80 322.527339983 -0.334299191667
81 322.529381649 -0.334326969444
82 322.531423316 -0.334354747222
83 322.533381649 -0.334326969444
84 322.535381649 -0.334410302778
85 322.537339983 -0.334354747222
86 322.539339983 -0.334326969444
87 322.541339983 -0.334299191667
88 322.514381649 -0.336132525
89 322.516339982 -0.336132525
90 322.518381649 -0.336049191667
91 322.520339982 -0.336104747222
92 322.522381649 -0.336104747222
93 322.524423316 -0.336076969444
94 322.526339982 -0.336076969444
95 322.528339982 -0.336104747222
96 322.530423316 -0.336049191667
97 322.532381649 -0.336104747222
98 322.534339982 -0.336049191667
99 322.536381649 -0.336021413889
100 322.538381649 -0.336076969444
101 322.540298316 -0.335993636111
102 322.513423315 -0.337854747222
103 322.515381648 -0.337882525
104 322.517423315 -0.337826969444
105 322.519423315 -0.337771413889
106 322.521381648 -0.337771413889
107 322.523381648 -0.337826969444
108 322.525381648 -0.337826969444
109 322.527339982 -0.337771413889
110 322.529423315 -0.337826969444
111 322.531339982 -0.337771413889
112 322.533339982 -0.337743636111
113 322.535381648 -0.337799191667
114 322.537339982 -0.337826969444
115 322.539423315 -0.337799191667
116 322.541381648 -0.337826969444
117 322.514381648 -0.339521413889
118 322.516381648 -0.339549191667
119 322.518423315 -0.339549191667
120 322.520339981 -0.339576969444
121 322.522381648 -0.339521413889
122 322.524381648 -0.339438080556
123 322.526339981 -0.339465858333
124 322.528339981 -0.339521413889
125 322.530381648 -0.339493636111
126 322.532381648 -0.339465858333
127 322.534339981 -0.339493636111
128 322.536381648 -0.339465858333
129 322.538381648 -0.339465858333
130 322.540339981 -0.339493636111
131 322.513423314 -0.341243636111
132 322.515423314 -0.341243636111
133 322.517423314 -0.341188080556
134 322.519423314 -0.341271413889
135 322.521423314 -0.341271413889
136 322.523381647 -0.341215858333
137 322.525381647 -0.341271413889
138 322.527381647 -0.341243636111
139 322.529423314 -0.341243636111
140 322.531423314 -0.341215858333
141 322.533423314 -0.341188080556
142 322.535339981 -0.341215858333
143 322.537381647 -0.341215858333
144 322.539423314 -0.341188080556
145 322.541381647 -0.341188080556
146 322.514423314 -0.343049191667
147 322.516381647 -0.343021413889
148 322.518381647 -0.342993636111
149 322.52033998 -0.342993636111
150 322.522423314 -0.342965858333
151 322.524381647 -0.342938080556
152 322.526381647 -0.342993636111
153 322.528423314 -0.342910302778
154 322.530381647 -0.342938080556
155 322.53233998 -0.342993636111
156 322.534381647 -0.342965858333
157 322.53633998 -0.342910302778
158 322.538298314 -0.342938080556
159 322.540381647 -0.342965858333
160 322.513381646 -0.344688080556
161 322.515381646 -0.344715858333
162 322.517423313 -0.344715858333
163 322.519423313 -0.344715858333
164 322.521423313 -0.344715858333
165 322.523423313 -0.344715858333
166 322.525423313 -0.344715858333
167 322.527423313 -0.344660302778
168 322.529423313 -0.344660302778
169 322.53146498 -0.344632525
170 322.53333998 -0.344688080556
171 322.535381647 -0.344660302778
172 322.537381647 -0.344632525
173 322.539423313 -0.344743636111
174 322.541423313 -0.344715858333
175 322.514381646 -0.346382525
176 322.516381646 -0.346382525
177 322.518423313 -0.346382525
178 322.520381646 -0.346465858333
179 322.522381646 -0.346410302778
180 322.524423313 -0.346326969444
181 322.526423313 -0.346382525
182 322.528423313 -0.346354747222
183 322.530381646 -0.346410302778
184 322.532381646 -0.346354747222
185 322.534381646 -0.346410302778
186 322.536381646 -0.346354747222
187 322.538381646 -0.346326969444
188 322.540339979 -0.346354747222
189 322.513464979 -0.348215858333
190 322.515423312 -0.348188080556
191 322.517423312 -0.348132525
192 322.519423312 -0.348132525
193 322.521423312 -0.348104747222
194 322.523381646 -0.348104747222
195 322.525423312 -0.348160302778
196 322.527423312 -0.348104747222
197 322.529381646 -0.348132525
198 322.531423312 -0.348132525
199 322.533423312 -0.348049191667
200 322.535381646 -0.348132525
201 322.537423312 -0.348104747222
202 322.539339979 -0.348104747222
203 322.541381646 -0.348021413889
204 322.514381645 -0.349882525
205 322.516381645 -0.349910302778
206 322.518381645 -0.349882525
207 322.520381645 -0.349854747222
208 322.522381645 -0.349854747222
209 322.524423312 -0.349854747222
210 322.526298312 -0.349910302778
211 322.528423312 -0.349910302778
212 322.530339978 -0.349882525
213 322.532423312 -0.349854747222
214 322.534298312 -0.349799191667
215 322.536381645 -0.349826969444
216 322.538423312 -0.349826969444
217 322.540381645 -0.349854747222
218 322.513423311 -0.351632525
219 322.515423311 -0.351632525
220 322.517464978 -0.351604747222
221 322.519339978 -0.351604747222
222 322.521423311 -0.351576969444
223 322.523381645 -0.351604747222
224 322.525381645 -0.351632525
225 322.527423311 -0.351576969444
226 322.529381645 -0.351576969444
227 322.531423311 -0.351604747222
228 322.533381645 -0.351576969444
229 322.535381645 -0.351521413889
230 322.537381645 -0.351521413889
231 322.539423311 -0.351576969444
232 322.541339978 -0.351576969444
233 322.514339977 -0.353326969444
234 322.516381644 -0.353326969444
235 322.518381644 -0.353243636111
236 322.520423311 -0.353354747222
237 322.522464977 -0.353243636111
238 322.524381644 -0.353326969444
239 322.526339977 -0.353299191667
240 322.528339977 -0.353299191667
241 322.530381644 -0.353326969444
242 322.532423311 -0.353299191667
243 322.534423311 -0.353271413889
244 322.536381644 -0.353271413889
245 322.538381644 -0.353243636111
246 322.540381644 -0.353215858333
