1 322.487423311 -0.352604747222
2 322.489381644 -0.352660302778
3 322.491423311 -0.352576969444
4 322.493423311 -0.352576969444
5 322.495339978 -0.352576969444
6 322.497423311 -0.352632525
7 322.499464978 -0.352521413889
8 322.501381644 -0.352632525
9 322.503381644 -0.352521413889
10 322.505423311 -0.352576969444
11 322.507381644 -0.352521413889
12 322.509381644 -0.352521413889
13 322.511339978 -0.352549191667
14 322.513339978 -0.352576969444
15 322.486464977 -0.354382525
16 322.488381644 -0.354354747222
17 322.490381644 -0.354326969444
18 322.492381644 -0.354271413889
19 322.494381644 -0.354326969444
20 322.49642331 -0.354354747222
21 322.49842331 -0.354382525
22 322.500381644 -0.354382525
23 322.502381644 -0.354299191667
24 322.50429831 -0.354299191667
25 322.506381644 -0.354354747222
26 322.508381644 -0.354299191667
27 322.510381644 -0.354299191667
28 322.51242331 -0.354299191667
29 322.514339977 -0.354326969444
30 322.48742331 -0.356049191667
31 322.489381643 -0.356049191667
32 322.491381643 -0.356132525
33 322.493381643 -0.356049191667
34 322.495381643 -0.356104747222
35 322.49742331 -0.356104747222
36 322.499381643 -0.355993636111
37 322.50142331 -0.356021413889
38 322.503381643 -0.356076969444
39 322.50542331 -0.355993636111
40 322.50742331 -0.356049191667
41 322.509339977 -0.356076969444
42 322.51142331 -0.356049191667
43 322.513381643 -0.355993636111
44 322.486381643 -0.357799191667
45 322.488423309 -0.357799191667
46 322.490381643 -0.357826969444
47 322.492423309 -0.357799191667
48 322.494423309 -0.357771413889
49 322.496381643 -0.357771413889
50 322.498423309 -0.357799191667
51 322.500423309 -0.357771413889
52 322.502423309 -0.357799191667
53 322.504464976 -0.357799191667
54 322.506423309 -0.357743636111
55 322.508381643 -0.357771413889
56 322.510381643 -0.357799191667
57 322.512381643 -0.357743636111
58 322.514423309 -0.357799191667
59 322.487423309 -0.359493636111
60 322.489423309 -0.359493636111
61 322.491464976 -0.359465858333
62 322.493423309 -0.359493636111
63 322.495339976 -0.359465858333
64 322.497423309 -0.359521413889
65 322.499381642 -0.359493636111
66 322.501423309 -0.359465858333
67 322.503381642 -0.359438080556
68 322.505381642 -0.359465858333
69 322.507464976 -0.359438080556
70 322.509423309 -0.359438080556
71 322.511423309 -0.359465858333
72 322.513423309 -0.359465858333
73 322.486423308 -0.361215858333
74 322.488381642 -0.361243636111
75 322.490381642 -0.361215858333
76 322.492423308 -0.361215858333
77 322.494464975 -0.361215858333
78 322.496423308 -0.361215858333
79 322.498423308 -0.361160302778
80 322.500381642 -0.361160302778
81 322.502423308 -0.361188080556
82 322.504464975 -0.361215858333
83 322.506423308 -0.361188080556
84 322.508423308 -0.361271413889
85 322.510381642 -0.361215858333
86 322.512381642 -0.361188080556
87 322.514381642 -0.361160302778
88 322.487423308 -0.362993636111
89 322.489381641 -0.362993636111
90 322.491423308 -0.362910302778
91 322.493381641 -0.362965858333
92 322.495423308 -0.362965858333
93 322.497464975 -0.362938080556
94 322.499381641 -0.362938080556
95 322.501381641 -0.362965858333
96 322.503423308 -0.362910302778
97 322.505423308 -0.362965858333
98 322.507381641 -0.362910302778
99 322.509423308 -0.362882525
100 322.511423308 -0.362910302778
101 322.513339975 -0.362854747222
102 322.486464974 -0.364715858333
103 322.488423307 -0.364743636111
104 322.490464974 -0.364688080556
105 322.492423307 -0.364632525
106 322.494423307 -0.364632525
107 322.496423307 -0.364688080556
108 322.498423307 -0.364688080556
109 322.500381641 -0.364632525
110 322.502464974 -0.364688080556
111 322.504381641 -0.364632525
112 322.506381641 -0.364604747222
113 322.508423307 -0.364660302778
114 322.510339974 -0.364688080556
115 322.512464974 -0.364660302778
116 322.514423307 -0.364688080556
117 322.487423307 -0.366382525
118 322.489423307 -0.366410302778
119 322.491423307 -0.366410302778
120 322.49338164 -0.366438080556
121 322.495423307 -0.366382525
122 322.497423307 -0.366299191667
123 322.49938164 -0.366326969444
124 322.50138164 -0.366382525
125 322.503423307 -0.366354747222
126 322.505423307 -0.366326969444
127 322.50738164 -0.366354747222
128 322.509423307 -0.366326969444
129 322.511423307 -0.366326969444
130 322.51338164 -0.366354747222
131 322.486464973 -0.368104747222
132 322.488464973 -0.368076969444
133 322.490464973 -0.368049191667
134 322.492464973 -0.368132525
135 322.494464973 -0.368132525
136 322.496423306 -0.368076969444
137 322.498423306 -0.368132525
138 322.500423306 -0.368104747222
139 322.502464973 -0.368104747222
140 322.504464973 -0.368076969444
141 322.506464973 -0.368049191667
142 322.50838164 -0.368076969444
143 322.510423306 -0.368076969444
144 322.512464973 -0.368049191667
145 322.514423306 -0.368049191667
146 322.487464973 -0.369910302778
147 322.489423306 -0.369882525
148 322.491381639 -0.369854747222
149 322.493381639 -0.369854747222
150 322.495464973 -0.369826969444
151 322.497423306 -0.369799191667
152 322.499423306 -0.369854747222
153 322.501464973 -0.369771413889
154 322.503423306 -0.369799191667
155 322.505381639 -0.369854747222
156 322.507423306 -0.369826969444
157 322.509381639 -0.369771413889
158 322.511339973 -0.369799191667
159 322.513423306 -0.369826969444
160 322.486423305 -0.371549191667
161 322.488423305 -0.371576969444
162 322.490464972 -0.371576969444
163 322.492464972 -0.371576969444
164 322.494464972 -0.371576969444
165 322.496464972 -0.371576969444
166 322.498464972 -0.371576969444
167 322.500464972 -0.371521413889
168 322.502464972 -0.371521413889
169 322.504506639 -0.371493636111
170 322.506381639 -0.371549191667
171 322.508423305 -0.371493636111
172 322.510423305 -0.371493636111
173 322.512464972 -0.371604747222
174 322.514464972 -0.371576969444
175 322.487423305 -0.373243636111
176 322.489381638 -0.373243636111
177 322.491423305 -0.373243636111
178 322.493423305 -0.373326969444
179 322.495423305 -0.373271413889
180 322.497464972 -0.373188080556
181 322.499464972 -0.373243636111
182 322.501464972 -0.373215858333
183 322.503423305 -0.373271413889
184 322.505423305 -0.373215858333
185 322.507423305 -0.373243636111
186 322.509423305 -0.373215858333
187 322.511423305 -0.373188080556
188 322.513381638 -0.373215858333
189 322.486506638 -0.375076969444
190 322.488464971 -0.375049191667
191 322.490464971 -0.374993636111
192 322.492464971 -0.374993636111
193 322.494464971 -0.374965858333
194 322.496423304 -0.374965858333
195 322.498464971 -0.375021413889
196 322.500464971 -0.374965858333
197 322.502423304 -0.374993636111
198 322.504464971 -0.374993636111
199 322.506464971 -0.374910302778
200 322.508423304 -0.374993636111
201 322.510464971 -0.374965858333
202 322.512381638 -0.374965858333
203 322.514423304 -0.374882525
204 322.487423304 -0.376743636111
205 322.489423304 -0.376771413889
206 322.491423304 -0.376743636111
207 322.493423304 -0.376715858333
208 322.495423304 -0.376715858333
209 322.49746497 -0.376688080556
210 322.49933997 -0.376771413889
211 322.50146497 -0.376771413889
212 322.503381637 -0.376743636111
213 322.50546497 -0.376715858333
214 322.507339971 -0.376660302778
215 322.509423304 -0.376688080556
216 322.51146497 -0.376688080556
217 322.513423304 -0.376715858333
218 322.48646497 -0.378493636111
219 322.48846497 -0.378493636111
220 322.490506637 -0.378465858333
221 322.492381637 -0.378465858333
222 322.49446497 -0.378438080556
223 322.496423303 -0.378438080556
224 322.498423303 -0.378493636111
225 322.50046497 -0.378438080556
226 322.502423303 -0.378438080556
227 322.50446497 -0.378465858333
228 322.506423303 -0.378410302778
229 322.508423303 -0.378382525
230 322.510423303 -0.378382525
231 322.512423303 -0.378438080556
232 322.514381637 -0.378410302778
233 322.487381636 -0.380188080556
234 322.489423303 -0.380188080556
235 322.491423303 -0.380104747222
236 322.493464969 -0.380215858333
237 322.495506636 -0.380104747222
238 322.497423303 -0.380188080556
239 322.499381636 -0.380160302778
240 322.501381636 -0.380160302778
241 322.503423303 -0.380188080556
242 322.505423303 -0.380160302778
243 322.507464969 -0.380132525
244 322.509423303 -0.380132525
245 322.511423303 -0.380104747222
246 322.513423303 -0.380076969444
