1 322.513381651 -0.326299191667
2 322.515339985 -0.326354747222
3 322.517381651 -0.326271413889
4 322.519339985 -0.326271413889
5 322.521298318 -0.326271413889
6 322.523381651 -0.326326969444
7 322.525381651 -0.326243636111
8 322.527339985 -0.326354747222
9 322.529339985 -0.326243636111
10 322.531381651 -0.326271413889
11 322.533339985 -0.326215858333
12 322.535339985 -0.326215858333
13 322.537298318 -0.326243636111
14 322.539298318 -0.326271413889
15 322.512423318 -0.328104747222
16 322.514339984 -0.328049191667
17 322.516339984 -0.328021413889
18 322.518298318 -0.327965858333
19 322.520339984 -0.328021413889
20 322.522381651 -0.328049191667
21 322.524381651 -0.328076969444
22 322.526339984 -0.328076969444
23 322.528339984 -0.327993636111
24 322.530256651 -0.327993636111
25 322.532339984 -0.328049191667
26 322.534339984 -0.327993636111
27 322.536339984 -0.327993636111
28 322.538381651 -0.328021413889
29 322.540298318 -0.328021413889
30 322.513381651 -0.329771413889
31 322.515339984 -0.329743636111
32 322.517339984 -0.329826969444
33 322.519339984 -0.329743636111
34 322.521339984 -0.329799191667
35 322.523381651 -0.329799191667
36 322.525339984 -0.329688080556
37 322.527339984 -0.329715858333
38 322.529339984 -0.329799191667
39 322.531381651 -0.329688080556
40 322.533381651 -0.329743636111
41 322.535298317 -0.329771413889
42 322.537381651 -0.329743636111
43 322.539339984 -0.329688080556
44 322.512339983 -0.331521413889
45 322.51438165 -0.331493636111
46 322.516339983 -0.331521413889
47 322.51838165 -0.331493636111
48 322.52038165 -0.331465858333
49 322.522339983 -0.331465858333
50 322.52438165 -0.331521413889
51 322.52638165 -0.331465858333
52 322.52838165 -0.331493636111
53 322.530423317 -0.331493636111
54 322.53238165 -0.331465858333
55 322.534339983 -0.331465858333
56 322.536339983 -0.331493636111
57 322.538339983 -0.331438080556
58 322.54038165 -0.331493636111
59 322.513339983 -0.333188080556
60 322.51538165 -0.333188080556
61 322.517423316 -0.333160302778
62 322.51938165 -0.333215858333
63 322.521298316 -0.333160302778
64 322.523339983 -0.333215858333
65 322.525339983 -0.333188080556
66 322.527339983 -0.333160302778
67 322.529339983 -0.333132525
68 322.531339983 -0.333160302778
69 322.533423316 -0.333132525
70 322.53538165 -0.333160302778
71 322.53738165 -0.333160302778
72 322.53938165 -0.333160302778
73 322.512381649 -0.334910302778
74 322.514339983 -0.334938080556
75 322.516339983 -0.334938080556
76 322.518381649 -0.334938080556
77 322.520423316 -0.334910302778
78 322.522381649 -0.334938080556
79 322.524381649 -0.334882525
80 322.526339983 -0.334882525
81 322.528381649 -0.334882525
82 322.530381649 -0.334910302778
83 322.532381649 -0.334882525
84 322.534381649 -0.334965858333
85 322.536339983 -0.334910302778
86 322.538339983 -0.334882525
87 322.540339983 -0.334854747222
88 322.513339982 -0.336688080556
89 322.515339982 -0.336688080556
90 322.517381649 -0.336604747222
91 322.519339982 -0.336660302778
92 322.521339982 -0.336660302778
93 322.523423315 -0.336632525
94 322.525339982 -0.336632525
95 322.527339982 -0.336688080556
96 322.529381649 -0.336604747222
97 322.531381649 -0.336660302778
98 322.533339982 -0.336604747222
99 322.535381649 -0.336576969444
100 322.537381649 -0.336632525
101 322.539298315 -0.336549191667
102 322.512423315 -0.338410302778
103 322.514381648 -0.338438080556
104 322.516423315 -0.338382525
105 322.518381648 -0.338326969444
106 322.520381648 -0.338326969444
107 322.522381648 -0.338382525
108 322.524381648 -0.338382525
109 322.526339982 -0.338326969444
110 322.528423315 -0.338382525
111 322.530339982 -0.338326969444
112 322.532298315 -0.338299191667
113 322.534381648 -0.338354747222
114 322.536298315 -0.338382525
115 322.538423315 -0.338354747222
116 322.540381648 -0.338382525
117 322.513381648 -0.340076969444
118 322.515381648 -0.340104747222
119 322.517381648 -0.340104747222
120 322.519339981 -0.340132525
121 322.521381648 -0.340076969444
122 322.523381648 -0.339993636111
123 322.525298314 -0.340021413889
124 322.527339981 -0.340076969444
125 322.529381648 -0.340049191667
126 322.531381648 -0.340021413889
127 322.533339981 -0.340049191667
128 322.535381648 -0.340021413889
129 322.537381648 -0.340049191667
130 322.539339981 -0.340049191667
131 322.512423314 -0.341799191667
132 322.514381647 -0.341799191667
133 322.516423314 -0.341743636111
134 322.518423314 -0.341826969444
135 322.520423314 -0.341826969444
136 322.522381647 -0.341771413889
137 322.524381647 -0.341826969444
138 322.526381647 -0.341799191667
139 322.528423314 -0.341799191667
140 322.530381647 -0.341771413889
141 322.532423314 -0.341743636111
142 322.534339981 -0.341771413889
143 322.536381647 -0.341771413889
144 322.538423314 -0.341771413889
145 322.540339981 -0.341743636111
146 322.513423313 -0.343632525
147 322.515381647 -0.343576969444
148 322.51733998 -0.343549191667
149 322.51933998 -0.343549191667
150 322.521423313 -0.343521413889
151 322.523381647 -0.343521413889
152 322.525381647 -0.343576969444
153 322.527423314 -0.343465858333
154 322.529381647 -0.343493636111
155 322.53133998 -0.343576969444
156 322.53333998 -0.343549191667
157 322.53533998 -0.343465858333
158 322.537298313 -0.343493636111
159 322.53933998 -0.343521413889
160 322.512381646 -0.345243636111
161 322.514381646 -0.345299191667
162 322.516423313 -0.345271413889
163 322.518381646 -0.345271413889
164 322.520423313 -0.345271413889
165 322.522423313 -0.345271413889
166 322.524423313 -0.345271413889
167 322.526423313 -0.345215858333
168 322.528381646 -0.345215858333
169 322.53046498 -0.345188080556
170 322.53233998 -0.345243636111
171 322.534381646 -0.345215858333
172 322.536381646 -0.345188080556
173 322.538381646 -0.345299191667
174 322.540423313 -0.345271413889
175 322.513381646 -0.346938080556
176 322.515339979 -0.346938080556
177 322.517381646 -0.346938080556
178 322.519381646 -0.347021413889
179 322.521381646 -0.346965858333
180 322.523423313 -0.346910302778
181 322.525423313 -0.346938080556
182 322.527423313 -0.346910302778
183 322.529381646 -0.346965858333
184 322.531339979 -0.346910302778
185 322.533381646 -0.346965858333
186 322.535381646 -0.346910302778
187 322.537381646 -0.346882525
188 322.539339979 -0.346910302778
189 322.512464979 -0.348771413889
190 322.514423312 -0.348743636111
191 322.516423312 -0.348688080556
192 322.518423312 -0.348715858333
193 322.520423312 -0.348688080556
194 322.522381645 -0.348688080556
195 322.524381645 -0.348715858333
196 322.526381645 -0.348660302778
197 322.528381645 -0.348688080556
198 322.530423312 -0.348688080556
199 322.532423312 -0.348604747222
200 322.534381645 -0.348688080556
201 322.536423312 -0.348660302778
202 322.538339979 -0.348688080556
203 322.540381645 -0.348576969444
204 322.513381645 -0.350438080556
205 322.515381645 -0.350465858333
206 322.517381645 -0.350438080556
207 322.519381645 -0.350438080556
208 322.521381645 -0.350410302778
209 322.523423312 -0.350410302778
210 322.525298312 -0.350465858333
211 322.527423312 -0.350493636111
212 322.529339978 -0.350438080556
213 322.531423312 -0.350410302778
214 322.533298312 -0.350382525
215 322.535381645 -0.350382525
216 322.537423312 -0.350382525
217 322.539381645 -0.350410302778
218 322.512423311 -0.352188080556
219 322.514423311 -0.352188080556
220 322.516464978 -0.352188080556
221 322.518339978 -0.352160302778
222 322.520423311 -0.352160302778
223 322.522381644 -0.352160302778
224 322.524381644 -0.352188080556
225 322.526423311 -0.352132525
226 322.528339978 -0.352132525
227 322.530423311 -0.352160302778
228 322.532381644 -0.352132525
229 322.534381644 -0.352076969444
230 322.536381644 -0.352076969444
231 322.538381644 -0.352132525
232 322.540339978 -0.352132525
233 322.513339977 -0.353882525
234 322.515339977 -0.353882525
235 322.517381644 -0.353799191667
236 322.519423311 -0.353910302778
237 322.521464977 -0.353799191667
238 322.523381644 -0.353910302778
239 322.525339977 -0.353854747222
240 322.527339977 -0.353854747222
241 322.529381644 -0.353882525
242 322.531381644 -0.353854747222
243 322.533423311 -0.353826969444
244 322.535381644 -0.353826969444
245 322.537339977 -0.353799191667
246 322.539381644 -0.353771413889
