1 328.33575668 0.190950808333
2 328.337715013 0.190895252778
3 328.33975668 0.190978586111
4 328.34175668 0.190978586111
5 328.343673346 0.190978586111
6 328.34575668 0.190923030556
7 328.347798346 0.191006363889
8 328.349715013 0.190895252778
9 328.351715013 0.191006363889
10 328.35375668 0.190978586111
11 328.355715013 0.191034141667
12 328.357715013 0.191034141667
13 328.359673346 0.191006363889
14 328.361673346 0.190978586111
15 328.334798347 0.189145252778
16 328.336715013 0.189200808333
17 328.338715013 0.189228586111
18 328.340715013 0.189284141667
19 328.342715013 0.189228586111
20 328.34475668 0.189200808333
21 328.34675668 0.189173030556
22 328.348715013 0.189173030556
23 328.350715013 0.189256363889
24 328.35263168 0.189256363889
25 328.354715013 0.189200808333
26 328.356715013 0.189256363889
27 328.358715013 0.189256363889
28 328.36075668 0.189228586111
29 328.362673347 0.189228586111
30 328.33575668 0.187478586111
31 328.337715013 0.187506363889
32 328.339715013 0.187423030556
33 328.341715013 0.187506363889
34 328.343715013 0.187450808333
35 328.34575668 0.187450808333
36 328.347715013 0.187561919444
37 328.34975668 0.187534141667
38 328.351715013 0.187450808333
39 328.35375668 0.187561919444
40 328.35575668 0.187506363889
41 328.357673347 0.187478586111
42 328.35975668 0.187506363889
43 328.361715013 0.187561919444
44 328.334715014 0.185728586111
45 328.33675668 0.185756363889
46 328.338715014 0.185728586111
47 328.34075668 0.185756363889
48 328.34275668 0.185784141667
49 328.344715014 0.185784141667
50 328.34675668 0.185728586111
51 328.34875668 0.185784141667
52 328.35075668 0.185756363889
53 328.352798347 0.185756363889
54 328.35475668 0.185784141667
55 328.356715014 0.185784141667
56 328.358715014 0.185756363889
57 328.360715014 0.185811919444
58 328.36275668 0.185756363889
59 328.335756681 0.184061919444
60 328.337756681 0.184061919444
61 328.339798347 0.184089697222
62 328.341756681 0.184034141667
63 328.343673347 0.184089697222
64 328.345756681 0.184034141667
65 328.347715014 0.184061919444
66 328.349756681 0.184089697222
67 328.351715014 0.184117475
68 328.353715014 0.184089697222
69 328.355798347 0.184117475
70 328.357756681 0.184089697222
71 328.359756681 0.184089697222
72 328.361756681 0.184089697222
73 328.334756681 0.182339697222
74 328.336715014 0.182311919444
75 328.338715014 0.182311919444
76 328.340756681 0.182311919444
77 328.342798348 0.182339697222
78 328.344756681 0.182311919444
79 328.346756681 0.182367475
80 328.348715014 0.182367475
81 328.350756681 0.182367475
82 328.352798348 0.182339697222
83 328.354756681 0.182367475
84 328.356756681 0.182284141667
85 328.358715014 0.182339697222
86 328.360715014 0.182367475
87 328.362715014 0.182395252778
88 328.335756681 0.180561919444
89 328.337715014 0.180561919444
90 328.339756681 0.180645252778
91 328.341715014 0.180589697222
92 328.343756681 0.180589697222
93 328.345798348 0.180617475
94 328.347715014 0.180617475
95 328.349715014 0.180561919444
96 328.351756681 0.180645252778
97 328.353756681 0.180589697222
98 328.355715014 0.180645252778
99 328.357756681 0.180673030556
100 328.359756681 0.180617475
101 328.361673348 0.180700808333
102 328.334798348 0.178839697222
103 328.336756681 0.178811919444
104 328.338798348 0.178867475
105 328.340756681 0.178923030556
106 328.342756681 0.178923030556
107 328.344756681 0.178867475
108 328.346756681 0.178867475
109 328.348715015 0.178923030556
110 328.350798348 0.178867475
111 328.352715015 0.178923030556
112 328.354715015 0.178950808333
113 328.356756681 0.178895252778
114 328.358673348 0.178867475
115 328.360798348 0.178895252778
116 328.362756681 0.178867475
117 328.335756682 0.177173030556
118 328.337756682 0.177145252778
119 328.339756682 0.177145252778
120 328.341715015 0.177117475
121 328.343756682 0.177173030556
122 328.345756682 0.177256363889
123 328.347715015 0.177228586111
124 328.349715015 0.177173030556
125 328.351756682 0.177200808333
126 328.353756682 0.177228586111
127 328.355715015 0.177200808333
128 328.357756682 0.177228586111
129 328.359756682 0.177200808333
130 328.361715015 0.177200808333
131 328.334798349 0.175450808333
132 328.336798349 0.175450808333
133 328.338798349 0.175506363889
134 328.340798349 0.175423030556
135 328.342798349 0.175423030556
136 328.344756682 0.175478586111
137 328.346756682 0.175423030556
138 328.348756682 0.175450808333
139 328.350798349 0.175450808333
140 328.352798349 0.175478586111
141 328.354798349 0.175506363889
142 328.356715015 0.175478586111
143 328.358756682 0.175478586111
144 328.360798349 0.175478586111
145 328.362756682 0.175506363889
146 328.335798349 0.173617475
147 328.337756682 0.173673030556
148 328.339715015 0.173700808333
149 328.341715015 0.173700808333
150 328.343798349 0.173728586111
151 328.345756682 0.173728586111
152 328.347756682 0.173673030556
153 328.349798349 0.173784141667
154 328.351756682 0.173756363889
155 328.353715015 0.173673030556
156 328.355756682 0.173700808333
157 328.357715015 0.173784141667
158 328.359673349 0.173756363889
159 328.361756682 0.173728586111
160 328.334756682 0.172006363889
161 328.336756682 0.171950808333
162 328.338798349 0.171978586111
163 328.340798349 0.171978586111
164 328.342798349 0.171978586111
165 328.344798349 0.171978586111
166 328.346798349 0.171978586111
167 328.348798349 0.172034141667
168 328.350798349 0.172034141667
169 328.352840016 0.172061919444
170 328.354715016 0.172006363889
171 328.356756682 0.172034141667
172 328.358756682 0.172061919444
173 328.360798349 0.171950808333
174 328.362798349 0.171978586111
175 328.335756683 0.170311919444
176 328.337715016 0.170311919444
177 328.339756683 0.170311919444
178 328.341756683 0.170228586111
179 328.343756683 0.170284141667
180 328.345798349 0.170339697222
181 328.347798349 0.170311919444
182 328.349798349 0.170339697222
183 328.351756683 0.170284141667
184 328.353756683 0.170339697222
185 328.355756683 0.170284141667
186 328.357756683 0.170339697222
187 328.359756683 0.170367475
188 328.361715016 0.170339697222
189 328.334840016 0.168478586111
190 328.33679835 0.168506363889
191 328.33879835 0.168561919444
192 328.34079835 0.168534141667
193 328.34279835 0.168561919444
194 328.344756683 0.168561919444
195 328.34679835 0.168534141667
196 328.34879835 0.168589697222
197 328.350756683 0.168561919444
198 328.35279835 0.168561919444
199 328.354798349 0.168645252778
200 328.356756683 0.168561919444
201 328.35879835 0.168589697222
202 328.360715016 0.168561919444
203 328.362756683 0.168673030556
204 328.335756683 0.166811919444
205 328.337756683 0.166784141667
206 328.339756683 0.166811919444
207 328.341756683 0.166811919444
208 328.343756683 0.166839697222
209 328.34579835 0.166839697222
210 328.34767335 0.166784141667
211 328.34979835 0.166756363889
212 328.351715016 0.166811919444
213 328.35379835 0.166839697222
214 328.35567335 0.166867475
215 328.357756683 0.166867475
216 328.35979835 0.166867475
217 328.361756683 0.166839697222
218 328.33479835 0.165061919444
219 328.33679835 0.165061919444
220 328.338840017 0.165061919444
221 328.340715017 0.165089697222
222 328.34279835 0.165089697222
223 328.344756683 0.165089697222
224 328.346756683 0.165061919444
225 328.34879835 0.165117475
226 328.350756683 0.165117475
227 328.35279835 0.165089697222
228 328.354756683 0.165117475
229 328.356756683 0.165173030556
230 328.358756683 0.165173030556
231 328.360756683 0.165117475
232 328.362715017 0.165117475
233 328.335715017 0.163367475
234 328.337756684 0.163367475
235 328.339756684 0.163450808333
236 328.34179835 0.163339697222
237 328.343840017 0.163450808333
238 328.345756684 0.163339697222
239 328.347715017 0.163395252778
240 328.349715017 0.163395252778
241 328.351756684 0.163367475
242 328.353756684 0.163395252778
243 328.35579835 0.163423030556
244 328.357756684 0.163423030556
245 328.359756684 0.163450808333
246 328.361756684 0.163478586111
