1 328.33675668 0.190395252778
2 328.33875668 0.190339697222
3 328.34075668 0.190423030556
4 328.34275668 0.190423030556
5 328.344673346 0.190423030556
6 328.34675668 0.190367475
7 328.348798346 0.190450808333
8 328.35075668 0.190339697222
9 328.352715013 0.190478586111
10 328.35475668 0.190423030556
11 328.356715013 0.190478586111
12 328.358715013 0.190478586111
13 328.360673346 0.190450808333
14 328.362673346 0.190423030556
15 328.335840013 0.188617475
16 328.337715013 0.188645252778
17 328.339715013 0.188673030556
18 328.341715013 0.188728586111
19 328.343715013 0.188673030556
20 328.34575668 0.188645252778
21 328.34775668 0.188617475
22 328.349715013 0.188617475
23 328.351715013 0.188700808333
24 328.35363168 0.188700808333
25 328.355715013 0.188645252778
26 328.357715013 0.188700808333
27 328.359715013 0.188700808333
28 328.36175668 0.188673030556
29 328.363673347 0.188673030556
30 328.33675668 0.186923030556
31 328.338715014 0.186950808333
32 328.340715014 0.186867475
33 328.342715014 0.186950808333
34 328.344715014 0.186895252778
35 328.34675668 0.186895252778
36 328.348715014 0.187006363889
37 328.35075668 0.186978586111
38 328.352715014 0.186923030556
39 328.35475668 0.187006363889
40 328.35675668 0.186950808333
41 328.358673347 0.186923030556
42 328.36075668 0.186950808333
43 328.362715014 0.187006363889
44 328.335715014 0.185200808333
45 328.33775668 0.185200808333
46 328.33975668 0.185173030556
47 328.34175668 0.185200808333
48 328.34375668 0.185228586111
49 328.345715014 0.185228586111
50 328.34775668 0.185173030556
51 328.349798347 0.185228586111
52 328.35175668 0.185200808333
53 328.353798347 0.185200808333
54 328.35575668 0.185228586111
55 328.357715014 0.185228586111
56 328.359715014 0.185200808333
57 328.361715014 0.185256363889
58 328.36375668 0.185200808333
59 328.336756681 0.183506363889
60 328.338756681 0.183506363889
61 328.340798347 0.183534141667
62 328.342756681 0.183478586111
63 328.344673347 0.183534141667
64 328.346756681 0.183478586111
65 328.348756681 0.183506363889
66 328.350756681 0.183534141667
67 328.352715014 0.183561919444
68 328.354715014 0.183534141667
69 328.356798347 0.183561919444
70 328.358756681 0.183534141667
71 328.360756681 0.183534141667
72 328.362798347 0.183534141667
73 328.335756681 0.181784141667
74 328.337715014 0.181756363889
75 328.339715014 0.181756363889
76 328.341756681 0.181756363889
77 328.343798348 0.181784141667
78 328.345756681 0.181756363889
79 328.347798348 0.181839697222
80 328.349715014 0.181839697222
81 328.351756681 0.181811919444
82 328.353798348 0.181784141667
83 328.355756681 0.181811919444
84 328.357756681 0.181728586111
85 328.359715014 0.181784141667
86 328.361715014 0.181811919444
87 328.363715014 0.181839697222
88 328.336756681 0.180006363889
89 328.338756681 0.180006363889
90 328.340756681 0.180089697222
91 328.342715015 0.180034141667
92 328.344756681 0.180034141667
93 328.346798348 0.180061919444
94 328.348756681 0.180061919444
95 328.350715015 0.180034141667
96 328.352798348 0.180089697222
97 328.354756681 0.180034141667
98 328.356715015 0.180089697222
99 328.358756681 0.180117475
100 328.360798348 0.180061919444
101 328.362673348 0.180145252778
102 328.335798348 0.178284141667
103 328.337798348 0.178256363889
104 328.339798348 0.178311919444
105 328.341798348 0.178367475
106 328.343798348 0.178367475
107 328.345756681 0.178311919444
108 328.347756681 0.178311919444
109 328.349715015 0.178367475
110 328.351798348 0.178311919444
111 328.353715015 0.178367475
112 328.355715015 0.178395252778
113 328.357798348 0.178339697222
114 328.359715015 0.178311919444
115 328.361798348 0.178339697222
116 328.363756681 0.178311919444
117 328.336756682 0.176617475
118 328.338756682 0.176589697222
119 328.340798348 0.176589697222
120 328.342756682 0.176561919444
121 328.344756682 0.176617475
122 328.346756682 0.176700808333
123 328.348715015 0.176673030556
124 328.350715015 0.176617475
125 328.352756682 0.176645252778
126 328.354756682 0.176673030556
127 328.356715015 0.176645252778
128 328.358756682 0.176673030556
129 328.360756682 0.176645252778
130 328.362715015 0.176645252778
131 328.335798349 0.174895252778
132 328.337798349 0.174895252778
133 328.339798349 0.174950808333
134 328.341798349 0.174867475
135 328.343798349 0.174867475
136 328.345756682 0.174923030556
137 328.347756682 0.174867475
138 328.349756682 0.174895252778
139 328.351798349 0.174895252778
140 328.353798349 0.174923030556
141 328.355798349 0.174950808333
142 328.357756682 0.174923030556
143 328.359756682 0.174923030556
144 328.361798349 0.174923030556
145 328.363756682 0.174950808333
146 328.336798349 0.173089697222
147 328.338756682 0.173117475
148 328.340756682 0.173145252778
149 328.342715016 0.173145252778
150 328.344798349 0.173173030556
151 328.346756682 0.173173030556
152 328.348756682 0.173145252778
153 328.350798349 0.173228586111
154 328.352756682 0.173200808333
155 328.354756682 0.173145252778
156 328.356756682 0.173145252778
157 328.358715016 0.173228586111
158 328.360673349 0.173200808333
159 328.362756682 0.173173030556
160 328.335756682 0.171450808333
161 328.337756682 0.171423030556
162 328.339840016 0.171423030556
163 328.341798349 0.171423030556
164 328.343798349 0.171423030556
165 328.345798349 0.171423030556
166 328.347840016 0.171423030556
167 328.349798349 0.171478586111
168 328.351798349 0.171478586111
169 328.353840016 0.171506363889
170 328.355715016 0.171450808333
171 328.357756682 0.171478586111
172 328.359756682 0.171506363889
173 328.361798349 0.171395252778
174 328.363798349 0.171423030556
175 328.336756683 0.169756363889
176 328.338756683 0.169756363889
177 328.340798349 0.169756363889
178 328.342798349 0.169673030556
179 328.344798349 0.169728586111
180 328.346798349 0.169811919444
181 328.348798349 0.169756363889
182 328.350840016 0.169784141667
183 328.352798349 0.169728586111
184 328.354756683 0.169784141667
185 328.356756683 0.169728586111
186 328.358756683 0.169784141667
187 328.360798349 0.169811919444
188 328.362715016 0.169784141667
189 328.335840016 0.167923030556
190 328.33779835 0.167950808333
191 328.33979835 0.168006363889
192 328.34179835 0.167978586111
193 328.34379835 0.168006363889
194 328.345756683 0.168006363889
195 328.34779835 0.167978586111
196 328.34979835 0.168034141667
197 328.351756683 0.168006363889
198 328.35379835 0.168006363889
199 328.35579835 0.168089697222
200 328.35779835 0.168006363889
201 328.35979835 0.168034141667
202 328.361715016 0.168006363889
203 328.363756683 0.168117475
204 328.336756683 0.166256363889
205 328.338756683 0.166228586111
206 328.34079835 0.166256363889
207 328.342756683 0.166256363889
208 328.344756683 0.166284141667
209 328.34679835 0.166284141667
210 328.348715016 0.166228586111
211 328.35079835 0.166200808333
212 328.352715016 0.166256363889
213 328.35479835 0.166284141667
214 328.35667335 0.166311919444
215 328.358756683 0.166311919444
216 328.36079835 0.166311919444
217 328.362756683 0.166284141667
218 328.33579835 0.164506363889
219 328.33779835 0.164506363889
220 328.339840017 0.164534141667
221 328.341756683 0.164534141667
222 328.34379835 0.164561919444
223 328.345756683 0.164534141667
224 328.347756683 0.164506363889
225 328.34979835 0.164561919444
226 328.351756683 0.164561919444
227 328.35379835 0.164534141667
228 328.355756683 0.164561919444
229 328.35779835 0.164617475
230 328.359756683 0.164617475
231 328.36179835 0.164561919444
232 328.363715017 0.164561919444
233 328.336756684 0.162811919444
234 328.338756684 0.162811919444
235 328.34079835 0.162895252778
236 328.34279835 0.162784141667
237 328.344840017 0.162895252778
238 328.346756684 0.162811919444
239 328.348715017 0.162839697222
240 328.350715017 0.162839697222
241 328.352756684 0.162811919444
242 328.35479835 0.162839697222
243 328.356840017 0.162867475
244 328.358756684 0.162867475
245 328.360756684 0.162895252778
246 328.362756684 0.162923030556
