1 328.336756675 0.217339697222
2 328.338756675 0.217256363889
3 328.340756675 0.217367475
4 328.342756675 0.217367475
5 328.344673342 0.217367475
6 328.346756675 0.217311919444
7 328.348798342 0.217395252778
8 328.350756675 0.217284141667
9 328.352715009 0.217395252778
10 328.354756675 0.217367475
11 328.356715009 0.217423030556
12 328.358715009 0.217423030556
13 328.360673342 0.217395252778
14 328.362673342 0.217367475
15 328.335840009 0.215534141667
16 328.337715009 0.215589697222
17 328.339715009 0.215617475
18 328.341715009 0.215673030556
19 328.343715009 0.215589697222
20 328.345756675 0.215589697222
21 328.347756676 0.215534141667
22 328.349715009 0.215561919444
23 328.351715009 0.215645252778
24 328.353631675 0.215645252778
25 328.355715009 0.215589697222
26 328.357715009 0.215645252778
27 328.359715009 0.215645252778
28 328.361756675 0.215617475
29 328.363673342 0.215617475
30 328.336756676 0.213867475
31 328.338715009 0.213895252778
32 328.340715009 0.213811919444
33 328.342715009 0.213895252778
34 328.344715009 0.213811919444
35 328.346756676 0.213839697222
36 328.348715009 0.213950808333
37 328.350756676 0.213923030556
38 328.352715009 0.213839697222
39 328.354756676 0.213950808333
40 328.356756676 0.213895252778
41 328.358673342 0.213867475
42 328.360756676 0.213895252778
43 328.362715009 0.213950808333
44 328.335715009 0.212117475
45 328.337756676 0.212145252778
46 328.339756676 0.212117475
47 328.341756676 0.212145252778
48 328.343756676 0.212173030556
49 328.345715009 0.212145252778
50 328.347756676 0.212117475
51 328.349798343 0.212173030556
52 328.351756676 0.212145252778
53 328.353798343 0.212145252778
54 328.355756676 0.212173030556
55 328.357715009 0.212173030556
56 328.359715009 0.212145252778
57 328.361715009 0.212200808333
58 328.363756676 0.212145252778
59 328.336756676 0.210450808333
60 328.338756676 0.210450808333
61 328.340798343 0.210478586111
62 328.342756676 0.210423030556
63 328.344673343 0.210478586111
64 328.346756676 0.210423030556
65 328.348756676 0.210423030556
66 328.350756676 0.210478586111
67 328.35271501 0.210506363889
68 328.35471501 0.210478586111
69 328.356798343 0.210506363889
70 328.358756676 0.210478586111
71 328.360756676 0.210478586111
72 328.362798343 0.210478586111
73 328.335756677 0.208728586111
74 328.33771501 0.208700808333
75 328.33971501 0.208700808333
76 328.341756677 0.208700808333
77 328.343798343 0.208728586111
78 328.345756677 0.208700808333
79 328.347798343 0.208756363889
80 328.34971501 0.208756363889
81 328.351756677 0.208756363889
82 328.353798343 0.208728586111
83 328.355756677 0.208728586111
84 328.357756677 0.208673030556
85 328.35971501 0.208728586111
86 328.36171501 0.208728586111
87 328.36371501 0.208784141667
88 328.336756677 0.206950808333
89 328.338756677 0.206950808333
90 328.340756677 0.207034141667
91 328.34271501 0.206950808333
92 328.344756677 0.206978586111
93 328.346798344 0.207006363889
94 328.348756677 0.207006363889
95 328.35071501 0.206950808333
96 328.352798344 0.207034141667
97 328.354756677 0.206950808333
98 328.35671501 0.207034141667
99 328.358756677 0.207061919444
100 328.360798344 0.207006363889
101 328.362673344 0.207061919444
102 328.335798344 0.205228586111
103 328.337798344 0.205200808333
104 328.339798344 0.205256363889
105 328.341798344 0.205311919444
106 328.343798344 0.205311919444
107 328.345756677 0.205256363889
108 328.347756677 0.205256363889
109 328.349715011 0.205311919444
110 328.351798344 0.205256363889
111 328.353715011 0.205311919444
112 328.355715011 0.205339697222
113 328.357798344 0.205284141667
114 328.359715011 0.205256363889
115 328.361798344 0.205256363889
116 328.363756677 0.205256363889
117 328.336756678 0.203534141667
118 328.338756678 0.203506363889
119 328.340798344 0.203534141667
120 328.342756678 0.203506363889
121 328.344756678 0.203561919444
122 328.346756678 0.203645252778
123 328.348715011 0.203589697222
124 328.350715011 0.203561919444
125 328.352756678 0.203589697222
126 328.354756678 0.203617475
127 328.356715011 0.203589697222
128 328.358756678 0.203617475
129 328.360756678 0.203589697222
130 328.362715011 0.203589697222
131 328.335798344 0.201839697222
132 328.337798344 0.201839697222
133 328.339798344 0.201867475
134 328.341798345 0.201811919444
135 328.343798345 0.201811919444
136 328.345756678 0.201867475
137 328.347756678 0.201811919444
138 328.349756678 0.201839697222
139 328.351798344 0.201839697222
140 328.353798344 0.201867475
141 328.355798344 0.201867475
142 328.357756678 0.201867475
143 328.359756678 0.201867475
144 328.361798344 0.201867475
145 328.363756678 0.201895252778
146 328.336798345 0.200006363889
147 328.338756678 0.200034141667
148 328.340756678 0.200089697222
149 328.342715011 0.200089697222
150 328.344798345 0.200089697222
151 328.346756678 0.200117475
152 328.348756678 0.200061919444
153 328.350798345 0.200173030556
154 328.352756678 0.200145252778
155 328.354756678 0.200061919444
156 328.356756678 0.200089697222
157 328.358715011 0.200173030556
158 328.360673345 0.200145252778
159 328.362756678 0.200117475
160 328.335756678 0.198395252778
161 328.337756678 0.198339697222
162 328.339840012 0.198367475
163 328.341798345 0.198367475
164 328.343798345 0.198339697222
165 328.345798345 0.198367475
166 328.347840012 0.198367475
167 328.349798345 0.198423030556
168 328.351798345 0.198423030556
169 328.353840012 0.198450808333
170 328.355715012 0.198395252778
171 328.357756678 0.198423030556
172 328.359756678 0.198450808333
173 328.361798345 0.198311919444
174 328.363798345 0.198367475
175 328.336756679 0.196700808333
176 328.338756679 0.196673030556
177 328.340798345 0.196673030556
178 328.342798345 0.196617475
179 328.344798345 0.196673030556
180 328.346798345 0.196728586111
181 328.348798345 0.196700808333
182 328.350840012 0.196728586111
183 328.352798345 0.196673030556
184 328.354756679 0.196728586111
185 328.356756679 0.196673030556
186 328.358756679 0.196728586111
187 328.360798345 0.196756363889
188 328.362715012 0.196728586111
189 328.335840012 0.194867475
190 328.337798346 0.194895252778
191 328.339798346 0.194923030556
192 328.341798346 0.194923030556
193 328.343798346 0.194950808333
194 328.345756679 0.194950808333
195 328.347798346 0.194923030556
196 328.349798346 0.194978586111
197 328.351756679 0.194950808333
198 328.353798346 0.194950808333
199 328.355798346 0.195034141667
200 328.357798346 0.194950808333
201 328.359798346 0.194978586111
202 328.361715012 0.194950808333
203 328.363756679 0.195034141667
204 328.336756679 0.193200808333
205 328.338756679 0.193173030556
206 328.340798346 0.193200808333
207 328.342756679 0.193200808333
208 328.344756679 0.193228586111
209 328.346798346 0.193228586111
210 328.348715013 0.193173030556
211 328.350798346 0.193145252778
212 328.352715013 0.193200808333
213 328.354798346 0.193228586111
214 328.356673346 0.193256363889
215 328.358756679 0.193228586111
216 328.360798346 0.193228586111
217 328.362756679 0.193228586111
218 328.335798346 0.191450808333
219 328.337798346 0.191450808333
220 328.339840013 0.191450808333
221 328.341756679 0.191478586111
222 328.343798346 0.191478586111
223 328.345756679 0.191478586111
224 328.347756679 0.191450808333
225 328.349798346 0.191506363889
226 328.351756679 0.191506363889
227 328.353798346 0.191478586111
228 328.355756679 0.191506363889
229 328.357798346 0.191561919444
230 328.359756679 0.191561919444
231 328.361798346 0.191506363889
232 328.363715013 0.191506363889
233 328.33675668 0.189756363889
234 328.33875668 0.189756363889
235 328.340798346 0.189839697222
236 328.342798346 0.189728586111
237 328.344840013 0.189811919444
238 328.34675668 0.189728586111
239 328.348715013 0.189784141667
240 328.350715013 0.189784141667
241 328.35275668 0.189728586111
242 328.354798346 0.189784141667
243 328.356840013 0.189784141667
244 328.35875668 0.189811919444
245 328.36075668 0.189839697222
246 328.36275668 0.189867475
