1 328.336756679 0.191506363889
2 328.338756679 0.191450808333
3 328.340756679 0.191534141667
4 328.342756679 0.191534141667
5 328.344673346 0.191534141667
6 328.346756679 0.191478586111
7 328.348798346 0.191561919444
8 328.350715013 0.191478586111
9 328.352715013 0.191589697222
10 328.354756679 0.191534141667
11 328.356715013 0.191589697222
12 328.358715013 0.191589697222
13 328.360673346 0.191561919444
14 328.362673346 0.191534141667
15 328.335840013 0.189728586111
16 328.337715013 0.189756363889
17 328.339715013 0.189784141667
18 328.341715013 0.189839697222
19 328.343715013 0.189784141667
20 328.34575668 0.189756363889
21 328.34775668 0.189728586111
22 328.349715013 0.189728586111
23 328.351715013 0.189811919444
24 328.35363168 0.189811919444
25 328.355715013 0.189756363889
26 328.357715013 0.189811919444
27 328.359715013 0.189811919444
28 328.36175668 0.189811919444
29 328.363673346 0.189784141667
30 328.33675668 0.188061919444
31 328.338715013 0.188061919444
32 328.340715013 0.187978586111
33 328.342715013 0.188061919444
34 328.344715013 0.188006363889
35 328.34675668 0.188006363889
36 328.348715013 0.188117475
37 328.35075668 0.188089697222
38 328.352715013 0.188034141667
39 328.35475668 0.188117475
40 328.35675668 0.188061919444
41 328.358673347 0.188034141667
42 328.36075668 0.188061919444
43 328.362715013 0.188117475
44 328.335715014 0.186311919444
45 328.33775668 0.186311919444
46 328.33975668 0.186284141667
47 328.34175668 0.186311919444
48 328.34375668 0.186339697222
49 328.345715014 0.186339697222
50 328.34775668 0.186311919444
51 328.349798347 0.186339697222
52 328.35175668 0.186311919444
53 328.353798347 0.186311919444
54 328.35575668 0.186339697222
55 328.357715014 0.186339697222
56 328.359715014 0.186311919444
57 328.361715014 0.186367475
58 328.36375668 0.186311919444
59 328.336756681 0.184617475
60 328.338756681 0.184617475
61 328.340798347 0.184645252778
62 328.342756681 0.184617475
63 328.344673347 0.184645252778
64 328.346756681 0.184589697222
65 328.348756681 0.184617475
66 328.350756681 0.184645252778
67 328.352715014 0.184673030556
68 328.354715014 0.184645252778
69 328.356798347 0.184673030556
70 328.358756681 0.184645252778
71 328.360756681 0.184645252778
72 328.362798347 0.184645252778
73 328.335756681 0.182895252778
74 328.337715014 0.182867475
75 328.339715014 0.182895252778
76 328.341756681 0.182895252778
77 328.343798347 0.182895252778
78 328.345756681 0.182867475
79 328.347756681 0.182950808333
80 328.349715014 0.182950808333
81 328.351756681 0.182923030556
82 328.353798347 0.182895252778
83 328.355756681 0.182923030556
84 328.357756681 0.182839697222
85 328.359715014 0.182895252778
86 328.361715014 0.182923030556
87 328.363715014 0.182950808333
88 328.336756681 0.181117475
89 328.338756681 0.181117475
90 328.340756681 0.181200808333
91 328.342715014 0.181145252778
92 328.344756681 0.181145252778
93 328.346798348 0.181173030556
94 328.348715014 0.181173030556
95 328.350715014 0.181145252778
96 328.352798348 0.181200808333
97 328.354756681 0.181145252778
98 328.356715014 0.181200808333
99 328.358756681 0.181228586111
100 328.360756681 0.181173030556
101 328.362673348 0.181256363889
102 328.335798348 0.179395252778
103 328.337756681 0.179367475
104 328.339798348 0.179423030556
105 328.341798348 0.179478586111
106 328.343756681 0.179478586111
107 328.345756681 0.179423030556
108 328.347756681 0.179423030556
109 328.349715015 0.179478586111
110 328.351798348 0.179423030556
111 328.353715015 0.179478586111
112 328.355715015 0.179506363889
113 328.357798348 0.179450808333
114 328.359715015 0.179423030556
115 328.361798348 0.179450808333
116 328.363756681 0.179423030556
117 328.336756682 0.177728586111
118 328.338756682 0.177700808333
119 328.340798348 0.177700808333
120 328.342756682 0.177673030556
121 328.344756682 0.177728586111
122 328.346756682 0.177811919444
123 328.348715015 0.177784141667
124 328.350715015 0.177728586111
125 328.352756682 0.177756363889
126 328.354756682 0.177784141667
127 328.356715015 0.177756363889
128 328.358756682 0.177784141667
129 328.360756682 0.177784141667
130 328.362715015 0.177756363889
131 328.335798348 0.176006363889
132 328.337798348 0.176006363889
133 328.339798348 0.176061919444
134 328.341798348 0.175978586111
135 328.343798348 0.175978586111
136 328.345756682 0.176034141667
137 328.347756682 0.175978586111
138 328.349756682 0.176006363889
139 328.351798348 0.176006363889
140 328.353798348 0.176034141667
141 328.355798348 0.176061919444
142 328.357756682 0.176034141667
143 328.359756682 0.176034141667
144 328.361798348 0.176061919444
145 328.363756682 0.176061919444
146 328.336798349 0.174200808333
147 328.338756682 0.174228586111
148 328.340756682 0.174256363889
149 328.342715015 0.174256363889
150 328.344798349 0.174284141667
151 328.346756682 0.174311919444
152 328.348756682 0.174256363889
153 328.350798349 0.174339697222
154 328.352756682 0.174311919444
155 328.354756682 0.174256363889
156 328.356756682 0.174284141667
157 328.358715015 0.174339697222
158 328.360673349 0.174311919444
159 328.362756682 0.174284141667
160 328.335756682 0.172561919444
161 328.337756682 0.172534141667
162 328.339798349 0.172534141667
163 328.341798349 0.172534141667
164 328.343798349 0.172534141667
165 328.345798349 0.172534141667
166 328.347840016 0.172534141667
167 328.349798349 0.172589697222
168 328.351798349 0.172589697222
169 328.353840016 0.172617475
170 328.355715016 0.172561919444
171 328.357756682 0.172589697222
172 328.359756682 0.172617475
173 328.361798349 0.172506363889
174 328.363798349 0.172534141667
175 328.336756683 0.170867475
176 328.338756683 0.170867475
177 328.340798349 0.170867475
178 328.342798349 0.170784141667
179 328.344798349 0.170839697222
180 328.346798349 0.170923030556
181 328.348798349 0.170867475
182 328.350798349 0.170895252778
183 328.352798349 0.170839697222
184 328.354756683 0.170895252778
185 328.356756683 0.170839697222
186 328.358756683 0.170895252778
187 328.360756683 0.170923030556
188 328.362715016 0.170895252778
189 328.335840016 0.169034141667
190 328.337798349 0.169061919444
191 328.339798349 0.169117475
192 328.341798349 0.169117475
193 328.343798349 0.169145252778
194 328.345756683 0.169145252778
195 328.347798349 0.169089697222
196 328.349798349 0.169145252778
197 328.351756683 0.169117475
198 328.353798349 0.169117475
199 328.355798349 0.169200808333
200 328.357798349 0.169117475
201 328.359798349 0.169145252778
202 328.361715016 0.169145252778
203 328.363756683 0.169228586111
204 328.336756683 0.167367475
205 328.338756683 0.167339697222
206 328.340756683 0.167367475
207 328.342756683 0.167395252778
208 328.344756683 0.167395252778
209 328.34679835 0.167395252778
210 328.34867335 0.167339697222
211 328.35079835 0.167339697222
212 328.352715016 0.167367475
213 328.35479835 0.167395252778
214 328.35667335 0.167450808333
215 328.358756683 0.167423030556
216 328.36079835 0.167423030556
217 328.362756683 0.167395252778
218 328.33579835 0.165617475
219 328.33779835 0.165617475
220 328.339840017 0.165645252778
221 328.341756683 0.165645252778
222 328.34379835 0.165673030556
223 328.345756683 0.165645252778
224 328.347756683 0.165617475
225 328.34979835 0.165673030556
226 328.351756683 0.165673030556
227 328.35379835 0.165645252778
228 328.355756683 0.165673030556
229 328.35779835 0.165728586111
230 328.359756683 0.165728586111
231 328.36179835 0.165673030556
232 328.363715017 0.165673030556
233 328.336756683 0.163923030556
234 328.338756683 0.163923030556
235 328.34079835 0.164006363889
236 328.34279835 0.163895252778
237 328.344840017 0.164006363889
238 328.346756683 0.163923030556
239 328.348715017 0.163950808333
240 328.350715017 0.163950808333
241 328.352756683 0.163923030556
242 328.35479835 0.163950808333
243 328.356840017 0.163978586111
244 328.358756683 0.163978586111
245 328.360756683 0.164006363889
246 328.362756683 0.164034141667
