1 328.309798342 0.218450808333
2 328.311798342 0.218395252778
3 328.313798342 0.218478586111
4 328.315798342 0.218478586111
5 328.317715008 0.218478586111
6 328.319798342 0.218423030556
7 328.321840008 0.218506363889
8 328.323756675 0.218395252778
9 328.325756675 0.218506363889
10 328.327798342 0.218478586111
11 328.329756675 0.218534141667
12 328.331756675 0.218534141667
13 328.333715008 0.218506363889
14 328.335715008 0.218478586111
15 328.308840009 0.216645252778
16 328.310756675 0.216700808333
17 328.312756675 0.216728586111
18 328.314756675 0.216784141667
19 328.316756675 0.216700808333
20 328.318798342 0.216700808333
21 328.320798342 0.216673030556
22 328.322756675 0.216673030556
23 328.324756675 0.216756363889
24 328.326673342 0.216756363889
25 328.328756675 0.216700808333
26 328.330756675 0.216756363889
27 328.332756675 0.216756363889
28 328.334798342 0.216728586111
29 328.336715009 0.216728586111
30 328.309798342 0.214978586111
31 328.311756676 0.215006363889
32 328.313756676 0.214923030556
33 328.315756676 0.215006363889
34 328.317756676 0.214950808333
35 328.319798342 0.214950808333
36 328.321756676 0.215061919444
37 328.323798342 0.215034141667
38 328.325756676 0.214950808333
39 328.327798342 0.215061919444
40 328.329798342 0.215006363889
41 328.331715009 0.214978586111
42 328.333798342 0.215006363889
43 328.335756676 0.215061919444
44 328.308756676 0.213228586111
45 328.310798343 0.213256363889
46 328.312798343 0.213228586111
47 328.314798343 0.213256363889
48 328.316798343 0.213284141667
49 328.318756676 0.213284141667
50 328.320798343 0.213228586111
51 328.322840009 0.213284141667
52 328.324798343 0.213256363889
53 328.326840009 0.213256363889
54 328.328798343 0.213284141667
55 328.330756676 0.213284141667
56 328.332756676 0.213256363889
57 328.334756676 0.213311919444
58 328.336798343 0.213256363889
59 328.309798343 0.211561919444
60 328.311798343 0.211561919444
61 328.31384001 0.211589697222
62 328.315798343 0.211534141667
63 328.31771501 0.211589697222
64 328.319798343 0.211534141667
65 328.321756676 0.211561919444
66 328.323798343 0.211589697222
67 328.325756676 0.211617475
68 328.327756676 0.211589697222
69 328.32984001 0.211617475
70 328.331798343 0.211589697222
71 328.333798343 0.211589697222
72 328.33584001 0.211589697222
73 328.308798343 0.209839697222
74 328.310756676 0.209811919444
75 328.312756676 0.209811919444
76 328.314798343 0.209811919444
77 328.31684001 0.209839697222
78 328.318798343 0.209811919444
79 328.320798343 0.209867475
80 328.322756676 0.209867475
81 328.324798343 0.209867475
82 328.32684001 0.209839697222
83 328.328798343 0.209867475
84 328.330798343 0.209784141667
85 328.332756676 0.209839697222
86 328.334756676 0.209867475
87 328.336756676 0.209895252778
88 328.309798343 0.208061919444
89 328.311798343 0.208061919444
90 328.313798343 0.208145252778
91 328.315756677 0.208089697222
92 328.317798343 0.208089697222
93 328.31984001 0.208117475
94 328.321756677 0.208117475
95 328.323756677 0.208061919444
96 328.32584001 0.208145252778
97 328.327798343 0.208089697222
98 328.329756677 0.208145252778
99 328.331798343 0.208173030556
100 328.333798343 0.208117475
101 328.33571501 0.208200808333
102 328.30884001 0.206339697222
103 328.310798344 0.206311919444
104 328.31284001 0.206367475
105 328.31484001 0.206423030556
106 328.316798344 0.206423030556
107 328.318798344 0.206367475
108 328.320798344 0.206367475
109 328.322756677 0.206423030556
110 328.32484001 0.206367475
111 328.326756677 0.206423030556
112 328.328756677 0.206450808333
113 328.33084001 0.206395252778
114 328.332756677 0.206367475
115 328.33484001 0.206367475
116 328.336798344 0.206367475
117 328.309798344 0.204673030556
118 328.311798344 0.204645252778
119 328.313840011 0.204645252778
120 328.315756677 0.204617475
121 328.317798344 0.204673030556
122 328.319798344 0.204756363889
123 328.321756677 0.204728586111
124 328.323756677 0.204673030556
125 328.325798344 0.204700808333
126 328.327798344 0.204728586111
127 328.329756677 0.204700808333
128 328.331798344 0.204728586111
129 328.333798344 0.204700808333
130 328.335756677 0.204700808333
131 328.308840011 0.202950808333
132 328.310840011 0.202950808333
133 328.312840011 0.202978586111
134 328.314840011 0.202923030556
135 328.316840011 0.202923030556
136 328.318798344 0.202978586111
137 328.320798344 0.202923030556
138 328.322798344 0.202950808333
139 328.324840011 0.202950808333
140 328.326840011 0.202978586111
141 328.328840011 0.202978586111
142 328.330798344 0.202978586111
143 328.332798344 0.202978586111
144 328.334840011 0.202978586111
145 328.336798344 0.203006363889
146 328.309840011 0.201117475
147 328.311798345 0.201173030556
148 328.313798345 0.201200808333
149 328.315756678 0.201200808333
150 328.317840011 0.201200808333
151 328.319798345 0.201228586111
152 328.321798345 0.201173030556
153 328.323840011 0.201284141667
154 328.325798345 0.201256363889
155 328.327798345 0.201173030556
156 328.329798345 0.201200808333
157 328.331756678 0.201284141667
158 328.333715011 0.201256363889
159 328.335798345 0.201228586111
160 328.308798345 0.199506363889
161 328.310798345 0.199450808333
162 328.312840012 0.199478586111
163 328.314840012 0.199478586111
164 328.316840012 0.199478586111
165 328.318840012 0.199478586111
166 328.320840012 0.199478586111
167 328.322840012 0.199534141667
168 328.324840012 0.199534141667
169 328.326881678 0.199561919444
170 328.328756678 0.199506363889
171 328.330798345 0.199534141667
172 328.332798345 0.199561919444
173 328.334840012 0.199450808333
174 328.336840012 0.199478586111
175 328.309798345 0.197811919444
176 328.311798345 0.197811919444
177 328.313840012 0.197811919444
178 328.315840012 0.197728586111
179 328.317840012 0.197784141667
180 328.319840012 0.197839697222
181 328.321840012 0.197811919444
182 328.323840012 0.197839697222
183 328.325798345 0.197784141667
184 328.327798345 0.197839697222
185 328.329798345 0.197784141667
186 328.331798345 0.197839697222
187 328.333798345 0.197867475
188 328.335756678 0.197839697222
189 328.308881679 0.195978586111
190 328.310840012 0.196006363889
191 328.312840012 0.196034141667
192 328.314840012 0.196034141667
193 328.316840012 0.196061919444
194 328.318798345 0.196061919444
195 328.320840012 0.196034141667
196 328.322840012 0.196089697222
197 328.324798345 0.196061919444
198 328.326840012 0.196061919444
199 328.328840012 0.196145252778
200 328.330798345 0.196061919444
201 328.332840012 0.196089697222
202 328.334756679 0.196061919444
203 328.336798345 0.196145252778
204 328.309798346 0.194311919444
205 328.311798346 0.194284141667
206 328.313798346 0.194311919444
207 328.315798346 0.194311919444
208 328.317798346 0.194339697222
209 328.319840012 0.194339697222
210 328.321715012 0.194284141667
211 328.323840012 0.194256363889
212 328.325756679 0.194311919444
213 328.327840012 0.194339697222
214 328.329715012 0.194367475
215 328.331798346 0.194367475
216 328.333840012 0.194367475
217 328.335798346 0.194339697222
218 328.308840013 0.192561919444
219 328.310840013 0.192561919444
220 328.312881679 0.192561919444
221 328.314798346 0.192589697222
222 328.316840013 0.192589697222
223 328.318798346 0.192589697222
224 328.320798346 0.192561919444
225 328.322840013 0.192617475
226 328.324798346 0.192617475
227 328.326840013 0.192589697222
228 328.328798346 0.192617475
229 328.330840013 0.192673030556
230 328.332798346 0.192673030556
231 328.334840013 0.192617475
232 328.336756679 0.192617475
233 328.309798346 0.190867475
234 328.311798346 0.190867475
235 328.313840013 0.190950808333
236 328.315840013 0.190839697222
237 328.31788168 0.190923030556
238 328.319798346 0.190839697222
239 328.32175668 0.190895252778
240 328.32375668 0.190895252778
241 328.325798346 0.190839697222
242 328.327840013 0.190895252778
243 328.32988168 0.190923030556
244 328.331798346 0.190923030556
245 328.333798346 0.190950808333
246 328.335798346 0.190978586111
