1 328.335756675 0.217895252778
2 328.337715008 0.217811919444
3 328.339756675 0.217923030556
4 328.341756675 0.217923030556
5 328.343673342 0.217923030556
6 328.345756675 0.217867475
7 328.347798342 0.217950808333
8 328.349715008 0.217839697222
9 328.351715008 0.217950808333
10 328.353756675 0.217923030556
11 328.355715008 0.217978586111
12 328.357715008 0.217978586111
13 328.359673342 0.217950808333
14 328.361673342 0.217923030556
15 328.334798342 0.216089697222
16 328.336715009 0.216117475
17 328.338715009 0.216173030556
18 328.340715009 0.216228586111
19 328.342715009 0.216145252778
20 328.344756675 0.216117475
21 328.346756675 0.216089697222
22 328.348715009 0.216117475
23 328.350715009 0.216200808333
24 328.352631675 0.216200808333
25 328.354715009 0.216145252778
26 328.356715009 0.216200808333
27 328.358715009 0.216200808333
28 328.360756675 0.216173030556
29 328.362673342 0.216173030556
30 328.335756676 0.214423030556
31 328.337715009 0.214450808333
32 328.339715009 0.214367475
33 328.341715009 0.214450808333
34 328.343715009 0.214367475
35 328.345756676 0.214395252778
36 328.347715009 0.214506363889
37 328.349756676 0.214478586111
38 328.351715009 0.214395252778
39 328.353756676 0.214506363889
40 328.355756676 0.214450808333
41 328.357673342 0.214423030556
42 328.359756676 0.214450808333
43 328.361715009 0.214506363889
44 328.334715009 0.212673030556
45 328.336756676 0.212700808333
46 328.338715009 0.212673030556
47 328.340756676 0.212700808333
48 328.342756676 0.212728586111
49 328.344715009 0.212700808333
50 328.346756676 0.212673030556
51 328.348756676 0.212728586111
52 328.350756676 0.212700808333
53 328.352798343 0.212700808333
54 328.354756676 0.212728586111
55 328.356715009 0.212728586111
56 328.358715009 0.212700808333
57 328.360715009 0.212756363889
58 328.362756676 0.212700808333
59 328.335756676 0.211006363889
60 328.337756676 0.211006363889
61 328.339798343 0.211034141667
62 328.341756676 0.210978586111
63 328.343673343 0.211034141667
64 328.345756676 0.210978586111
65 328.34771501 0.210978586111
66 328.349756676 0.211034141667
67 328.35171501 0.211061919444
68 328.35371501 0.211034141667
69 328.355798343 0.211061919444
70 328.357756676 0.211034141667
71 328.359756676 0.211034141667
72 328.361756676 0.211006363889
73 328.334756677 0.209284141667
74 328.33671501 0.209256363889
75 328.33871501 0.209256363889
76 328.340756677 0.209256363889
77 328.342798343 0.209284141667
78 328.344756677 0.209256363889
79 328.346756677 0.209311919444
80 328.34871501 0.209311919444
81 328.350756677 0.209311919444
82 328.352798343 0.209284141667
83 328.354756677 0.209284141667
84 328.356756677 0.209228586111
85 328.35871501 0.209284141667
86 328.36071501 0.209284141667
87 328.36271501 0.209311919444
88 328.335756677 0.207506363889
89 328.33771501 0.207506363889
90 328.339756677 0.207561919444
91 328.34171501 0.207506363889
92 328.343756677 0.207534141667
93 328.345798344 0.207561919444
94 328.34771501 0.207561919444
95 328.34971501 0.207506363889
96 328.351756677 0.207589697222
97 328.353756677 0.207506363889
98 328.35571501 0.207589697222
99 328.357756677 0.207617475
100 328.359756677 0.207561919444
101 328.361673344 0.207617475
102 328.334798344 0.205784141667
103 328.336756677 0.205756363889
104 328.338798344 0.205811919444
105 328.340756677 0.205867475
106 328.342756677 0.205867475
107 328.344756677 0.205811919444
108 328.346756677 0.205811919444
109 328.34871501 0.205867475
110 328.350798344 0.205811919444
111 328.35271501 0.205867475
112 328.35471501 0.205895252778
113 328.356756677 0.205839697222
114 328.358673344 0.205811919444
115 328.360798344 0.205811919444
116 328.362756677 0.205811919444
117 328.335756677 0.204089697222
118 328.337756677 0.204061919444
119 328.339756677 0.204089697222
120 328.341715011 0.204061919444
121 328.343756677 0.204117475
122 328.345756677 0.204200808333
123 328.347715011 0.204145252778
124 328.349715011 0.204117475
125 328.351756677 0.204145252778
126 328.353756677 0.204173030556
127 328.355715011 0.204145252778
128 328.357756677 0.204173030556
129 328.359756677 0.204145252778
130 328.361715011 0.204145252778
131 328.334798344 0.202395252778
132 328.336798344 0.202395252778
133 328.338798344 0.202423030556
134 328.340798344 0.202367475
135 328.342798344 0.202367475
136 328.344756678 0.202423030556
137 328.346756678 0.202367475
138 328.348756678 0.202395252778
139 328.350798344 0.202395252778
140 328.352798344 0.202423030556
141 328.354798344 0.202423030556
142 328.356715011 0.202423030556
143 328.358756678 0.202423030556
144 328.360798344 0.202423030556
145 328.362756678 0.202450808333
146 328.335798345 0.200561919444
147 328.337756678 0.200589697222
148 328.339715011 0.200645252778
149 328.341715011 0.200645252778
150 328.343798345 0.200645252778
151 328.345756678 0.200673030556
152 328.347756678 0.200617475
153 328.349798345 0.200700808333
154 328.351756678 0.200700808333
155 328.353715011 0.200617475
156 328.355756678 0.200645252778
157 328.357715011 0.200728586111
158 328.359673345 0.200700808333
159 328.361756678 0.200673030556
160 328.334756678 0.198950808333
161 328.336756678 0.198895252778
162 328.338798345 0.198923030556
163 328.340798345 0.198923030556
164 328.342798345 0.198895252778
165 328.344798345 0.198923030556
166 328.346798345 0.198923030556
167 328.348798345 0.198978586111
168 328.350798345 0.198978586111
169 328.352840012 0.199006363889
170 328.354715012 0.198950808333
171 328.356756678 0.198978586111
172 328.358756678 0.199006363889
173 328.360798345 0.198867475
174 328.362798345 0.198923030556
175 328.335756679 0.197256363889
176 328.337715012 0.197228586111
177 328.339756679 0.197228586111
178 328.341756679 0.197173030556
179 328.343756679 0.197228586111
180 328.345798345 0.197284141667
181 328.347798345 0.197256363889
182 328.349798345 0.197256363889
183 328.351756679 0.197228586111
184 328.353756679 0.197284141667
185 328.355756679 0.197228586111
186 328.357756679 0.197284141667
187 328.359756679 0.197311919444
188 328.361715012 0.197256363889
189 328.334840012 0.195423030556
190 328.336798346 0.195450808333
191 328.338798346 0.195478586111
192 328.340798346 0.195478586111
193 328.342798346 0.195506363889
194 328.344756679 0.195506363889
195 328.346798346 0.195478586111
196 328.348798346 0.195534141667
197 328.350756679 0.195506363889
198 328.352798346 0.195506363889
199 328.354798346 0.195589697222
200 328.356756679 0.195506363889
201 328.358798346 0.195534141667
202 328.360715012 0.195506363889
203 328.362756679 0.195589697222
204 328.335756679 0.193756363889
205 328.337756679 0.193728586111
206 328.339756679 0.193756363889
207 328.341756679 0.193756363889
208 328.343756679 0.193784141667
209 328.345798346 0.193784141667
210 328.347673346 0.193728586111
211 328.349798346 0.193700808333
212 328.351715012 0.193756363889
213 328.353798346 0.193784141667
214 328.355673346 0.193811919444
215 328.357756679 0.193784141667
216 328.359798346 0.193784141667
217 328.361756679 0.193784141667
218 328.334798346 0.192006363889
219 328.336798346 0.192006363889
220 328.338840013 0.192006363889
221 328.340715013 0.192034141667
222 328.342798346 0.192034141667
223 328.344756679 0.192034141667
224 328.346756679 0.192006363889
225 328.348798346 0.192061919444
226 328.350756679 0.192034141667
227 328.352798346 0.192034141667
228 328.354756679 0.192061919444
229 328.356756679 0.192117475
230 328.358756679 0.192117475
231 328.360756679 0.192061919444
232 328.362715013 0.192061919444
233 328.335715013 0.190311919444
234 328.33775668 0.190311919444
235 328.33975668 0.190395252778
236 328.341798346 0.190284141667
237 328.343840013 0.190367475
238 328.34575668 0.190284141667
239 328.347715013 0.190339697222
240 328.349715013 0.190339697222
241 328.35175668 0.190284141667
242 328.35375668 0.190339697222
243 328.355798346 0.190339697222
244 328.35775668 0.190367475
245 328.35975668 0.190395252778
246 328.36175668 0.190395252778
