1 354.385381658 0.297395252778
2 354.387339992 0.297311919444
3 354.389381658 0.297423030556
4 354.391339992 0.297423030556
5 354.393298325 0.297423030556
6 354.395381658 0.297367475
7 354.397381658 0.297450808333
8 354.399339992 0.297339697222
9 354.401339992 0.297450808333
10 354.403381658 0.297423030556
11 354.405339992 0.297478586111
12 354.407339992 0.297478586111
13 354.409298325 0.297450808333
14 354.411298325 0.297423030556
15 354.384423326 0.295589697222
16 354.386339992 0.295617475
17 354.388339992 0.295673030556
18 354.390298326 0.295728586111
19 354.392339992 0.295645252778
20 354.394381659 0.295617475
21 354.396381659 0.295589697222
22 354.398339992 0.295617475
23 354.400339992 0.295700808333
24 354.402256659 0.295700808333
25 354.404339992 0.295645252778
26 354.406339992 0.295700808333
27 354.408339992 0.295700808333
28 354.410381659 0.295673030556
29 354.412298326 0.295673030556
30 354.385381659 0.293923030556
31 354.387339993 0.293950808333
32 354.389339993 0.293867475
33 354.391339993 0.293950808333
34 354.393339993 0.293867475
35 354.395381659 0.293895252778
36 354.397339993 0.294006363889
37 354.399339993 0.293978586111
38 354.401339993 0.293895252778
39 354.403381659 0.294006363889
40 354.405381659 0.293950808333
41 354.407298326 0.293923030556
42 354.409381659 0.293950808333
43 354.411339993 0.294006363889
44 354.384339993 0.292173030556
45 354.38638166 0.292200808333
46 354.388339993 0.292173030556
47 354.39038166 0.292200808333
48 354.39238166 0.292228586111
49 354.394339993 0.292200808333
50 354.39638166 0.292173030556
51 354.39838166 0.292228586111
52 354.40038166 0.292200808333
53 354.402423326 0.292200808333
54 354.40438166 0.292228586111
55 354.406339993 0.292228586111
56 354.408339993 0.292200808333
57 354.410339993 0.292256363889
58 354.41238166 0.292200808333
59 354.385339993 0.290506363889
60 354.38738166 0.290506363889
61 354.389423327 0.290534141667
62 354.39138166 0.290478586111
63 354.393298327 0.290534141667
64 354.395339993 0.290478586111
65 354.397339993 0.290478586111
66 354.399339993 0.290534141667
67 354.401339993 0.290561919444
68 354.403339993 0.290534141667
69 354.405423327 0.290561919444
70 354.40738166 0.290534141667
71 354.40938166 0.290534141667
72 354.41138166 0.290506363889
73 354.384381661 0.288784141667
74 354.386339994 0.288756363889
75 354.388339994 0.288756363889
76 354.390381661 0.288756363889
77 354.392423327 0.288784141667
78 354.394381661 0.288756363889
79 354.39638166 0.288811919444
80 354.398339994 0.288811919444
81 354.40038166 0.288811919444
82 354.402381661 0.288784141667
83 354.404381661 0.288784141667
84 354.406381661 0.288728586111
85 354.408339994 0.288784141667
86 354.410339994 0.288784141667
87 354.412339994 0.288811919444
88 354.385339994 0.287006363889
89 354.387339994 0.287006363889
90 354.389381661 0.287061919444
91 354.391339994 0.287006363889
92 354.393339994 0.287034141667
93 354.395423328 0.287061919444
94 354.397339994 0.287061919444
95 354.399339994 0.287006363889
96 354.401381661 0.287089697222
97 354.403381661 0.287006363889
98 354.405339994 0.287089697222
99 354.407381661 0.287117475
100 354.409381661 0.287061919444
101 354.411298328 0.287117475
102 354.384423328 0.285284141667
103 354.386381661 0.285256363889
104 354.388423328 0.285311919444
105 354.390381661 0.285367475
106 354.392381661 0.285367475
107 354.394381661 0.285311919444
108 354.396381661 0.285311919444
109 354.398339995 0.285367475
110 354.400423328 0.285311919444
111 354.402339995 0.285367475
112 354.404298328 0.285395252778
113 354.406381661 0.285339697222
114 354.408298328 0.285311919444
115 354.410423328 0.285311919444
116 354.412381661 0.285311919444
117 354.385381662 0.283589697222
118 354.387381662 0.283561919444
119 354.389381662 0.283589697222
120 354.391339995 0.283561919444
121 354.393381662 0.283617475
122 354.395381662 0.283700808333
123 354.397298328 0.283645252778
124 354.399339995 0.283617475
125 354.401381662 0.283645252778
126 354.403381662 0.283673030556
127 354.405339995 0.283645252778
128 354.407381662 0.283673030556
129 354.409381662 0.283645252778
130 354.411339995 0.283645252778
131 354.384423329 0.281895252778
132 354.386381662 0.281895252778
133 354.388423329 0.281923030556
134 354.390423329 0.281867475
135 354.392423329 0.281867475
136 354.394381662 0.281923030556
137 354.396381662 0.281867475
138 354.398381662 0.281895252778
139 354.400423329 0.281895252778
140 354.402381662 0.281923030556
141 354.404423329 0.281923030556
142 354.406339995 0.281923030556
143 354.408381662 0.281923030556
144 354.410423329 0.281923030556
145 354.412339995 0.281950808333
146 354.385423329 0.280061919444
147 354.387381663 0.280089697222
148 354.389339996 0.280145252778
149 354.391339996 0.280145252778
150 354.393423329 0.280145252778
151 354.395381662 0.280173030556
152 354.397381663 0.280117475
153 354.399423329 0.280200808333
154 354.401381662 0.280200808333
155 354.403339996 0.280117475
156 354.405339996 0.280145252778
157 354.407339996 0.280228586111
158 354.409298329 0.280200808333
159 354.411339996 0.280173030556
160 354.384381663 0.278450808333
161 354.386381663 0.278395252778
162 354.38842333 0.278423030556
163 354.390381663 0.278423030556
164 354.39242333 0.278395252778
165 354.39442333 0.278423030556
166 354.39642333 0.278423030556
167 354.39842333 0.278478586111
168 354.400381663 0.278478586111
169 354.402464996 0.278506363889
170 354.404339996 0.278450808333
171 354.406381663 0.278478586111
172 354.408381663 0.278506363889
173 354.410381663 0.278367475
174 354.41242333 0.278423030556
175 354.385381663 0.276756363889
176 354.387339997 0.276728586111
177 354.389381663 0.276728586111
178 354.391381663 0.276673030556
179 354.393381663 0.276728586111
180 354.39542333 0.276784141667
181 354.39742333 0.276756363889
182 354.39942333 0.276756363889
183 354.401381663 0.276728586111
184 354.403339997 0.276784141667
185 354.405381663 0.276728586111
186 354.407381663 0.276784141667
187 354.409381663 0.276811919444
188 354.411339997 0.276756363889
189 354.384464997 0.274923030556
190 354.38642333 0.274950808333
191 354.38842333 0.274978586111
192 354.39042333 0.274978586111
193 354.39242333 0.275006363889
194 354.394381664 0.275006363889
195 354.396381664 0.274978586111
196 354.398381664 0.275034141667
197 354.400381664 0.275006363889
198 354.40242333 0.275006363889
199 354.40442333 0.275089697222
200 354.406381664 0.275006363889
201 354.40842333 0.275034141667
202 354.410339997 0.275006363889
203 354.412381664 0.275089697222
204 354.385381664 0.273256363889
205 354.387381664 0.273228586111
206 354.389381664 0.273256363889
207 354.391381664 0.273256363889
208 354.393381664 0.273284141667
209 354.395423331 0.273284141667
210 354.397298331 0.273228586111
211 354.399423331 0.273200808333
212 354.401339997 0.273256363889
213 354.403423331 0.273284141667
214 354.405298331 0.273311919444
215 354.407381664 0.273284141667
216 354.409423331 0.273284141667
217 354.411381664 0.273284141667
218 354.384423331 0.271506363889
219 354.386423331 0.271506363889
220 354.388464998 0.271506363889
221 354.390339998 0.271534141667
222 354.392423331 0.271534141667
223 354.394381664 0.271534141667
224 354.396381664 0.271506363889
225 354.398423331 0.271561919444
226 354.400339998 0.271534141667
227 354.402423331 0.271534141667
228 354.404381664 0.271561919444
229 354.406381664 0.271617475
230 354.408381664 0.271617475
231 354.410381664 0.271561919444
232 354.412339998 0.271561919444
233 354.385339998 0.269811919444
234 354.387339998 0.269811919444
235 354.389381665 0.269895252778
236 354.391423331 0.269784141667
237 354.393464998 0.269867475
238 354.395381665 0.269784141667
239 354.397339998 0.269839697222
240 354.399339998 0.269839697222
241 354.401381665 0.269784141667
242 354.403381665 0.269839697222
243 354.405423331 0.269839697222
244 354.407381665 0.269867475
245 354.409339998 0.269895252778
246 354.411381665 0.269895252778
