1 354.413339998 0.271006363889
2 354.415298331 0.270950808333
3 354.417339998 0.271034141667
4 354.419339998 0.271034141667
5 354.421256665 0.271034141667
6 354.423339998 0.270978586111
7 354.425381665 0.271061919444
8 354.427298331 0.270978586111
9 354.429298331 0.271089697222
10 354.431339998 0.271034141667
11 354.433298331 0.271089697222
12 354.435298331 0.271089697222
13 354.437256665 0.271061919444
14 354.439256665 0.271034141667
15 354.412381665 0.269228586111
16 354.414298332 0.269256363889
17 354.416298332 0.269284141667
18 354.418298332 0.269339697222
19 354.420298332 0.269284141667
20 354.422339998 0.269256363889
21 354.424339998 0.269228586111
22 354.426298332 0.269228586111
23 354.428298332 0.269311919444
24 354.430214998 0.269311919444
25 354.432298332 0.269256363889
26 354.434298332 0.269311919444
27 354.436298332 0.269311919444
28 354.438339998 0.269311919444
29 354.440256665 0.269284141667
30 354.413339999 0.267561919444
31 354.415298332 0.267561919444
32 354.417298332 0.267478586111
33 354.419298332 0.267561919444
34 354.421298332 0.267506363889
35 354.423339999 0.267506363889
36 354.425298332 0.267617475
37 354.427339999 0.267589697222
38 354.429298332 0.267534141667
39 354.431339999 0.267617475
40 354.433339999 0.267561919444
41 354.435256665 0.267534141667
42 354.437339999 0.267561919444
43 354.439298332 0.267617475
44 354.412298332 0.265811919444
45 354.414339999 0.265811919444
46 354.416298332 0.265784141667
47 354.418339999 0.265811919444
48 354.420339999 0.265839697222
49 354.422298332 0.265839697222
50 354.424339999 0.265811919444
51 354.426339999 0.265839697222
52 354.428339999 0.265811919444
53 354.430381666 0.265811919444
54 354.432339999 0.265839697222
55 354.434298332 0.265839697222
56 354.436298332 0.265811919444
57 354.438298332 0.265867475
58 354.440339999 0.265811919444
59 354.413339999 0.264117475
60 354.415339999 0.264117475
61 354.417381666 0.264145252778
62 354.419339999 0.264117475
63 354.421256666 0.264145252778
64 354.423339999 0.264089697222
65 354.425298333 0.264117475
66 354.427339999 0.264145252778
67 354.429298333 0.264173030556
68 354.431298333 0.264145252778
69 354.433381666 0.264173030556
70 354.435339999 0.264145252778
71 354.437339999 0.264145252778
72 354.439381666 0.264145252778
73 354.41234 0.262395252778
74 354.414298333 0.262367475
75 354.416298333 0.262395252778
76 354.41834 0.262395252778
77 354.420381666 0.262395252778
78 354.42234 0.262367475
79 354.42434 0.262450808333
80 354.426298333 0.262450808333
81 354.42834 0.262423030556
82 354.430381666 0.262395252778
83 354.43234 0.262423030556
84 354.43434 0.262339697222
85 354.436298333 0.262395252778
86 354.438298333 0.262423030556
87 354.440298333 0.262450808333
88 354.41334 0.260617475
89 354.41534 0.260617475
90 354.41734 0.260700808333
91 354.419298333 0.260645252778
92 354.42134 0.260645252778
93 354.423381667 0.260673030556
94 354.425298333 0.260673030556
95 354.427298333 0.260645252778
96 354.429381667 0.260700808333
97 354.43134 0.260645252778
98 354.433298333 0.260700808333
99 354.43534 0.260728586111
100 354.43734 0.260673030556
101 354.439256667 0.260756363889
102 354.412381667 0.258895252778
103 354.41434 0.258867475
104 354.416381667 0.258923030556
105 354.418381667 0.258978586111
106 354.42034 0.258978586111
107 354.42234 0.258923030556
108 354.42434 0.258923030556
109 354.426298334 0.258978586111
110 354.428381667 0.258923030556
111 354.430298334 0.258978586111
112 354.432298334 0.259006363889
113 354.43434 0.258950808333
114 354.436298334 0.258923030556
115 354.438381667 0.258950808333
116 354.44034 0.258923030556
117 354.413340001 0.257228586111
118 354.415340001 0.257200808333
119 354.417381668 0.257200808333
120 354.419298334 0.257173030556
121 354.421340001 0.257228586111
122 354.423340001 0.257311919444
123 354.425298334 0.257284141667
124 354.427298334 0.257228586111
125 354.429340001 0.257256363889
126 354.431340001 0.257284141667
127 354.433298334 0.257256363889
128 354.435340001 0.257284141667
129 354.437340001 0.257284141667
130 354.439298334 0.257256363889
131 354.412381668 0.255506363889
132 354.414381668 0.255506363889
133 354.416381668 0.255561919444
134 354.418381668 0.255478586111
135 354.420381668 0.255478586111
136 354.422340001 0.255534141667
137 354.424340001 0.255478586111
138 354.426340001 0.255506363889
139 354.428381668 0.255506363889
140 354.430381668 0.255534141667
141 354.432381668 0.255561919444
142 354.434340001 0.255534141667
143 354.436340001 0.255534141667
144 354.438381668 0.255561919444
145 354.440340001 0.255561919444
146 354.413381668 0.253700808333
147 354.415340002 0.253728586111
148 354.417340002 0.253756363889
149 354.419298335 0.253756363889
150 354.421381668 0.253784141667
151 354.423340002 0.253811919444
152 354.425340002 0.253756363889
153 354.427381668 0.253839697222
154 354.429340002 0.253811919444
155 354.431298335 0.253756363889
156 354.433340002 0.253784141667
157 354.435298335 0.253839697222
158 354.437256668 0.253811919444
159 354.439340002 0.253784141667
160 354.412340002 0.252061919444
161 354.414340002 0.252034141667
162 354.416381669 0.252034141667
163 354.418381669 0.252034141667
164 354.420381669 0.252034141667
165 354.422381669 0.252034141667
166 354.424381669 0.252034141667
167 354.426381669 0.252089697222
168 354.428381669 0.252089697222
169 354.430423335 0.252117475
170 354.432298335 0.252061919444
171 354.434340002 0.252089697222
172 354.436340002 0.252117475
173 354.438381669 0.252006363889
174 354.440381669 0.252034141667
175 354.413340002 0.250367475
176 354.415340002 0.250367475
177 354.417381669 0.250367475
178 354.419340002 0.250284141667
179 354.421381669 0.250339697222
180 354.423381669 0.250423030556
181 354.425381669 0.250367475
182 354.427381669 0.250395252778
183 354.429340002 0.250339697222
184 354.431340002 0.250395252778
185 354.433340002 0.250339697222
186 354.435340002 0.250395252778
187 354.437340002 0.250423030556
188 354.439298336 0.250395252778
189 354.412423336 0.248534141667
190 354.414381669 0.248561919444
191 354.416381669 0.248617475
192 354.418381669 0.248617475
193 354.420381669 0.248645252778
194 354.422340003 0.248645252778
195 354.424381669 0.248589697222
196 354.426381669 0.248645252778
197 354.428340003 0.248617475
198 354.430381669 0.248617475
199 354.432381669 0.248700808333
200 354.434340003 0.248617475
201 354.436381669 0.248645252778
202 354.438298336 0.248645252778
203 354.440340003 0.248728586111
204 354.413340003 0.246867475
205 354.415340003 0.246839697222
206 354.417340003 0.246867475
207 354.419340003 0.246895252778
208 354.421340003 0.246895252778
209 354.42338167 0.246895252778
210 354.42525667 0.246839697222
211 354.42738167 0.246839697222
212 354.429298336 0.246867475
213 354.43138167 0.246895252778
214 354.43325667 0.246950808333
215 354.435340003 0.246923030556
216 354.43738167 0.246923030556
217 354.439340003 0.246895252778
218 354.41238167 0.245117475
219 354.41438167 0.245117475
220 354.416423337 0.245145252778
221 354.418298337 0.245145252778
222 354.42038167 0.245173030556
223 354.422340003 0.245145252778
224 354.424340003 0.245117475
225 354.42638167 0.245173030556
226 354.428340003 0.245173030556
227 354.43038167 0.245145252778
228 354.432340003 0.245173030556
229 354.43438167 0.245228586111
230 354.436340003 0.245228586111
231 354.43838167 0.245173030556
232 354.440298337 0.245173030556
233 354.413298337 0.243423030556
234 354.415340004 0.243423030556
235 354.41738167 0.243506363889
236 354.41938167 0.243395252778
237 354.421423337 0.243506363889
238 354.423340004 0.243423030556
239 354.425298337 0.243450808333
240 354.427298337 0.243450808333
241 354.429340004 0.243423030556
242 354.43138167 0.243450808333
243 354.43338167 0.243478586111
244 354.435340004 0.243478586111
245 354.437340004 0.243506363889
246 354.439340004 0.243534141667
