1 354.386381659 0.296839697222
2 354.388339992 0.296756363889
3 354.390381659 0.296867475
4 354.392381659 0.296867475
5 354.394298325 0.296867475
6 354.396381659 0.296811919444
7 354.398423325 0.296895252778
8 354.400339992 0.296784141667
9 354.402339992 0.296895252778
10 354.404381659 0.296867475
11 354.406339992 0.296923030556
12 354.408339992 0.296923030556
13 354.410298325 0.296895252778
14 354.412298325 0.296867475
15 354.385423326 0.295034141667
16 354.387339992 0.295089697222
17 354.389339992 0.295117475
18 354.391339992 0.295173030556
19 354.393339992 0.295089697222
20 354.395381659 0.295089697222
21 354.397381659 0.295034141667
22 354.399339992 0.295061919444
23 354.401339992 0.295145252778
24 354.403256659 0.295145252778
25 354.405339992 0.295089697222
26 354.407339992 0.295145252778
27 354.409339992 0.295145252778
28 354.411381659 0.295117475
29 354.413298326 0.295117475
30 354.386381659 0.293367475
31 354.388339993 0.293395252778
32 354.390339993 0.293311919444
33 354.392339993 0.293395252778
34 354.394339993 0.293311919444
35 354.396381659 0.293339697222
36 354.398339993 0.293450808333
37 354.400381659 0.293423030556
38 354.402339993 0.293339697222
39 354.404381659 0.293450808333
40 354.406381659 0.293395252778
41 354.408298326 0.293367475
42 354.410381659 0.293395252778
43 354.412339993 0.293450808333
44 354.385339993 0.291617475
45 354.38738166 0.291645252778
46 354.38938166 0.291617475
47 354.39138166 0.291645252778
48 354.39338166 0.291673030556
49 354.395339993 0.291645252778
50 354.39738166 0.291617475
51 354.39938166 0.291673030556
52 354.40138166 0.291645252778
53 354.403423326 0.291645252778
54 354.40538166 0.291673030556
55 354.407339993 0.291673030556
56 354.409339993 0.291645252778
57 354.411339993 0.291700808333
58 354.41338166 0.291645252778
59 354.38638166 0.289950808333
60 354.38838166 0.289950808333
61 354.390423327 0.289978586111
62 354.39238166 0.289923030556
63 354.394298327 0.289978586111
64 354.39638166 0.289923030556
65 354.398339994 0.289923030556
66 354.40038166 0.289978586111
67 354.402339994 0.290006363889
68 354.404339994 0.289978586111
69 354.406423327 0.290006363889
70 354.40838166 0.289978586111
71 354.41038166 0.289978586111
72 354.412423327 0.289978586111
73 354.385381661 0.288228586111
74 354.387339994 0.288200808333
75 354.389339994 0.288200808333
76 354.391381661 0.288200808333
77 354.393423327 0.288228586111
78 354.395381661 0.288200808333
79 354.397381661 0.288256363889
80 354.399339994 0.288256363889
81 354.401381661 0.288256363889
82 354.403423327 0.288228586111
83 354.405381661 0.288228586111
84 354.407381661 0.288173030556
85 354.409339994 0.288228586111
86 354.411339994 0.288228586111
87 354.413339994 0.288284141667
88 354.386381661 0.286450808333
89 354.388381661 0.286450808333
90 354.390381661 0.286534141667
91 354.392339994 0.286450808333
92 354.394381661 0.286478586111
93 354.396423328 0.286506363889
94 354.398339994 0.286506363889
95 354.400339994 0.286450808333
96 354.402423328 0.286534141667
97 354.404381661 0.286450808333
98 354.406339994 0.286534141667
99 354.408381661 0.286561919444
100 354.410381661 0.286506363889
101 354.412298328 0.286561919444
102 354.385423328 0.284728586111
103 354.387381661 0.284700808333
104 354.389423328 0.284756363889
105 354.391423328 0.284811919444
106 354.393381661 0.284811919444
107 354.395381661 0.284756363889
108 354.397381661 0.284756363889
109 354.399339995 0.284811919444
110 354.401423328 0.284756363889
111 354.403339995 0.284811919444
112 354.405339995 0.284839697222
113 354.407381661 0.284784141667
114 354.409339995 0.284756363889
115 354.411423328 0.284756363889
116 354.413381661 0.284756363889
117 354.386381662 0.283034141667
118 354.388381662 0.283006363889
119 354.390423329 0.283034141667
120 354.392339995 0.283006363889
121 354.394381662 0.283061919444
122 354.396381662 0.283145252778
123 354.398339995 0.283089697222
124 354.400339995 0.283061919444
125 354.402381662 0.283089697222
126 354.404381662 0.283117475
127 354.406339995 0.283089697222
128 354.408381662 0.283117475
129 354.410381662 0.283089697222
130 354.412339995 0.283089697222
131 354.385423329 0.281339697222
132 354.387423329 0.281339697222
133 354.389423329 0.281367475
134 354.391423329 0.281311919444
135 354.393423329 0.281311919444
136 354.395381662 0.281367475
137 354.397381662 0.281311919444
138 354.399381662 0.281339697222
139 354.401423329 0.281339697222
140 354.403423329 0.281367475
141 354.405423329 0.281367475
142 354.407381662 0.281367475
143 354.409381662 0.281367475
144 354.411423329 0.281367475
145 354.413381662 0.281395252778
146 354.386423329 0.279506363889
147 354.388381663 0.279534141667
148 354.390381663 0.279589697222
149 354.392339996 0.279589697222
150 354.394423329 0.279589697222
151 354.396381663 0.279617475
152 354.398381663 0.279561919444
153 354.400423329 0.279673030556
154 354.402381663 0.279645252778
155 354.404339996 0.279561919444
156 354.406381663 0.279589697222
157 354.408339996 0.279673030556
158 354.410298329 0.279645252778
159 354.412381663 0.279617475
160 354.385381663 0.277895252778
161 354.387381663 0.277839697222
162 354.38942333 0.277867475
163 354.39142333 0.277867475
164 354.39342333 0.277839697222
165 354.39542333 0.277867475
166 354.39742333 0.277867475
167 354.39942333 0.277923030556
168 354.40142333 0.277923030556
169 354.403464996 0.277950808333
170 354.405339996 0.277895252778
171 354.407381663 0.277923030556
172 354.409381663 0.277950808333
173 354.41142333 0.277811919444
174 354.41342333 0.277867475
175 354.386381663 0.276200808333
176 354.388381663 0.276173030556
177 354.39042333 0.276173030556
178 354.39242333 0.276117475
179 354.39442333 0.276173030556
180 354.39642333 0.276228586111
181 354.39842333 0.276200808333
182 354.40042333 0.276228586111
183 354.402381663 0.276173030556
184 354.404381663 0.276228586111
185 354.406381663 0.276173030556
186 354.408381663 0.276228586111
187 354.410381663 0.276256363889
188 354.412339997 0.276228586111
189 354.385464997 0.274367475
190 354.38742333 0.274395252778
191 354.38942333 0.274423030556
192 354.39142333 0.274423030556
193 354.39342333 0.274450808333
194 354.395381664 0.274450808333
195 354.39742333 0.274423030556
196 354.39942333 0.274478586111
197 354.401381664 0.274450808333
198 354.40342333 0.274450808333
199 354.40542333 0.274534141667
200 354.407381664 0.274450808333
201 354.40942333 0.274478586111
202 354.411339997 0.274450808333
203 354.413381664 0.274534141667
204 354.386381664 0.272700808333
205 354.388381664 0.272673030556
206 354.390381664 0.272700808333
207 354.392381664 0.272700808333
208 354.394381664 0.272728586111
209 354.396423331 0.272728586111
210 354.398298331 0.272673030556
211 354.400423331 0.272645252778
212 354.402339998 0.272700808333
213 354.404423331 0.272728586111
214 354.406298331 0.272756363889
215 354.408381664 0.272728586111
216 354.410423331 0.272728586111
217 354.412381664 0.272728586111
218 354.385423331 0.270950808333
219 354.387423331 0.270950808333
220 354.389464998 0.270950808333
221 354.391381665 0.270978586111
222 354.393423331 0.270978586111
223 354.395381665 0.270978586111
224 354.397381665 0.270950808333
225 354.399423331 0.271006363889
226 354.401381665 0.271006363889
227 354.403423331 0.270978586111
228 354.405381665 0.271006363889
229 354.407423331 0.271061919444
230 354.409381665 0.271061919444
231 354.411423331 0.271006363889
232 354.413339998 0.271006363889
233 354.386339998 0.269256363889
234 354.388381665 0.269256363889
235 354.390423332 0.269339697222
236 354.392423332 0.269228586111
237 354.394464998 0.269311919444
238 354.396381665 0.269228586111
239 354.398339998 0.269284141667
240 354.400339998 0.269284141667
241 354.402381665 0.269228586111
242 354.404423332 0.269284141667
243 354.406464998 0.269284141667
244 354.408381665 0.269311919444
245 354.410381665 0.269339697222
246 354.412381665 0.269367475
