1 354.386381658 0.297950808333
2 354.388339992 0.297895252778
3 354.390381658 0.297978586111
4 354.392381658 0.297978586111
5 354.394298325 0.297978586111
6 354.396381658 0.297923030556
7 354.398423325 0.298006363889
8 354.400339992 0.297895252778
9 354.402339992 0.298006363889
10 354.404381658 0.297978586111
11 354.406339992 0.298034141667
12 354.408339992 0.298034141667
13 354.410298325 0.298006363889
14 354.412298325 0.297978586111
15 354.385423325 0.296145252778
16 354.387339992 0.296200808333
17 354.389339992 0.296228586111
18 354.391339992 0.296284141667
19 354.393339992 0.296200808333
20 354.395381659 0.296200808333
21 354.397381659 0.296173030556
22 354.399339992 0.296173030556
23 354.401339992 0.296256363889
24 354.403256659 0.296256363889
25 354.405339992 0.296200808333
26 354.407339992 0.296256363889
27 354.409339992 0.296256363889
28 354.411381659 0.296228586111
29 354.413298325 0.296228586111
30 354.386381659 0.294478586111
31 354.388339992 0.294506363889
32 354.390339993 0.294423030556
33 354.392339992 0.294506363889
34 354.394339992 0.294450808333
35 354.396381659 0.294450808333
36 354.398339992 0.294561919444
37 354.400381659 0.294534141667
38 354.402339992 0.294450808333
39 354.404381659 0.294561919444
40 354.406381659 0.294506363889
41 354.408298326 0.294478586111
42 354.410381659 0.294506363889
43 354.412339992 0.294561919444
44 354.385339993 0.292728586111
45 354.38738166 0.292756363889
46 354.389339993 0.292728586111
47 354.39138166 0.292756363889
48 354.39338166 0.292784141667
49 354.395339993 0.292784141667
50 354.39738166 0.292728586111
51 354.39938166 0.292784141667
52 354.40138166 0.292756363889
53 354.403423326 0.292756363889
54 354.40538166 0.292784141667
55 354.407339993 0.292784141667
56 354.409339993 0.292756363889
57 354.411339993 0.292811919444
58 354.41338166 0.292756363889
59 354.38638166 0.291061919444
60 354.38838166 0.291061919444
61 354.390423327 0.291089697222
62 354.39238166 0.291034141667
63 354.394298327 0.291089697222
64 354.39638166 0.291034141667
65 354.398339993 0.291061919444
66 354.40038166 0.291089697222
67 354.402339993 0.291117475
68 354.404339993 0.291089697222
69 354.406423327 0.291117475
70 354.40838166 0.291089697222
71 354.41038166 0.291089697222
72 354.41238166 0.291089697222
73 354.38538166 0.289339697222
74 354.387339994 0.289311919444
75 354.389339994 0.289311919444
76 354.39138166 0.289311919444
77 354.393423327 0.289339697222
78 354.39538166 0.289311919444
79 354.39738166 0.289367475
80 354.399339994 0.289367475
81 354.40138166 0.289367475
82 354.403423327 0.289339697222
83 354.40538166 0.289367475
84 354.40738166 0.289284141667
85 354.409339994 0.289339697222
86 354.411339994 0.289367475
87 354.413339994 0.289395252778
88 354.386381661 0.287561919444
89 354.388339994 0.287561919444
90 354.390381661 0.287645252778
91 354.392339994 0.287589697222
92 354.394381661 0.287589697222
93 354.396423327 0.287617475
94 354.398339994 0.287617475
95 354.400339994 0.287561919444
96 354.402423327 0.287645252778
97 354.404381661 0.287589697222
98 354.406339994 0.287645252778
99 354.408381661 0.287673030556
100 354.410381661 0.287617475
101 354.412298327 0.287700808333
102 354.385423328 0.285839697222
103 354.387381661 0.285811919444
104 354.389423328 0.285867475
105 354.391423328 0.285923030556
106 354.393381661 0.285923030556
107 354.395381661 0.285867475
108 354.397381661 0.285867475
109 354.399339995 0.285923030556
110 354.401423328 0.285867475
111 354.403339995 0.285923030556
112 354.405339994 0.285950808333
113 354.407381661 0.285895252778
114 354.409339995 0.285867475
115 354.411423328 0.285867475
116 354.413381661 0.285867475
117 354.386381662 0.284173030556
118 354.388381662 0.284145252778
119 354.390423328 0.284145252778
120 354.392339995 0.284117475
121 354.394381662 0.284173030556
122 354.396381662 0.284256363889
123 354.398339995 0.284228586111
124 354.400339995 0.284173030556
125 354.402381662 0.284200808333
126 354.404381662 0.284228586111
127 354.406339995 0.284200808333
128 354.408381662 0.284228586111
129 354.410381662 0.284200808333
130 354.412339995 0.284200808333
131 354.385423329 0.282450808333
132 354.387423329 0.282450808333
133 354.389423329 0.282478586111
134 354.391423329 0.282423030556
135 354.393423329 0.282423030556
136 354.395381662 0.282478586111
137 354.397381662 0.282423030556
138 354.399381662 0.282450808333
139 354.401423329 0.282450808333
140 354.403423329 0.282478586111
141 354.405423329 0.282478586111
142 354.407339995 0.282478586111
143 354.409381662 0.282478586111
144 354.411423329 0.282478586111
145 354.413381662 0.282506363889
146 354.386423329 0.280617475
147 354.388381662 0.280673030556
148 354.390381662 0.280700808333
149 354.392339996 0.280700808333
150 354.394423329 0.280700808333
151 354.396381662 0.280728586111
152 354.398381662 0.280673030556
153 354.400423329 0.280784141667
154 354.402381662 0.280756363889
155 354.404339996 0.280673030556
156 354.406381662 0.280700808333
157 354.408339996 0.280784141667
158 354.410298329 0.280756363889
159 354.412381662 0.280728586111
160 354.385381663 0.279006363889
161 354.387381663 0.278950808333
162 354.389423329 0.278978586111
163 354.391423329 0.278978586111
164 354.393423329 0.278978586111
165 354.395423329 0.278978586111
166 354.397423329 0.278978586111
167 354.399423329 0.279034141667
168 354.401423329 0.279034141667
169 354.403464996 0.279061919444
170 354.405339996 0.279006363889
171 354.407381663 0.279034141667
172 354.409381663 0.279061919444
173 354.411423329 0.278950808333
174 354.413423329 0.278978586111
175 354.386381663 0.277311919444
176 354.388381663 0.277311919444
177 354.39042333 0.277311919444
178 354.392381663 0.277228586111
179 354.394381663 0.277284141667
180 354.39642333 0.277339697222
181 354.39842333 0.277311919444
182 354.40042333 0.277339697222
183 354.402381663 0.277284141667
184 354.404381663 0.277339697222
185 354.406381663 0.277284141667
186 354.408381663 0.277339697222
187 354.410381663 0.277367475
188 354.412339996 0.277339697222
189 354.385464997 0.275478586111
190 354.38742333 0.275506363889
191 354.38942333 0.275534141667
192 354.39142333 0.275534141667
193 354.39342333 0.275561919444
194 354.395381664 0.275561919444
195 354.39742333 0.275534141667
196 354.39942333 0.275589697222
197 354.401381664 0.275561919444
198 354.40342333 0.275561919444
199 354.40542333 0.275645252778
200 354.407381664 0.275561919444
201 354.40942333 0.275589697222
202 354.411339997 0.275561919444
203 354.413381664 0.275645252778
204 354.386381664 0.273811919444
205 354.388381664 0.273784141667
206 354.390381664 0.273811919444
207 354.392381664 0.273811919444
208 354.394381664 0.273839697222
209 354.396423331 0.273839697222
210 354.398298331 0.273784141667
211 354.400423331 0.273756363889
212 354.402339997 0.273811919444
213 354.404423331 0.273839697222
214 354.406298331 0.273867475
215 354.408381664 0.273867475
216 354.410423331 0.273867475
217 354.412381664 0.273839697222
218 354.385423331 0.272061919444
219 354.387423331 0.272061919444
220 354.389464998 0.272061919444
221 354.391339998 0.272089697222
222 354.393423331 0.272089697222
223 354.395381664 0.272089697222
224 354.397381664 0.272061919444
225 354.399423331 0.272117475
226 354.401381664 0.272117475
227 354.403423331 0.272089697222
228 354.405381664 0.272117475
229 354.407381664 0.272173030556
230 354.409381664 0.272173030556
231 354.411423331 0.272117475
232 354.413339998 0.272117475
233 354.386339998 0.270367475
234 354.388381665 0.270367475
235 354.390381665 0.270450808333
236 354.392423331 0.270339697222
237 354.394464998 0.270423030556
238 354.396381665 0.270339697222
239 354.398339998 0.270395252778
240 354.400339998 0.270395252778
241 354.402381665 0.270339697222
242 354.404423331 0.270395252778
243 354.406423331 0.270423030556
244 354.408381665 0.270423030556
245 354.410381665 0.270450808333
246 354.412381665 0.270478586111
