1 354.413339998 0.269895252778
2 354.415339998 0.269839697222
3 354.417339998 0.269923030556
4 354.419339998 0.269923030556
5 354.421256665 0.269923030556
6 354.423339998 0.269867475
7 354.425381665 0.269950808333
8 354.427298331 0.269839697222
9 354.429298331 0.269978586111
10 354.431339998 0.269923030556
11 354.433298331 0.269978586111
12 354.435298331 0.269978586111
13 354.437256665 0.269950808333
14 354.439256665 0.269923030556
15 354.412381665 0.268117475
16 354.414298332 0.268145252778
17 354.416298332 0.268173030556
18 354.418298332 0.268228586111
19 354.420298332 0.268173030556
20 354.422339999 0.268145252778
21 354.424339999 0.268117475
22 354.426298332 0.268117475
23 354.428298332 0.268200808333
24 354.430214998 0.268200808333
25 354.432298332 0.268145252778
26 354.434298332 0.268200808333
27 354.436298332 0.268200808333
28 354.438339998 0.268173030556
29 354.440256665 0.268173030556
30 354.413339999 0.266423030556
31 354.415298332 0.266450808333
32 354.417298332 0.266367475
33 354.419298332 0.266450808333
34 354.421298332 0.266395252778
35 354.423339999 0.266395252778
36 354.425298332 0.266506363889
37 354.427339999 0.266478586111
38 354.429298332 0.266423030556
39 354.431339999 0.266506363889
40 354.433339999 0.266450808333
41 354.435256666 0.266423030556
42 354.437339999 0.266450808333
43 354.439298332 0.266506363889
44 354.412298333 0.264700808333
45 354.414339999 0.264700808333
46 354.416339999 0.264673030556
47 354.418339999 0.264700808333
48 354.420339999 0.264728586111
49 354.422298333 0.264728586111
50 354.424339999 0.264673030556
51 354.426381666 0.264728586111
52 354.428339999 0.264700808333
53 354.430381666 0.264700808333
54 354.432339999 0.264728586111
55 354.434298333 0.264728586111
56 354.436298333 0.264700808333
57 354.438298333 0.264756363889
58 354.440339999 0.264700808333
59 354.41334 0.263006363889
60 354.41534 0.263006363889
61 354.417381666 0.263034141667
62 354.41934 0.262978586111
63 354.421256666 0.263034141667
64 354.42334 0.262978586111
65 354.42534 0.263006363889
66 354.42734 0.263034141667
67 354.429298333 0.263061919444
68 354.431298333 0.263034141667
69 354.433381666 0.263061919444
70 354.43534 0.263034141667
71 354.43734 0.263034141667
72 354.439381666 0.263034141667
73 354.41234 0.261284141667
74 354.414298333 0.261256363889
75 354.416298333 0.261256363889
76 354.41834 0.261256363889
77 354.420381667 0.261284141667
78 354.42234 0.261256363889
79 354.42434 0.261339697222
80 354.426298333 0.261339697222
81 354.42834 0.261311919444
82 354.430381667 0.261284141667
83 354.43234 0.261311919444
84 354.43434 0.261228586111
85 354.436298333 0.261284141667
86 354.438298333 0.261311919444
87 354.440298333 0.261339697222
88 354.41334 0.259506363889
89 354.41534 0.259506363889
90 354.41734 0.259589697222
91 354.419298334 0.259534141667
92 354.42134 0.259534141667
93 354.423381667 0.259561919444
94 354.425298334 0.259561919444
95 354.427298334 0.259534141667
96 354.429381667 0.259589697222
97 354.43134 0.259534141667
98 354.433298334 0.259589697222
99 354.43534 0.259617475
100 354.43734 0.259561919444
101 354.439256667 0.259645252778
102 354.412381667 0.257784141667
103 354.414340001 0.257756363889
104 354.416381667 0.257811919444
105 354.418381667 0.257867475
106 354.420340001 0.257867475
107 354.422340001 0.257811919444
108 354.424340001 0.257811919444
109 354.426298334 0.257867475
110 354.428381667 0.257811919444
111 354.430298334 0.257867475
112 354.432298334 0.257895252778
113 354.434381667 0.257839697222
114 354.436298334 0.257811919444
115 354.438381667 0.257839697222
116 354.440340001 0.257811919444
117 354.413340001 0.256117475
118 354.415340001 0.256089697222
119 354.417381668 0.256089697222
120 354.419340001 0.256061919444
121 354.421340001 0.256117475
122 354.423340001 0.256200808333
123 354.425298334 0.256173030556
124 354.427298334 0.256117475
125 354.429340001 0.256145252778
126 354.431340001 0.256173030556
127 354.433298334 0.256145252778
128 354.435340001 0.256173030556
129 354.437340001 0.256145252778
130 354.439298334 0.256145252778
131 354.412381668 0.254395252778
132 354.414381668 0.254395252778
133 354.416381668 0.254450808333
134 354.418381668 0.254367475
135 354.420381668 0.254367475
136 354.422340001 0.254423030556
137 354.424340001 0.254367475
138 354.426340001 0.254395252778
139 354.428381668 0.254395252778
140 354.430381668 0.254423030556
141 354.432381668 0.254450808333
142 354.434340001 0.254423030556
143 354.436340001 0.254423030556
144 354.438381668 0.254423030556
145 354.440340001 0.254450808333
146 354.413381668 0.252589697222
147 354.415340002 0.252617475
148 354.417340002 0.252645252778
149 354.419298335 0.252645252778
150 354.421381668 0.252673030556
151 354.423340002 0.252673030556
152 354.425340002 0.252645252778
153 354.427381668 0.252728586111
154 354.429340002 0.252700808333
155 354.431340002 0.252645252778
156 354.433340002 0.252645252778
157 354.435298335 0.252728586111
158 354.437256668 0.252700808333
159 354.439340002 0.252673030556
160 354.412340002 0.250950808333
161 354.414340002 0.250923030556
162 354.416381669 0.250923030556
163 354.418381669 0.250923030556
164 354.420381669 0.250923030556
165 354.422381669 0.250923030556
166 354.424381669 0.250923030556
167 354.426381669 0.250978586111
168 354.428381669 0.250978586111
169 354.430423335 0.251006363889
170 354.432298335 0.250950808333
171 354.434340002 0.250978586111
172 354.436340002 0.251006363889
173 354.438381669 0.250895252778
174 354.440381669 0.250923030556
175 354.413340002 0.249256363889
176 354.415340002 0.249256363889
177 354.417381669 0.249256363889
178 354.419381669 0.249173030556
179 354.421381669 0.249228586111
180 354.423381669 0.249311919444
181 354.425381669 0.249256363889
182 354.427381669 0.249284141667
183 354.429381669 0.249228586111
184 354.431340002 0.249284141667
185 354.433340002 0.249228586111
186 354.435340002 0.249284141667
187 354.437340002 0.249311919444
188 354.439298336 0.249284141667
189 354.412423336 0.247423030556
190 354.41438167 0.247450808333
191 354.416381669 0.247506363889
192 354.418381669 0.247478586111
193 354.420381669 0.247506363889
194 354.422340003 0.247506363889
195 354.424381669 0.247478586111
196 354.426381669 0.247534141667
197 354.428340003 0.247506363889
198 354.430381669 0.247506363889
199 354.432381669 0.247589697222
200 354.434381669 0.247506363889
201 354.436381669 0.247534141667
202 354.438298336 0.247506363889
203 354.440340003 0.247617475
204 354.413340003 0.245756363889
205 354.415340003 0.245728586111
206 354.417340003 0.245756363889
207 354.419340003 0.245756363889
208 354.421340003 0.245784141667
209 354.42338167 0.245784141667
210 354.42525667 0.245728586111
211 354.42738167 0.245700808333
212 354.429298337 0.245756363889
213 354.43138167 0.245784141667
214 354.43325667 0.245811919444
215 354.435340003 0.245811919444
216 354.43738167 0.245811919444
217 354.439340003 0.245784141667
218 354.41238167 0.244006363889
219 354.41438167 0.244006363889
220 354.416423337 0.244034141667
221 354.418340004 0.244034141667
222 354.42038167 0.244061919444
223 354.422340004 0.244034141667
224 354.424340004 0.244006363889
225 354.42638167 0.244061919444
226 354.428340004 0.244061919444
227 354.43038167 0.244034141667
228 354.432340004 0.244061919444
229 354.43438167 0.244117475
230 354.436340004 0.244117475
231 354.43838167 0.244061919444
232 354.440298337 0.244061919444
233 354.413340004 0.242311919444
234 354.415340004 0.242311919444
235 354.417381671 0.242395252778
236 354.419381671 0.242284141667
237 354.421423337 0.242395252778
238 354.423340004 0.242311919444
239 354.425298337 0.242339697222
240 354.427298337 0.242339697222
241 354.429340004 0.242311919444
242 354.431381671 0.242339697222
243 354.433423337 0.242367475
244 354.435340004 0.242367475
245 354.437340004 0.242395252778
246 354.439340004 0.242423030556
