1 354.412339998 0.270450808333
2 354.414298331 0.270395252778
3 354.416339998 0.270478586111
4 354.418339998 0.270478586111
5 354.420256665 0.270478586111
6 354.422339998 0.270423030556
7 354.424339998 0.270506363889
8 354.426298331 0.270395252778
9 354.428298331 0.270506363889
10 354.430339998 0.270478586111
11 354.432298331 0.270534141667
12 354.434298331 0.270534141667
13 354.436256665 0.270506363889
14 354.438256665 0.270478586111
15 354.411381665 0.268645252778
16 354.413298332 0.268700808333
17 354.415298332 0.268728586111
18 354.417256665 0.268784141667
19 354.419298332 0.268728586111
20 354.421339998 0.268700808333
21 354.423339998 0.268673030556
22 354.425298332 0.268673030556
23 354.427298332 0.268756363889
24 354.429214998 0.268756363889
25 354.431298332 0.268700808333
26 354.433298332 0.268756363889
27 354.435298332 0.268756363889
28 354.437339998 0.268728586111
29 354.439256665 0.268728586111
30 354.412339999 0.266978586111
31 354.414298332 0.267006363889
32 354.416298332 0.266923030556
33 354.418298332 0.267006363889
34 354.420298332 0.266950808333
35 354.422339999 0.266950808333
36 354.424298332 0.267061919444
37 354.426298332 0.267034141667
38 354.428298332 0.266950808333
39 354.430339999 0.267061919444
40 354.432339999 0.267006363889
41 354.434256665 0.266978586111
42 354.436339999 0.267006363889
43 354.438298332 0.267061919444
44 354.411298332 0.265228586111
45 354.413339999 0.265256363889
46 354.415298332 0.265228586111
47 354.417339999 0.265256363889
48 354.419339999 0.265284141667
49 354.421298332 0.265284141667
50 354.423339999 0.265228586111
51 354.425339999 0.265284141667
52 354.427339999 0.265256363889
53 354.429381666 0.265256363889
54 354.431339999 0.265284141667
55 354.433298332 0.265284141667
56 354.435298332 0.265256363889
57 354.437298332 0.265311919444
58 354.439339999 0.265256363889
59 354.412339999 0.263561919444
60 354.414339999 0.263561919444
61 354.416381666 0.263589697222
62 354.418339999 0.263534141667
63 354.420256666 0.263589697222
64 354.422298333 0.263534141667
65 354.424298333 0.263561919444
66 354.426298333 0.263589697222
67 354.428298333 0.263617475
68 354.430298333 0.263589697222
69 354.432381666 0.263617475
70 354.434339999 0.263589697222
71 354.436339999 0.263589697222
72 354.438339999 0.263589697222
73 354.41134 0.261839697222
74 354.413298333 0.261811919444
75 354.415298333 0.261811919444
76 354.41734 0.261811919444
77 354.419381667 0.261839697222
78 354.42134 0.261811919444
79 354.42334 0.261867475
80 354.425298333 0.261867475
81 354.42734 0.261867475
82 354.42934 0.261839697222
83 354.43134 0.261867475
84 354.43334 0.261784141667
85 354.435298333 0.261839697222
86 354.437298333 0.261867475
87 354.439298333 0.261895252778
88 354.41234 0.260061919444
89 354.414298334 0.260061919444
90 354.41634 0.260145252778
91 354.418298334 0.260089697222
92 354.420298334 0.260089697222
93 354.422381667 0.260117475
94 354.424298334 0.260117475
95 354.426298334 0.260061919444
96 354.42834 0.260145252778
97 354.43034 0.260089697222
98 354.432298334 0.260145252778
99 354.43434 0.260173030556
100 354.43634 0.260117475
101 354.438256667 0.260200808333
102 354.411381667 0.258339697222
103 354.413340001 0.258311919444
104 354.415381667 0.258367475
105 354.417340001 0.258423030556
106 354.419340001 0.258423030556
107 354.421340001 0.258367475
108 354.423340001 0.258367475
109 354.425298334 0.258423030556
110 354.427381667 0.258367475
111 354.429298334 0.258423030556
112 354.431256667 0.258450808333
113 354.433340001 0.258395252778
114 354.435256667 0.258367475
115 354.437381667 0.258395252778
116 354.439340001 0.258367475
117 354.412340001 0.256673030556
118 354.414340001 0.256645252778
119 354.416340001 0.256645252778
120 354.418298334 0.256617475
121 354.420340001 0.256673030556
122 354.422340001 0.256756363889
123 354.424298334 0.256728586111
124 354.426298334 0.256673030556
125 354.428340001 0.256700808333
126 354.430340001 0.256728586111
127 354.432298334 0.256700808333
128 354.434340001 0.256728586111
129 354.436340001 0.256700808333
130 354.438298334 0.256700808333
131 354.411381668 0.254950808333
132 354.413381668 0.254950808333
133 354.415381668 0.255006363889
134 354.417381668 0.254923030556
135 354.419381668 0.254923030556
136 354.421340001 0.254978586111
137 354.423340001 0.254923030556
138 354.425340001 0.254950808333
139 354.427381668 0.254950808333
140 354.429381668 0.254978586111
141 354.431381668 0.255006363889
142 354.433298335 0.254978586111
143 354.435340001 0.254978586111
144 354.437381668 0.254978586111
145 354.439298335 0.255006363889
146 354.412381668 0.253117475
147 354.414340002 0.253173030556
148 354.416298335 0.253200808333
149 354.418298335 0.253200808333
150 354.420381668 0.253228586111
151 354.422340002 0.253228586111
152 354.424340002 0.253173030556
153 354.426381668 0.253284141667
154 354.428340002 0.253256363889
155 354.430298335 0.253173030556
156 354.432298335 0.253200808333
157 354.434298335 0.253284141667
158 354.436256668 0.253256363889
159 354.438298335 0.253228586111
160 354.411340002 0.251506363889
161 354.413340002 0.251450808333
162 354.415381669 0.251478586111
163 354.417381669 0.251478586111
164 354.419381669 0.251478586111
165 354.421381669 0.251478586111
166 354.423381669 0.251478586111
167 354.425381669 0.251534141667
168 354.427340002 0.251534141667
169 354.429423335 0.251561919444
170 354.431298335 0.251506363889
171 354.433340002 0.251534141667
172 354.435340002 0.251561919444
173 354.437340002 0.251450808333
174 354.439381669 0.251478586111
175 354.412340002 0.249811919444
176 354.414298336 0.249811919444
177 354.416340002 0.249811919444
178 354.418340002 0.249728586111
179 354.420340002 0.249784141667
180 354.422381669 0.249839697222
181 354.424381669 0.249811919444
182 354.426381669 0.249839697222
183 354.428340002 0.249784141667
184 354.430298336 0.249839697222
185 354.432340002 0.249784141667
186 354.434340002 0.249839697222
187 354.436340002 0.249867475
188 354.438298336 0.249839697222
189 354.411423336 0.247978586111
190 354.413381669 0.248006363889
191 354.415381669 0.248061919444
192 354.417381669 0.248034141667
193 354.419381669 0.248061919444
194 354.421340003 0.248061919444
195 354.423340003 0.248034141667
196 354.425340003 0.248089697222
197 354.427340003 0.248061919444
198 354.429381669 0.248061919444
199 354.431381669 0.248145252778
200 354.433340003 0.248061919444
201 354.435381669 0.248089697222
202 354.437298336 0.248061919444
203 354.439340003 0.248173030556
204 354.412340003 0.246311919444
205 354.414340003 0.246284141667
206 354.416340003 0.246311919444
207 354.418340003 0.246311919444
208 354.420340003 0.246339697222
209 354.42238167 0.246339697222
210 354.42425667 0.246284141667
211 354.42638167 0.246256363889
212 354.428298336 0.246311919444
213 354.43038167 0.246339697222
214 354.43225667 0.246367475
215 354.434340003 0.246367475
216 354.43638167 0.246367475
217 354.438340003 0.246339697222
218 354.41138167 0.244561919444
219 354.41338167 0.244561919444
220 354.415423337 0.244561919444
221 354.417298337 0.244589697222
222 354.41938167 0.244589697222
223 354.421340003 0.244589697222
224 354.423340003 0.244561919444
225 354.42538167 0.244617475
226 354.427340003 0.244617475
227 354.42938167 0.244589697222
228 354.431340003 0.244617475
229 354.433340003 0.244673030556
230 354.435340003 0.244673030556
231 354.437340003 0.244617475
232 354.439298337 0.244617475
233 354.412298337 0.242867475
234 354.414298337 0.242867475
235 354.416340004 0.242950808333
236 354.41838167 0.242839697222
237 354.420423337 0.242950808333
238 354.422340004 0.242839697222
239 354.424298337 0.242895252778
240 354.426298337 0.242895252778
241 354.428340004 0.242867475
242 354.430340004 0.242895252778
243 354.43238167 0.242923030556
244 354.434340004 0.242923030556
245 354.436340004 0.242950808333
246 354.438340004 0.242978586111
